Sample no.,Theta sample,Prior action,Prior utility,Posterior action,Posterior utility
0,44,12,-115.28909842694712,6,-101.37216560238318
1,47,12,-119.89808312874094,6,-109.83570678670114
2,64,12,-151.74483656681207,12,-151.74483656681207
3,67,12,-158.37537046268577,12,-158.37537046268577
4,67,12,-158.37537046268577,12,-158.37537046268577
5,9,12,-83.95595306941537,1,-15.214321990937147
6,83,12,-198.854120452488,12,-198.854120452488
7,21,12,-90.03970135905276,3,-44.21475244382181
8,36,12,-104.48223209634578,6,-81.52441352950547
9,87,12,-210.3194161813455,12,-210.3194161813455
10,70,12,-165.30890638391594,12,-165.30890638391594
11,88,12,-213.26980172825859,12,-213.26980172825859
12,88,12,-213.26980172825859,12,-213.26980172825859
13,12,12,-85.02079284439587,1,-21.68888886194659
14,58,12,-139.39301515084207,12,-139.39301515084207
15,65,12,-153.92134393244743,12,-153.92134393244743
16,39,12,-108.28184885147208,6,-88.50324560744662
17,87,12,-210.3194161813455,12,-210.3194161813455
18,46,12,-118.32804051309115,6,-106.95269482704867
19,88,12,-213.26980172825859,12,-213.26980172825859
20,81,12,-193.3232515767758,12,-193.3232515767758
21,37,12,-105.71503806602566,6,-83.78879668536612
22,25,12,-93.14842757160632,3,-54.03884427687615
23,77,12,-182.66516071256729,12,-182.66516071256729
24,72,12,-170.09956846271837,12,-170.09956846271837
25,9,12,-83.95595306941537,1,-15.214321990937147
26,20,12,-89.34693764525149,3,-42.025104283182344
27,80,12,-190.60826966535672,12,-190.60826966535672
28,69,12,-162.96406455953235,12,-162.96406455953235
29,79,12,-187.92692573545764,12,-187.92692573545764
30,47,12,-119.89808312874094,6,-109.83570678670114
31,64,12,-151.74483656681207,12,-151.74483656681207
32,82,12,-196.07186924674602,12,-196.07186924674602
33,99,12,-247.94248729970576,20,-240.54785882360903
34,88,12,-213.26980172825859,12,-213.26980172825859
35,49,12,-123.13930036828388,6,-115.78718783779036
36,29,12,-96.79732089859871,3,-65.56666537455592
37,19,12,-88.68794552856191,3,-39.9420506223111
38,19,12,-88.68794552856191,3,-39.9420506223111
39,14,12,-85.8996369884651,1,-27.0303393518663
40,39,12,-108.28184885147208,6,-88.50324560744662
41,32,12,-99.88838970893231,6,-73.08599843278336
42,65,12,-153.92134393244743,12,-153.92134393244743
43,9,12,-83.95595306941537,1,-15.214321990937147
44,57,12,-137.45226948237894,12,-137.45226948237894
45,32,12,-99.88838970893231,6,-73.08599843278336
46,31,12,-98.82428562999917,6,-71.1312116538696
47,74,12,-175.02485362057575,12,-175.02485362057575
48,23,12,-91.52653465497364,3,-48.91374309468091
49,35,12,-103.28316204691019,6,-79.32193460441326
50,75,12,-177.53797429426584,12,-177.53797429426584
51,55,12,-133.67184780709107,12,-133.67184780709107
52,28,12,-95.83446470521845,3,-62.525063432602536
53,34,12,-102.11783014653936,6,-77.18136743158533
54,0,12,-82.58666666666669,1,-6.8822222222222225
55,0,12,-82.58666666666669,1,-6.8822222222222225
56,36,12,-104.48223209634578,6,-81.52441352950547
57,53,12,-130.0262005218131,6,-128.43176816621013
58,5,12,-83.00932314367421,1,-9.455237327983067
59,38,12,-106.98157772725399,6,-86.11507655130762
60,17,12,-87.4712850103148,3,-36.095815994462484
61,79,12,-187.92692573545764,12,-187.92692573545764
62,4,12,-82.85717276709248,1,-8.529172688515441
63,42,12,-112.38502871842148,6,-96.03901273050752
64,58,12,-139.39301515084207,12,-139.39301515084207
65,31,12,-98.82428562999917,6,-71.1312116538696
66,1,12,-82.6035744145978,1,-6.9851980409108565
67,65,12,-153.92134393244743,12,-153.92134393244743
68,41,12,-110.98357657528959,6,-93.46522121489485
69,57,12,-137.45226948237894,12,-137.45226948237894
70,35,12,-103.28316204691019,6,-79.32193460441326
71,11,12,-84.63205382862074,1,-19.32560286376086
72,46,12,-118.32804051309115,6,-106.95269482704867
73,82,12,-196.07186924674602,12,-196.07186924674602
74,91,12,-222.3226706914009,12,-222.3226706914009
75,0,12,-82.58666666666669,1,-6.8822222222222225
76,14,12,-85.8996369884651,1,-27.0303393518663
77,99,12,-247.94248729970576,20,-240.54785882360903
78,53,12,-130.0262005218131,6,-128.43176816621013
79,12,12,-85.02079284439587,1,-21.68888886194659
80,42,12,-112.38502871842148,6,-96.03901273050752
81,84,12,-201.67000297128635,12,-201.67000297128635
82,75,12,-177.53797429426584,12,-177.53797429426584
83,68,12,-160.6528851776278,12,-160.6528851776278
84,6,12,-83.19527859488348,1,-10.586867266464079
85,68,12,-160.6528851776278,12,-160.6528851776278
86,47,12,-119.89808312874094,6,-109.83570678670114
87,3,12,-82.73882969802135,1,-7.808756080935194
88,76,12,-180.08474406613544,12,-180.08474406613544
89,52,12,-128.2539228413562,6,-125.177939579655
90,78,12,-185.27922201012348,12,-185.27922201012348
91,15,12,-86.38973765322098,1,-30.008338880137654
92,20,12,-89.34693764525149,3,-42.025104283182344
93,99,12,-247.94248729970576,20,-240.54785882360903
94,58,12,-139.39301515084207,12,-139.39301515084207
95,23,12,-91.52653465497364,3,-48.91374309468091
96,79,12,-187.92692573545764,12,-187.92692573545764
97,13,12,-85.44332130828904,1,-24.257161856809045
98,85,12,-204.51951458063076,12,-204.51951458063076
99,48,12,-121.50183715622016,6,-112.7805402942011
100,49,12,-123.13930036828388,6,-115.78718783779036
101,69,12,-162.96406455953235,12,-162.96406455953235
102,41,12,-110.98357657528959,6,-93.46522121489485
103,35,12,-103.28316204691019,6,-79.32193460441326
104,64,12,-151.74483656681207,12,-151.74483656681207
105,95,12,-234.86374178545628,20,-232.40560631336535
106,69,12,-162.96406455953235,12,-162.96406455953235
107,94,12,-231.6780614823333,20,-230.42240386096492
108,0,12,-82.58666666666669,1,-6.8822222222222225
109,50,12,-124.81047053779731,6,-118.85564190652914
110,36,12,-104.48223209634578,6,-81.52441352950547
111,34,12,-102.11783014653936,6,-77.18136743158533
112,48,12,-121.50183715622016,6,-112.7805402942011
113,93,12,-228.5259880514485,20,-228.46014739973276
114,3,12,-82.73882969802135,1,-7.808756080935194
115,98,12,-244.6224017175923,20,-238.4808810119756
116,42,12,-112.38502871842148,6,-96.03901273050752
117,77,12,-182.66516071256729,12,-182.66516071256729
118,21,12,-90.03970135905276,3,-44.21475244382181
119,73,12,-172.54538426876832,12,-172.54538426876832
120,0,12,-82.58666666666669,1,-6.8822222222222225
121,10,12,-84.27710649292833,1,-17.167386388250772
122,43,12,-113.8202034116098,6,-98.67466336494121
123,58,12,-139.39301515084207,12,-139.39301515084207
124,23,12,-91.52653465497364,3,-48.91374309468091
125,59,12,-141.367447738551,12,-141.367447738551
126,2,12,-82.65429616947476,1,-7.294070267709967
127,98,12,-244.6224017175923,20,-238.4808810119756
128,62,12,-147.492844759646,12,-147.492844759646
129,35,12,-103.28316204691019,6,-79.32193460441326
130,94,12,-231.6780614823333,20,-230.42240386096492
131,67,12,-158.37537046268577,12,-158.37537046268577
132,82,12,-196.07186924674602,12,-196.07186924674602
133,46,12,-118.32804051309115,6,-106.95269482704867
134,99,12,-247.94248729970576,20,-240.54785882360903
135,20,12,-89.34693764525149,3,-42.025104283182344
136,81,12,-193.3232515767758,12,-193.3232515767758
137,50,12,-124.81047053779731,6,-118.85564190652914
138,27,12,-94.90536226632408,3,-59.5898777586643
139,14,12,-85.8996369884651,1,-27.0303393518663
140,41,12,-110.98357657528959,6,-93.46522121489485
141,58,12,-139.39301515084207,12,-139.39301515084207
142,65,12,-153.92134393244743,12,-153.92134393244743
143,36,12,-104.48223209634578,6,-81.52441352950547
144,10,12,-84.27710649292833,1,-17.167386388250772
145,86,12,-207.4026530580665,12,-207.4026530580665
146,43,12,-113.8202034116098,6,-98.67466336494121
147,11,12,-84.63205382862074,1,-19.32560286376086
148,2,12,-82.65429616947476,1,-7.294070267709967
149,51,12,-126.51534543777501,6,-121.9858949902555
150,80,12,-190.60826966535672,12,-190.60826966535672
151,32,12,-99.88838970893231,6,-73.08599843278336
152,54,12,-131.832176252549,6,-131.7473732422173
153,0,12,-82.58666666666669,1,-6.8822222222222225
154,38,12,-106.98157772725399,6,-86.11507655130762
155,19,12,-88.68794552856191,3,-39.9420506223111
156,46,12,-118.32804051309115,6,-106.95269482704867
157,42,12,-112.38502871842148,6,-96.03901273050752
158,56,12,-135.54521295910172,12,-135.54521295910172
159,60,12,-143.3755650196889,12,-143.3755650196889
160,77,12,-182.66516071256729,12,-182.66516071256729
161,30,12,-97.79392861672859,3,-68.71466132418306
162,24,12,-92.32059977591312,3,-51.42304101039932
163,2,12,-82.65429616947476,1,-7.294070267709967
164,3,12,-82.73882969802135,1,-7.808756080935194
165,94,12,-231.6780614823333,20,-230.42240386096492
166,98,12,-244.6224017175923,20,-238.4808810119756
167,13,12,-85.44332130828904,1,-24.257161856809045
168,40,12,-109.61584921025063,6,-90.95329633472858
169,72,12,-170.09956846271837,12,-170.09956846271837
170,19,12,-88.68794552856191,3,-39.9420506223111
171,95,12,-234.86374178545628,20,-232.40560631336535
172,72,12,-170.09956846271837,12,-170.09956846271837
173,26,12,-94.01001581178649,3,-56.76113061721671
174,66,12,-156.13152263937536,12,-156.13152263937536
175,52,12,-128.2539228413562,6,-125.177939579655
176,67,12,-158.37537046268577,12,-158.37537046268577
177,61,12,-145.41736476856974,12,-145.41736476856974
178,14,12,-85.8996369884651,1,-27.0303393518663
179,96,12,-238.08302673965238,20,-234.40975389635224
180,4,12,-82.85717276709248,1,-8.529172688515441
181,67,12,-158.37537046268577,12,-158.37537046268577
182,11,12,-84.63205382862074,1,-19.32560286376086
183,86,12,-207.4026530580665,12,-207.4026530580665
184,77,12,-182.66516071256729,12,-182.66516071256729
185,75,12,-177.53797429426584,12,-177.53797429426584
186,56,12,-135.54521295910172,12,-135.54521295910172
187,16,12,-86.91362107098472,1,-33.19107800413937
188,24,12,-92.32059977591312,3,-51.42304101039932
189,29,12,-96.79732089859871,3,-65.56666537455592
190,21,12,-90.03970135905276,3,-44.21475244382181
191,25,12,-93.14842757160632,3,-54.03884427687615
192,80,12,-190.60826966535672,12,-190.60826966535672
193,60,12,-143.3755650196889,12,-143.3755650196889
194,61,12,-145.41736476856974,12,-145.41736476856974
195,83,12,-198.854120452488,12,-198.854120452488
196,33,12,-100.9862386241835,6,-75.10271953333199
197,32,12,-99.88838970893231,6,-73.08599843278336
198,70,12,-165.30890638391594,12,-165.30890638391594
199,85,12,-204.51951458063076,12,-204.51951458063076
200,31,12,-98.82428562999917,6,-71.1312116538696
201,13,12,-85.44332130828904,1,-24.257161856809045
202,71,12,-167.68740842638795,12,-167.68740842638795
203,56,12,-135.54521295910172,12,-135.54521295910172
204,24,12,-92.32059977591312,3,-51.42304101039932
205,79,12,-187.92692573545764,12,-187.92692573545764
206,41,12,-110.98357657528959,6,-93.46522121489485
207,18,12,-88.0627272398999,3,-37.96561375881964
208,40,12,-109.61584921025063,6,-90.95329633472858
209,54,12,-131.832176252549,6,-131.7473732422173
210,79,12,-187.92692573545764,12,-187.92692573545764
211,11,12,-84.63205382862074,1,-19.32560286376086
212,38,12,-106.98157772725399,6,-86.11507655130762
213,93,12,-228.5259880514485,20,-228.46014739973276
214,1,12,-82.6035744145978,1,-6.9851980409108565
215,95,12,-234.86374178545628,20,-232.40560631336535
216,44,12,-115.28909842694712,6,-101.37216560238318
217,88,12,-213.26980172825859,12,-213.26980172825859
218,24,12,-92.32059977591312,3,-51.42304101039932
219,67,12,-158.37537046268577,12,-158.37537046268577
220,82,12,-196.07186924674602,12,-196.07186924674602
221,3,12,-82.73882969802135,1,-7.808756080935194
222,76,12,-180.08474406613544,12,-180.08474406613544
223,35,12,-103.28316204691019,6,-79.32193460441326
224,86,12,-207.4026530580665,12,-207.4026530580665
225,61,12,-145.41736476856974,12,-145.41736476856974
226,69,12,-162.96406455953235,12,-162.96406455953235
227,87,12,-210.3194161813455,12,-210.3194161813455
228,43,12,-113.8202034116098,6,-98.67466336494121
229,32,12,-99.88838970893231,6,-73.08599843278336
230,11,12,-84.63205382862074,1,-19.32560286376086
231,84,12,-201.67000297128635,12,-201.67000297128635
232,10,12,-84.27710649292833,1,-17.167386388250772
233,54,12,-131.832176252549,6,-131.7473732422173
234,37,12,-105.71503806602566,6,-83.78879668536612
235,28,12,-95.83446470521845,3,-62.525063432602536
236,2,12,-82.65429616947476,1,-7.294070267709967
237,27,12,-94.90536226632408,3,-59.5898777586643
238,83,12,-198.854120452488,12,-198.854120452488
239,89,12,-216.25380747683084,12,-216.25380747683084
240,23,12,-91.52653465497364,3,-48.91374309468091
241,53,12,-130.0262005218131,6,-128.43176816621013
242,51,12,-126.51534543777501,6,-121.9858949902555
243,46,12,-118.32804051309115,6,-106.95269482704867
244,20,12,-89.34693764525149,3,-42.025104283182344
245,53,12,-130.0262005218131,6,-128.43176816621013
246,29,12,-96.79732089859871,3,-65.56666537455592
247,67,12,-158.37537046268577,12,-158.37537046268577
248,35,12,-103.28316204691019,6,-79.32193460441326
249,39,12,-108.28184885147208,6,-88.50324560744662
250,9,12,-83.95595306941537,1,-15.214321990937147
251,73,12,-172.54538426876832,12,-172.54538426876832
252,41,12,-110.98357657528959,6,-93.46522121489485
253,23,12,-91.52653465497364,3,-48.91374309468091
254,3,12,-82.73882969802135,1,-7.808756080935194
255,46,12,-118.32804051309115,6,-106.95269482704867
256,90,12,-219.27143120512085,12,-219.27143120512085
257,50,12,-124.81047053779731,6,-118.85564190652914
258,3,12,-82.73882969802135,1,-7.808756080935194
259,31,12,-98.82428562999917,6,-71.1312116538696
260,9,12,-83.95595306941537,1,-15.214321990937147
261,10,12,-84.27710649292833,1,-17.167386388250772
262,27,12,-94.90536226632408,3,-59.5898777586643
263,45,12,-116.79171153665492,6,-104.13151192781399
264,71,12,-167.68740842638795,12,-167.68740842638795
265,39,12,-108.28184885147208,6,-88.50324560744662
266,61,12,-145.41736476856974,12,-145.41736476856974
267,85,12,-204.51951458063076,12,-204.51951458063076
268,97,12,-241.33591412399238,20,-236.43484574939123
269,44,12,-115.28909842694712,6,-101.37216560238318
270,34,12,-102.11783014653936,6,-77.18136743158533
271,34,12,-102.11783014653936,6,-77.18136743158533
272,88,12,-213.26980172825859,12,-213.26980172825859
273,33,12,-100.9862386241835,6,-75.10271953333199
274,5,12,-83.00932314367421,1,-9.455237327983067
275,36,12,-104.48223209634578,6,-81.52441352950547
276,0,12,-82.58666666666669,1,-6.8822222222222225
277,75,12,-177.53797429426584,12,-177.53797429426584
278,34,12,-102.11783014653936,6,-77.18136743158533
279,69,12,-162.96406455953235,12,-162.96406455953235
280,53,12,-130.0262005218131,6,-128.43176816621013
281,80,12,-190.60826966535672,12,-190.60826966535672
282,62,12,-147.492844759646,12,-147.492844759646
283,8,12,-83.66859579030925,1,-13.466492256876304
284,61,12,-145.41736476856974,12,-145.41736476856974
285,1,12,-82.6035744145978,1,-6.9851980409108565
286,81,12,-193.3232515767758,12,-193.3232515767758
287,35,12,-103.28316204691019,6,-79.32193460441326
288,91,12,-222.3226706914009,12,-222.3226706914009
289,40,12,-109.61584921025063,6,-90.95329633472858
290,36,12,-104.48223209634578,6,-81.52441352950547
291,48,12,-121.50183715622016,6,-112.7805402942011
292,25,12,-93.14842757160632,3,-54.03884427687615
293,67,12,-158.37537046268577,12,-158.37537046268577
294,35,12,-103.28316204691019,6,-79.32193460441326
295,30,12,-97.79392861672859,3,-68.71466132418306
296,29,12,-96.79732089859871,3,-65.56666537455592
297,33,12,-100.9862386241835,6,-75.10271953333199
298,18,12,-88.0627272398999,3,-37.96561375881964
299,17,12,-87.4712850103148,3,-36.095815994462484
300,93,12,-228.5259880514485,20,-228.46014739973276
301,84,12,-201.67000297128635,12,-201.67000297128635
302,2,12,-82.65429616947476,1,-7.294070267709967
303,69,12,-162.96406455953235,12,-162.96406455953235
304,12,12,-85.02079284439587,1,-21.68888886194659
305,44,12,-115.28909842694712,6,-101.37216560238318
306,66,12,-156.13152263937536,12,-156.13152263937536
307,91,12,-222.3226706914009,12,-222.3226706914009
308,85,12,-204.51951458063076,12,-204.51951458063076
309,39,12,-108.28184885147208,6,-88.50324560744662
310,39,12,-108.28184885147208,6,-88.50324560744662
311,75,12,-177.53797429426584,12,-177.53797429426584
312,22,12,-90.76623443917929,3,-46.51097281076241
313,30,12,-97.79392861672859,3,-68.71466132418306
314,17,12,-87.4712850103148,3,-36.095815994462484
315,70,12,-165.30890638391594,12,-165.30890638391594
316,71,12,-167.68740842638795,12,-167.68740842638795
317,18,12,-88.0627272398999,3,-37.96561375881964
318,92,12,-225.4075237139973,12,-225.4075237139973
319,43,12,-113.8202034116098,6,-98.67466336494121
320,83,12,-198.854120452488,12,-198.854120452488
321,49,12,-123.13930036828388,6,-115.78718783779036
322,41,12,-110.98357657528959,6,-93.46522121489485
323,93,12,-228.5259880514485,20,-228.46014739973276
324,46,12,-118.32804051309115,6,-106.95269482704867
325,21,12,-90.03970135905276,3,-44.21475244382181
326,73,12,-172.54538426876832,12,-172.54538426876832
327,89,12,-216.25380747683084,12,-216.25380747683084
328,96,12,-238.08302673965238,20,-234.40975389635224
329,91,12,-222.3226706914009,12,-222.3226706914009
330,73,12,-172.54538426876832,12,-172.54538426876832
331,28,12,-95.83446470521845,3,-62.525063432602536
332,81,12,-193.3232515767758,12,-193.3232515767758
333,58,12,-139.39301515084207,12,-139.39301515084207
334,0,12,-82.58666666666669,1,-6.8822222222222225
335,86,12,-207.4026530580665,12,-207.4026530580665
336,63,12,-149.60200276748782,12,-149.60200276748782
337,16,12,-86.91362107098472,1,-33.19107800413937
338,36,12,-104.48223209634578,6,-81.52441352950547
339,94,12,-231.6780614823333,20,-230.42240386096492
340,24,12,-92.32059977591312,3,-51.42304101039932
341,63,12,-149.60200276748782,12,-149.60200276748782
342,67,12,-158.37537046268577,12,-158.37537046268577
343,51,12,-126.51534543777501,6,-121.9858949902555
344,8,12,-83.66859579030925,1,-13.466492256876304
345,56,12,-135.54521295910172,12,-135.54521295910172
346,91,12,-222.3226706914009,12,-222.3226706914009
347,93,12,-228.5259880514485,20,-228.46014739973276
348,87,12,-210.3194161813455,12,-210.3194161813455
349,32,12,-99.88838970893231,6,-73.08599843278336
350,19,12,-88.68794552856191,3,-39.9420506223111
351,72,12,-170.09956846271837,12,-170.09956846271837
352,71,12,-167.68740842638795,12,-167.68740842638795
353,87,12,-210.3194161813455,12,-210.3194161813455
354,13,12,-85.44332130828904,1,-24.257161856809045
355,58,12,-139.39301515084207,12,-139.39301515084207
356,81,12,-193.3232515767758,12,-193.3232515767758
357,55,12,-133.67184780709107,12,-133.67184780709107
358,64,12,-151.74483656681207,12,-151.74483656681207
359,75,12,-177.53797429426584,12,-177.53797429426584
360,92,12,-225.4075237139973,12,-225.4075237139973
361,36,12,-104.48223209634578,6,-81.52441352950547
362,25,12,-93.14842757160632,3,-54.03884427687615
363,32,12,-99.88838970893231,6,-73.08599843278336
364,42,12,-112.38502871842148,6,-96.03901273050752
365,14,12,-85.8996369884651,1,-27.0303393518663
366,86,12,-207.4026530580665,12,-207.4026530580665
367,28,12,-95.83446470521845,3,-62.525063432602536
368,20,12,-89.34693764525149,3,-42.025104283182344
369,82,12,-196.07186924674602,12,-196.07186924674602
370,68,12,-160.6528851776278,12,-160.6528851776278
371,22,12,-90.76623443917929,3,-46.51097281076241
372,99,12,-247.94248729970576,20,-240.54785882360903
373,83,12,-198.854120452488,12,-198.854120452488
374,7,12,-83.41503688796908,1,-11.923979800667436
375,72,12,-170.09956846271837,12,-170.09956846271837
376,61,12,-145.41736476856974,12,-145.41736476856974
377,13,12,-85.44332130828904,1,-24.257161856809045
378,5,12,-83.00932314367421,1,-9.455237327983067
379,0,12,-82.58666666666669,1,-6.8822222222222225
380,8,12,-83.66859579030925,1,-13.466492256876304
381,79,12,-187.92692573545764,12,-187.92692573545764
382,79,12,-187.92692573545764,12,-187.92692573545764
383,53,12,-130.0262005218131,6,-128.43176816621013
384,11,12,-84.63205382862074,1,-19.32560286376086
385,4,12,-82.85717276709248,1,-8.529172688515441
386,39,12,-108.28184885147208,6,-88.50324560744662
387,92,12,-225.4075237139973,12,-225.4075237139973
388,45,12,-116.79171153665492,6,-104.13151192781399
389,26,12,-94.01001581178649,3,-56.76113061721671
390,74,12,-175.02485362057575,12,-175.02485362057575
391,52,12,-128.2539228413562,6,-125.177939579655
392,49,12,-123.13930036828388,6,-115.78718783779036
393,91,12,-222.3226706914009,12,-222.3226706914009
394,51,12,-126.51534543777501,6,-121.9858949902555
395,99,12,-247.94248729970576,20,-240.54785882360903
396,18,12,-88.0627272398999,3,-37.96561375881964
397,34,12,-102.11783014653936,6,-77.18136743158533
398,51,12,-126.51534543777501,6,-121.9858949902555
399,30,12,-97.79392861672859,3,-68.71466132418306
400,53,12,-130.0262005218131,6,-128.43176816621013
401,58,12,-139.39301515084207,12,-139.39301515084207
402,43,12,-113.8202034116098,6,-98.67466336494121
403,55,12,-133.67184780709107,12,-133.67184780709107
404,18,12,-88.0627272398999,3,-37.96561375881964
405,45,12,-116.79171153665492,6,-104.13151192781399
406,87,12,-210.3194161813455,12,-210.3194161813455
407,65,12,-153.92134393244743,12,-153.92134393244743
408,70,12,-165.30890638391594,12,-165.30890638391594
409,53,12,-130.0262005218131,6,-128.43176816621013
410,48,12,-121.50183715622016,6,-112.7805402942011
411,94,12,-231.6780614823333,20,-230.42240386096492
412,59,12,-141.367447738551,12,-141.367447738551
413,80,12,-190.60826966535672,12,-190.60826966535672
414,26,12,-94.01001581178649,3,-56.76113061721671
415,35,12,-103.28316204691019,6,-79.32193460441326
416,58,12,-139.39301515084207,12,-139.39301515084207
417,49,12,-123.13930036828388,6,-115.78718783779036
418,73,12,-172.54538426876832,12,-172.54538426876832
419,44,12,-115.28909842694712,6,-101.37216560238318
420,13,12,-85.44332130828904,1,-24.257161856809045
421,70,12,-165.30890638391594,12,-165.30890638391594
422,38,12,-106.98157772725399,6,-86.11507655130762
423,39,12,-108.28184885147208,6,-88.50324560744662
424,8,12,-83.66859579030925,1,-13.466492256876304
425,13,12,-85.44332130828904,1,-24.257161856809045
426,7,12,-83.41503688796908,1,-11.923979800667436
427,80,12,-190.60826966535672,12,-190.60826966535672
428,22,12,-90.76623443917929,3,-46.51097281076241
429,79,12,-187.92692573545764,12,-187.92692573545764
430,89,12,-216.25380747683084,12,-216.25380747683084
431,8,12,-83.66859579030925,1,-13.466492256876304
432,99,12,-247.94248729970576,20,-240.54785882360903
433,6,12,-83.19527859488348,1,-10.586867266464079
434,81,12,-193.3232515767758,12,-193.3232515767758
435,71,12,-167.68740842638795,12,-167.68740842638795
436,84,12,-201.67000297128635,12,-201.67000297128635
437,89,12,-216.25380747683084,12,-216.25380747683084
438,66,12,-156.13152263937536,12,-156.13152263937536
439,60,12,-143.3755650196889,12,-143.3755650196889
440,16,12,-86.91362107098472,1,-33.19107800413937
441,56,12,-135.54521295910172,12,-135.54521295910172
442,23,12,-91.52653465497364,3,-48.91374309468091
443,24,12,-92.32059977591312,3,-51.42304101039932
444,4,12,-82.85717276709248,1,-8.529172688515441
445,49,12,-123.13930036828388,6,-115.78718783779036
446,87,12,-210.3194161813455,12,-210.3194161813455
447,30,12,-97.79392861672859,3,-68.71466132418306
448,54,12,-131.832176252549,6,-131.7473732422173
449,25,12,-93.14842757160632,3,-54.03884427687615
450,20,12,-89.34693764525149,3,-42.025104283182344
451,97,12,-241.33591412399238,20,-236.43484574939123
452,57,12,-137.45226948237894,12,-137.45226948237894
453,23,12,-91.52653465497364,3,-48.91374309468091
454,27,12,-94.90536226632408,3,-59.5898777586643
455,29,12,-96.79732089859871,3,-65.56666537455592
456,33,12,-100.9862386241835,6,-75.10271953333199
457,53,12,-130.0262005218131,6,-128.43176816621013
458,51,12,-126.51534543777501,6,-121.9858949902555
459,86,12,-207.4026530580665,12,-207.4026530580665
460,7,12,-83.41503688796908,1,-11.923979800667436
461,9,12,-83.95595306941537,1,-15.214321990937147
462,54,12,-131.832176252549,6,-131.7473732422173
463,0,12,-82.58666666666669,1,-6.8822222222222225
464,83,12,-198.854120452488,12,-198.854120452488
465,36,12,-104.48223209634578,6,-81.52441352950547
466,81,12,-193.3232515767758,12,-193.3232515767758
467,20,12,-89.34693764525149,3,-42.025104283182344
468,3,12,-82.73882969802135,1,-7.808756080935194
469,42,12,-112.38502871842148,6,-96.03901273050752
470,65,12,-153.92134393244743,12,-153.92134393244743
471,20,12,-89.34693764525149,3,-42.025104283182344
472,36,12,-104.48223209634578,6,-81.52441352950547
473,68,12,-160.6528851776278,12,-160.6528851776278
474,80,12,-190.60826966535672,12,-190.60826966535672
475,47,12,-119.89808312874094,6,-109.83570678670114
476,10,12,-84.27710649292833,1,-17.167386388250772
477,94,12,-231.6780614823333,20,-230.42240386096492
478,91,12,-222.3226706914009,12,-222.3226706914009
479,43,12,-113.8202034116098,6,-98.67466336494121
480,63,12,-149.60200276748782,12,-149.60200276748782
481,31,12,-98.82428562999917,6,-71.1312116538696
482,20,12,-89.34693764525149,3,-42.025104283182344
483,70,12,-165.30890638391594,12,-165.30890638391594
484,9,12,-83.95595306941537,1,-15.214321990937147
485,60,12,-143.3755650196889,12,-143.3755650196889
486,91,12,-222.3226706914009,12,-222.3226706914009
487,35,12,-103.28316204691019,6,-79.32193460441326
488,83,12,-198.854120452488,12,-198.854120452488
489,76,12,-180.08474406613544,12,-180.08474406613544
490,18,12,-88.0627272398999,3,-37.96561375881964
491,74,12,-175.02485362057575,12,-175.02485362057575
492,98,12,-244.6224017175923,20,-238.4808810119756
493,97,12,-241.33591412399238,20,-236.43484574939123
494,43,12,-113.8202034116098,6,-98.67466336494121
495,3,12,-82.73882969802135,1,-7.808756080935194
496,12,12,-85.02079284439587,1,-21.68888886194659
497,58,12,-139.39301515084207,12,-139.39301515084207
498,1,12,-82.6035744145978,1,-6.9851980409108565
499,0,12,-82.58666666666669,1,-6.8822222222222225
500,39,12,-108.28184885147208,6,-88.50324560744662
501,24,12,-92.32059977591312,3,-51.42304101039932
502,58,12,-139.39301515084207,12,-139.39301515084207
503,36,12,-104.48223209634578,6,-81.52441352950547
504,99,12,-247.94248729970576,20,-240.54785882360903
505,69,12,-162.96406455953235,12,-162.96406455953235
506,6,12,-83.19527859488348,1,-10.586867266464079
507,3,12,-82.73882969802135,1,-7.808756080935194
508,98,12,-244.6224017175923,20,-238.4808810119756
509,40,12,-109.61584921025063,6,-90.95329633472858
510,60,12,-143.3755650196889,12,-143.3755650196889
511,33,12,-100.9862386241835,6,-75.10271953333199
512,28,12,-95.83446470521845,3,-62.525063432602536
513,68,12,-160.6528851776278,12,-160.6528851776278
514,26,12,-94.01001581178649,3,-56.76113061721671
515,96,12,-238.08302673965238,20,-234.40975389635224
516,51,12,-126.51534543777501,6,-121.9858949902555
517,73,12,-172.54538426876832,12,-172.54538426876832
518,53,12,-130.0262005218131,6,-128.43176816621013
519,69,12,-162.96406455953235,12,-162.96406455953235
520,33,12,-100.9862386241835,6,-75.10271953333199
521,7,12,-83.41503688796908,1,-11.923979800667436
522,94,12,-231.6780614823333,20,-230.42240386096492
523,72,12,-170.09956846271837,12,-170.09956846271837
524,84,12,-201.67000297128635,12,-201.67000297128635
525,7,12,-83.41503688796908,1,-11.923979800667436
526,67,12,-158.37537046268577,12,-158.37537046268577
527,85,12,-204.51951458063076,12,-204.51951458063076
528,91,12,-222.3226706914009,12,-222.3226706914009
529,67,12,-158.37537046268577,12,-158.37537046268577
530,84,12,-201.67000297128635,12,-201.67000297128635
531,71,12,-167.68740842638795,12,-167.68740842638795
532,83,12,-198.854120452488,12,-198.854120452488
533,95,12,-234.86374178545628,20,-232.40560631336535
534,0,12,-82.58666666666669,1,-6.8822222222222225
535,5,12,-83.00932314367421,1,-9.455237327983067
536,91,12,-222.3226706914009,12,-222.3226706914009
537,30,12,-97.79392861672859,3,-68.71466132418306
538,73,12,-172.54538426876832,12,-172.54538426876832
539,83,12,-198.854120452488,12,-198.854120452488
540,7,12,-83.41503688796908,1,-11.923979800667436
541,21,12,-90.03970135905276,3,-44.21475244382181
542,92,12,-225.4075237139973,12,-225.4075237139973
543,8,12,-83.66859579030925,1,-13.466492256876304
544,43,12,-113.8202034116098,6,-98.67466336494121
545,46,12,-118.32804051309115,6,-106.95269482704867
546,0,12,-82.58666666666669,1,-6.8822222222222225
547,51,12,-126.51534543777501,6,-121.9858949902555
548,38,12,-106.98157772725399,6,-86.11507655130762
549,89,12,-216.25380747683084,12,-216.25380747683084
550,74,12,-175.02485362057575,12,-175.02485362057575
551,98,12,-244.6224017175923,20,-238.4808810119756
552,87,12,-210.3194161813455,12,-210.3194161813455
553,96,12,-238.08302673965238,20,-234.40975389635224
554,83,12,-198.854120452488,12,-198.854120452488
555,26,12,-94.01001581178649,3,-56.76113061721671
556,78,12,-185.27922201012348,12,-185.27922201012348
557,32,12,-99.88838970893231,6,-73.08599843278336
558,70,12,-165.30890638391594,12,-165.30890638391594
559,97,12,-241.33591412399238,20,-236.43484574939123
560,44,12,-115.28909842694712,6,-101.37216560238318
561,59,12,-141.367447738551,12,-141.367447738551
562,57,12,-137.45226948237894,12,-137.45226948237894
563,50,12,-124.81047053779731,6,-118.85564190652914
564,45,12,-116.79171153665492,6,-104.13151192781399
565,4,12,-82.85717276709248,1,-8.529172688515441
566,57,12,-137.45226948237894,12,-137.45226948237894
567,93,12,-228.5259880514485,20,-228.46014739973276
568,91,12,-222.3226706914009,12,-222.3226706914009
569,17,12,-87.4712850103148,3,-36.095815994462484
570,35,12,-103.28316204691019,6,-79.32193460441326
571,66,12,-156.13152263937536,12,-156.13152263937536
572,20,12,-89.34693764525149,3,-42.025104283182344
573,45,12,-116.79171153665492,6,-104.13151192781399
574,57,12,-137.45226948237894,12,-137.45226948237894
575,79,12,-187.92692573545764,12,-187.92692573545764
576,36,12,-104.48223209634578,6,-81.52441352950547
577,62,12,-147.492844759646,12,-147.492844759646
578,4,12,-82.85717276709248,1,-8.529172688515441
579,77,12,-182.66516071256729,12,-182.66516071256729
580,30,12,-97.79392861672859,3,-68.71466132418306
581,87,12,-210.3194161813455,12,-210.3194161813455
582,98,12,-244.6224017175923,20,-238.4808810119756
583,35,12,-103.28316204691019,6,-79.32193460441326
584,73,12,-172.54538426876832,12,-172.54538426876832
585,90,12,-219.27143120512085,12,-219.27143120512085
586,55,12,-133.67184780709107,12,-133.67184780709107
587,26,12,-94.01001581178649,3,-56.76113061721671
588,22,12,-90.76623443917929,3,-46.51097281076241
589,76,12,-180.08474406613544,12,-180.08474406613544
590,79,12,-187.92692573545764,12,-187.92692573545764
591,98,12,-244.6224017175923,20,-238.4808810119756
592,90,12,-219.27143120512085,12,-219.27143120512085
593,51,12,-126.51534543777501,6,-121.9858949902555
594,46,12,-118.32804051309115,6,-106.95269482704867
595,80,12,-190.60826966535672,12,-190.60826966535672
596,61,12,-145.41736476856974,12,-145.41736476856974
597,60,12,-143.3755650196889,12,-143.3755650196889
598,47,12,-119.89808312874094,6,-109.83570678670114
599,0,12,-82.58666666666669,1,-6.8822222222222225
600,10,12,-84.27710649292833,1,-17.167386388250772
601,75,12,-177.53797429426584,12,-177.53797429426584
602,13,12,-85.44332130828904,1,-24.257161856809045
603,71,12,-167.68740842638795,12,-167.68740842638795
604,94,12,-231.6780614823333,20,-230.42240386096492
605,6,12,-83.19527859488348,1,-10.586867266464079
606,45,12,-116.79171153665492,6,-104.13151192781399
607,30,12,-97.79392861672859,3,-68.71466132418306
608,15,12,-86.38973765322098,1,-30.008338880137654
609,41,12,-110.98357657528959,6,-93.46522121489485
610,38,12,-106.98157772725399,6,-86.11507655130762
611,53,12,-130.0262005218131,6,-128.43176816621013
612,43,12,-113.8202034116098,6,-98.67466336494121
613,82,12,-196.07186924674602,12,-196.07186924674602
614,7,12,-83.41503688796908,1,-11.923979800667436
615,92,12,-225.4075237139973,12,-225.4075237139973
616,65,12,-153.92134393244743,12,-153.92134393244743
617,41,12,-110.98357657528959,6,-93.46522121489485
618,66,12,-156.13152263937536,12,-156.13152263937536
619,92,12,-225.4075237139973,12,-225.4075237139973
620,78,12,-185.27922201012348,12,-185.27922201012348
621,91,12,-222.3226706914009,12,-222.3226706914009
622,31,12,-98.82428562999917,6,-71.1312116538696
623,93,12,-228.5259880514485,20,-228.46014739973276
624,50,12,-124.81047053779731,6,-118.85564190652914
625,46,12,-118.32804051309115,6,-106.95269482704867
626,93,12,-228.5259880514485,20,-228.46014739973276
627,33,12,-100.9862386241835,6,-75.10271953333199
628,12,12,-85.02079284439587,1,-21.68888886194659
629,96,12,-238.08302673965238,20,-234.40975389635224
630,80,12,-190.60826966535672,12,-190.60826966535672
631,66,12,-156.13152263937536,12,-156.13152263937536
632,72,12,-170.09956846271837,12,-170.09956846271837
633,10,12,-84.27710649292833,1,-17.167386388250772
634,90,12,-219.27143120512085,12,-219.27143120512085
635,27,12,-94.90536226632408,3,-59.5898777586643
636,56,12,-135.54521295910172,12,-135.54521295910172
637,65,12,-153.92134393244743,12,-153.92134393244743
638,64,12,-151.74483656681207,12,-151.74483656681207
639,69,12,-162.96406455953235,12,-162.96406455953235
640,88,12,-213.26980172825859,12,-213.26980172825859
641,34,12,-102.11783014653936,6,-77.18136743158533
642,79,12,-187.92692573545764,12,-187.92692573545764
643,3,12,-82.73882969802135,1,-7.808756080935194
644,60,12,-143.3755650196889,12,-143.3755650196889
645,37,12,-105.71503806602566,6,-83.78879668536612
646,43,12,-113.8202034116098,6,-98.67466336494121
647,83,12,-198.854120452488,12,-198.854120452488
648,88,12,-213.26980172825859,12,-213.26980172825859
649,70,12,-165.30890638391594,12,-165.30890638391594
650,20,12,-89.34693764525149,3,-42.025104283182344
651,6,12,-83.19527859488348,1,-10.586867266464079
652,28,12,-95.83446470521845,3,-62.525063432602536
653,6,12,-83.19527859488348,1,-10.586867266464079
654,66,12,-156.13152263937536,12,-156.13152263937536
655,92,12,-225.4075237139973,12,-225.4075237139973
656,92,12,-225.4075237139973,12,-225.4075237139973
657,69,12,-162.96406455953235,12,-162.96406455953235
658,73,12,-172.54538426876832,12,-172.54538426876832
659,54,12,-131.832176252549,6,-131.7473732422173
660,77,12,-182.66516071256729,12,-182.66516071256729
661,21,12,-90.03970135905276,3,-44.21475244382181
662,31,12,-98.82428562999917,6,-71.1312116538696
663,81,12,-193.3232515767758,12,-193.3232515767758
664,35,12,-103.28316204691019,6,-79.32193460441326
665,8,12,-83.66859579030925,1,-13.466492256876304
666,25,12,-93.14842757160632,3,-54.03884427687615
667,21,12,-90.03970135905276,3,-44.21475244382181
668,45,12,-116.79171153665492,6,-104.13151192781399
669,86,12,-207.4026530580665,12,-207.4026530580665
670,16,12,-86.91362107098472,1,-33.19107800413937
671,25,12,-93.14842757160632,3,-54.03884427687615
672,37,12,-105.71503806602566,6,-83.78879668536612
673,1,12,-82.6035744145978,1,-6.9851980409108565
674,5,12,-83.00932314367421,1,-9.455237327983067
675,70,12,-165.30890638391594,12,-165.30890638391594
676,12,12,-85.02079284439587,1,-21.68888886194659
677,90,12,-219.27143120512085,12,-219.27143120512085
678,74,12,-175.02485362057575,12,-175.02485362057575
679,54,12,-131.832176252549,6,-131.7473732422173
680,78,12,-185.27922201012348,12,-185.27922201012348
681,62,12,-147.492844759646,12,-147.492844759646
682,72,12,-170.09956846271837,12,-170.09956846271837
683,71,12,-167.68740842638795,12,-167.68740842638795
684,45,12,-116.79171153665492,6,-104.13151192781399
685,5,12,-83.00932314367421,1,-9.455237327983067
686,47,12,-119.89808312874094,6,-109.83570678670114
687,59,12,-141.367447738551,12,-141.367447738551
688,42,12,-112.38502871842148,6,-96.03901273050752
689,67,12,-158.37537046268577,12,-158.37537046268577
690,10,12,-84.27710649292833,1,-17.167386388250772
691,57,12,-137.45226948237894,12,-137.45226948237894
692,91,12,-222.3226706914009,12,-222.3226706914009
693,89,12,-216.25380747683084,12,-216.25380747683084
694,3,12,-82.73882969802135,1,-7.808756080935194
695,78,12,-185.27922201012348,12,-185.27922201012348
696,82,12,-196.07186924674602,12,-196.07186924674602
697,69,12,-162.96406455953235,12,-162.96406455953235
698,58,12,-139.39301515084207,12,-139.39301515084207
699,4,12,-82.85717276709248,1,-8.529172688515441
700,17,12,-87.4712850103148,3,-36.095815994462484
701,69,12,-162.96406455953235,12,-162.96406455953235
702,63,12,-149.60200276748782,12,-149.60200276748782
703,94,12,-231.6780614823333,20,-230.42240386096492
704,24,12,-92.32059977591312,3,-51.42304101039932
705,3,12,-82.73882969802135,1,-7.808756080935194
706,69,12,-162.96406455953235,12,-162.96406455953235
707,40,12,-109.61584921025063,6,-90.95329633472858
708,36,12,-104.48223209634578,6,-81.52441352950547
709,58,12,-139.39301515084207,12,-139.39301515084207
710,49,12,-123.13930036828388,6,-115.78718783779036
711,55,12,-133.67184780709107,12,-133.67184780709107
712,24,12,-92.32059977591312,3,-51.42304101039932
713,33,12,-100.9862386241835,6,-75.10271953333199
714,18,12,-88.0627272398999,3,-37.96561375881964
715,97,12,-241.33591412399238,20,-236.43484574939123
716,78,12,-185.27922201012348,12,-185.27922201012348
717,7,12,-83.41503688796908,1,-11.923979800667436
718,53,12,-130.0262005218131,6,-128.43176816621013
719,46,12,-118.32804051309115,6,-106.95269482704867
720,33,12,-100.9862386241835,6,-75.10271953333199
721,81,12,-193.3232515767758,12,-193.3232515767758
722,29,12,-96.79732089859871,3,-65.56666537455592
723,12,12,-85.02079284439587,1,-21.68888886194659
724,46,12,-118.32804051309115,6,-106.95269482704867
725,32,12,-99.88838970893231,6,-73.08599843278336
726,34,12,-102.11783014653936,6,-77.18136743158533
727,87,12,-210.3194161813455,12,-210.3194161813455
728,25,12,-93.14842757160632,3,-54.03884427687615
729,46,12,-118.32804051309115,6,-106.95269482704867
730,52,12,-128.2539228413562,6,-125.177939579655
731,64,12,-151.74483656681207,12,-151.74483656681207
732,76,12,-180.08474406613544,12,-180.08474406613544
733,73,12,-172.54538426876832,12,-172.54538426876832
734,18,12,-88.0627272398999,3,-37.96561375881964
735,4,12,-82.85717276709248,1,-8.529172688515441
736,7,12,-83.41503688796908,1,-11.923979800667436
737,3,12,-82.73882969802135,1,-7.808756080935194
738,48,12,-121.50183715622016,6,-112.7805402942011
739,76,12,-180.08474406613544,12,-180.08474406613544
740,37,12,-105.71503806602566,6,-83.78879668536612
741,48,12,-121.50183715622016,6,-112.7805402942011
742,82,12,-196.07186924674602,12,-196.07186924674602
743,51,12,-126.51534543777501,6,-121.9858949902555
744,49,12,-123.13930036828388,6,-115.78718783779036
745,71,12,-167.68740842638795,12,-167.68740842638795
746,90,12,-219.27143120512085,12,-219.27143120512085
747,49,12,-123.13930036828388,6,-115.78718783779036
748,29,12,-96.79732089859871,3,-65.56666537455592
749,3,12,-82.73882969802135,1,-7.808756080935194
750,74,12,-175.02485362057575,12,-175.02485362057575
751,84,12,-201.67000297128635,12,-201.67000297128635
752,65,12,-153.92134393244743,12,-153.92134393244743
753,20,12,-89.34693764525149,3,-42.025104283182344
754,80,12,-190.60826966535672,12,-190.60826966535672
755,42,12,-112.38502871842148,6,-96.03901273050752
756,28,12,-95.83446470521845,3,-62.525063432602536
757,26,12,-94.01001581178649,3,-56.76113061721671
758,87,12,-210.3194161813455,12,-210.3194161813455
759,52,12,-128.2539228413562,6,-125.177939579655
760,48,12,-121.50183715622016,6,-112.7805402942011
761,66,12,-156.13152263937536,12,-156.13152263937536
762,9,12,-83.95595306941537,1,-15.214321990937147
763,2,12,-82.65429616947476,1,-7.294070267709967
764,89,12,-216.25380747683084,12,-216.25380747683084
765,90,12,-219.27143120512085,12,-219.27143120512085
766,68,12,-160.6528851776278,12,-160.6528851776278
767,10,12,-84.27710649292833,1,-17.167386388250772
768,12,12,-85.02079284439587,1,-21.68888886194659
769,97,12,-241.33591412399238,20,-236.43484574939123
770,37,12,-105.71503806602566,6,-83.78879668536612
771,39,12,-108.28184885147208,6,-88.50324560744662
772,32,12,-99.88838970893231,6,-73.08599843278336
773,33,12,-100.9862386241835,6,-75.10271953333199
774,26,12,-94.01001581178649,3,-56.76113061721671
775,99,12,-247.94248729970576,20,-240.54785882360903
776,89,12,-216.25380747683084,12,-216.25380747683084
777,50,12,-124.81047053779731,6,-118.85564190652914
778,88,12,-213.26980172825859,12,-213.26980172825859
779,82,12,-196.07186924674602,12,-196.07186924674602
780,20,12,-89.34693764525149,3,-42.025104283182344
781,94,12,-231.6780614823333,20,-230.42240386096492
782,28,12,-95.83446470521845,3,-62.525063432602536
783,72,12,-170.09956846271837,12,-170.09956846271837
784,18,12,-88.0627272398999,3,-37.96561375881964
785,25,12,-93.14842757160632,3,-54.03884427687615
786,24,12,-92.32059977591312,3,-51.42304101039932
787,39,12,-108.28184885147208,6,-88.50324560744662
788,28,12,-95.83446470521845,3,-62.525063432602536
789,24,12,-92.32059977591312,3,-51.42304101039932
790,18,12,-88.0627272398999,3,-37.96561375881964
791,67,12,-158.37537046268577,12,-158.37537046268577
792,44,12,-115.28909842694712,6,-101.37216560238318
793,83,12,-198.854120452488,12,-198.854120452488
794,45,12,-116.79171153665492,6,-104.13151192781399
795,54,12,-131.832176252549,6,-131.7473732422173
796,0,12,-82.58666666666669,1,-6.8822222222222225
797,10,12,-84.27710649292833,1,-17.167386388250772
798,67,12,-158.37537046268577,12,-158.37537046268577
799,6,12,-83.19527859488348,1,-10.586867266464079
800,91,12,-222.3226706914009,12,-222.3226706914009
801,99,12,-247.94248729970576,20,-240.54785882360903
802,57,12,-137.45226948237894,12,-137.45226948237894
803,70,12,-165.30890638391594,12,-165.30890638391594
804,19,12,-88.68794552856191,3,-39.9420506223111
805,34,12,-102.11783014653936,6,-77.18136743158533
806,50,12,-124.81047053779731,6,-118.85564190652914
807,20,12,-89.34693764525149,3,-42.025104283182344
808,43,12,-113.8202034116098,6,-98.67466336494121
809,0,12,-82.58666666666669,1,-6.8822222222222225
810,66,12,-156.13152263937536,12,-156.13152263937536
811,97,12,-241.33591412399238,20,-236.43484574939123
812,12,12,-85.02079284439587,1,-21.68888886194659
813,15,12,-86.38973765322098,1,-30.008338880137654
814,33,12,-100.9862386241835,6,-75.10271953333199
815,23,12,-91.52653465497364,3,-48.91374309468091
816,12,12,-85.02079284439587,1,-21.68888886194659
817,5,12,-83.00932314367421,1,-9.455237327983067
818,38,12,-106.98157772725399,6,-86.11507655130762
819,1,12,-82.6035744145978,1,-6.9851980409108565
820,10,12,-84.27710649292833,1,-17.167386388250772
821,6,12,-83.19527859488348,1,-10.586867266464079
822,6,12,-83.19527859488348,1,-10.586867266464079
823,38,12,-106.98157772725399,6,-86.11507655130762
824,75,12,-177.53797429426584,12,-177.53797429426584
825,85,12,-204.51951458063076,12,-204.51951458063076
826,50,12,-124.81047053779731,6,-118.85564190652914
827,51,12,-126.51534543777501,6,-121.9858949902555
828,2,12,-82.65429616947476,1,-7.294070267709967
829,76,12,-180.08474406613544,12,-180.08474406613544
830,29,12,-96.79732089859871,3,-65.56666537455592
831,9,12,-83.95595306941537,1,-15.214321990937147
832,72,12,-170.09956846271837,12,-170.09956846271837
833,5,12,-83.00932314367421,1,-9.455237327983067
834,53,12,-130.0262005218131,6,-128.43176816621013
835,65,12,-153.92134393244743,12,-153.92134393244743
836,43,12,-113.8202034116098,6,-98.67466336494121
837,79,12,-187.92692573545764,12,-187.92692573545764
838,62,12,-147.492844759646,12,-147.492844759646
839,76,12,-180.08474406613544,12,-180.08474406613544
840,47,12,-119.89808312874094,6,-109.83570678670114
841,76,12,-180.08474406613544,12,-180.08474406613544
842,21,12,-90.03970135905276,3,-44.21475244382181
843,18,12,-88.0627272398999,3,-37.96561375881964
844,89,12,-216.25380747683084,12,-216.25380747683084
845,13,12,-85.44332130828904,1,-24.257161856809045
846,94,12,-231.6780614823333,20,-230.42240386096492
847,92,12,-225.4075237139973,12,-225.4075237139973
848,85,12,-204.51951458063076,12,-204.51951458063076
849,6,12,-83.19527859488348,1,-10.586867266464079
850,48,12,-121.50183715622016,6,-112.7805402942011
851,40,12,-109.61584921025063,6,-90.95329633472858
852,26,12,-94.01001581178649,3,-56.76113061721671
853,30,12,-97.79392861672859,3,-68.71466132418306
854,5,12,-83.00932314367421,1,-9.455237327983067
855,15,12,-86.38973765322098,1,-30.008338880137654
856,63,12,-149.60200276748782,12,-149.60200276748782
857,37,12,-105.71503806602566,6,-83.78879668536612
858,59,12,-141.367447738551,12,-141.367447738551
859,95,12,-234.86374178545628,20,-232.40560631336535
860,96,12,-238.08302673965238,20,-234.40975389635224
861,80,12,-190.60826966535672,12,-190.60826966535672
862,32,12,-99.88838970893231,6,-73.08599843278336
863,62,12,-147.492844759646,12,-147.492844759646
864,10,12,-84.27710649292833,1,-17.167386388250772
865,12,12,-85.02079284439587,1,-21.68888886194659
866,93,12,-228.5259880514485,20,-228.46014739973276
867,64,12,-151.74483656681207,12,-151.74483656681207
868,29,12,-96.79732089859871,3,-65.56666537455592
869,90,12,-219.27143120512085,12,-219.27143120512085
870,22,12,-90.76623443917929,3,-46.51097281076241
871,19,12,-88.68794552856191,3,-39.9420506223111
872,5,12,-83.00932314367421,1,-9.455237327983067
873,36,12,-104.48223209634578,6,-81.52441352950547
874,83,12,-198.854120452488,12,-198.854120452488
875,5,12,-83.00932314367421,1,-9.455237327983067
876,92,12,-225.4075237139973,12,-225.4075237139973
877,76,12,-180.08474406613544,12,-180.08474406613544
878,26,12,-94.01001581178649,3,-56.76113061721671
879,83,12,-198.854120452488,12,-198.854120452488
880,12,12,-85.02079284439587,1,-21.68888886194659
881,7,12,-83.41503688796908,1,-11.923979800667436
882,52,12,-128.2539228413562,6,-125.177939579655
883,80,12,-190.60826966535672,12,-190.60826966535672
884,29,12,-96.79732089859871,3,-65.56666537455592
885,0,12,-82.58666666666669,1,-6.8822222222222225
886,87,12,-210.3194161813455,12,-210.3194161813455
887,79,12,-187.92692573545764,12,-187.92692573545764
888,74,12,-175.02485362057575,12,-175.02485362057575
889,3,12,-82.73882969802135,1,-7.808756080935194
890,61,12,-145.41736476856974,12,-145.41736476856974
891,67,12,-158.37537046268577,12,-158.37537046268577
892,16,12,-86.91362107098472,1,-33.19107800413937
893,73,12,-172.54538426876832,12,-172.54538426876832
894,84,12,-201.67000297128635,12,-201.67000297128635
895,56,12,-135.54521295910172,12,-135.54521295910172
896,62,12,-147.492844759646,12,-147.492844759646
897,56,12,-135.54521295910172,12,-135.54521295910172
898,48,12,-121.50183715622016,6,-112.7805402942011
899,17,12,-87.4712850103148,3,-36.095815994462484
900,57,12,-137.45226948237894,12,-137.45226948237894
901,9,12,-83.95595306941537,1,-15.214321990937147
902,62,12,-147.492844759646,12,-147.492844759646
903,79,12,-187.92692573545764,12,-187.92692573545764
904,78,12,-185.27922201012348,12,-185.27922201012348
905,33,12,-100.9862386241835,6,-75.10271953333199
906,4,12,-82.85717276709248,1,-8.529172688515441
907,16,12,-86.91362107098472,1,-33.19107800413937
908,71,12,-167.68740842638795,12,-167.68740842638795
909,62,12,-147.492844759646,12,-147.492844759646
910,23,12,-91.52653465497364,3,-48.91374309468091
911,91,12,-222.3226706914009,12,-222.3226706914009
912,7,12,-83.41503688796908,1,-11.923979800667436
913,22,12,-90.76623443917929,3,-46.51097281076241
914,98,12,-244.6224017175923,20,-238.4808810119756
915,30,12,-97.79392861672859,3,-68.71466132418306
916,80,12,-190.60826966535672,12,-190.60826966535672
917,27,12,-94.90536226632408,3,-59.5898777586643
918,47,12,-119.89808312874094,6,-109.83570678670114
919,11,12,-84.63205382862074,1,-19.32560286376086
920,87,12,-210.3194161813455,12,-210.3194161813455
921,78,12,-185.27922201012348,12,-185.27922201012348
922,30,12,-97.79392861672859,3,-68.71466132418306
923,90,12,-219.27143120512085,12,-219.27143120512085
924,34,12,-102.11783014653936,6,-77.18136743158533
925,54,12,-131.832176252549,6,-131.7473732422173
926,81,12,-193.3232515767758,12,-193.3232515767758
927,35,12,-103.28316204691019,6,-79.32193460441326
928,71,12,-167.68740842638795,12,-167.68740842638795
929,59,12,-141.367447738551,12,-141.367447738551
930,37,12,-105.71503806602566,6,-83.78879668536612
931,68,12,-160.6528851776278,12,-160.6528851776278
932,53,12,-130.0262005218131,6,-128.43176816621013
933,13,12,-85.44332130828904,1,-24.257161856809045
934,19,12,-88.68794552856191,3,-39.9420506223111
935,8,12,-83.66859579030925,1,-13.466492256876304
936,96,12,-238.08302673965238,20,-234.40975389635224
937,81,12,-193.3232515767758,12,-193.3232515767758
938,69,12,-162.96406455953235,12,-162.96406455953235
939,1,12,-82.6035744145978,1,-6.9851980409108565
940,29,12,-96.79732089859871,3,-65.56666537455592
941,5,12,-83.00932314367421,1,-9.455237327983067
942,80,12,-190.60826966535672,12,-190.60826966535672
943,40,12,-109.61584921025063,6,-90.95329633472858
944,22,12,-90.76623443917929,3,-46.51097281076241
945,30,12,-97.79392861672859,3,-68.71466132418306
946,19,12,-88.68794552856191,3,-39.9420506223111
947,4,12,-82.85717276709248,1,-8.529172688515441
948,20,12,-89.34693764525149,3,-42.025104283182344
949,74,12,-175.02485362057575,12,-175.02485362057575
950,67,12,-158.37537046268577,12,-158.37537046268577
951,86,12,-207.4026530580665,12,-207.4026530580665
952,60,12,-143.3755650196889,12,-143.3755650196889
953,93,12,-228.5259880514485,20,-228.46014739973276
954,41,12,-110.98357657528959,6,-93.46522121489485
955,40,12,-109.61584921025063,6,-90.95329633472858
956,60,12,-143.3755650196889,12,-143.3755650196889
957,81,12,-193.3232515767758,12,-193.3232515767758
958,51,12,-126.51534543777501,6,-121.9858949902555
959,40,12,-109.61584921025063,6,-90.95329633472858
960,59,12,-141.367447738551,12,-141.367447738551
961,94,12,-231.6780614823333,20,-230.42240386096492
962,29,12,-96.79732089859871,3,-65.56666537455592
963,97,12,-241.33591412399238,20,-236.43484574939123
964,94,12,-231.6780614823333,20,-230.42240386096492
965,37,12,-105.71503806602566,6,-83.78879668536612
966,88,12,-213.26980172825859,12,-213.26980172825859
967,16,12,-86.91362107098472,1,-33.19107800413937
968,99,12,-247.94248729970576,20,-240.54785882360903
969,39,12,-108.28184885147208,6,-88.50324560744662
970,29,12,-96.79732089859871,3,-65.56666537455592
971,65,12,-153.92134393244743,12,-153.92134393244743
972,23,12,-91.52653465497364,3,-48.91374309468091
973,72,12,-170.09956846271837,12,-170.09956846271837
974,0,12,-82.58666666666669,1,-6.8822222222222225
975,87,12,-210.3194161813455,12,-210.3194161813455
976,37,12,-105.71503806602566,6,-83.78879668536612
977,63,12,-149.60200276748782,12,-149.60200276748782
978,26,12,-94.01001581178649,3,-56.76113061721671
979,89,12,-216.25380747683084,12,-216.25380747683084
980,89,12,-216.25380747683084,12,-216.25380747683084
981,6,12,-83.19527859488348,1,-10.586867266464079
982,88,12,-213.26980172825859,12,-213.26980172825859
983,79,12,-187.92692573545764,12,-187.92692573545764
984,41,12,-110.98357657528959,6,-93.46522121489485
985,17,12,-87.4712850103148,3,-36.095815994462484
986,80,12,-190.60826966535672,12,-190.60826966535672
987,43,12,-113.8202034116098,6,-98.67466336494121
988,69,12,-162.96406455953235,12,-162.96406455953235
989,19,12,-88.68794552856191,3,-39.9420506223111
990,22,12,-90.76623443917929,3,-46.51097281076241
991,11,12,-84.63205382862074,1,-19.32560286376086
992,11,12,-84.63205382862074,1,-19.32560286376086
993,33,12,-100.9862386241835,6,-75.10271953333199
994,7,12,-83.41503688796908,1,-11.923979800667436
995,26,12,-94.01001581178649,3,-56.76113061721671
996,48,12,-121.50183715622016,6,-112.7805402942011
997,71,12,-167.68740842638795,12,-167.68740842638795
998,54,12,-131.832176252549,6,-131.7473732422173
999,96,12,-238.08302673965238,20,-234.40975389635224
1000,82,12,-196.07186924674602,12,-196.07186924674602
1001,87,12,-210.3194161813455,12,-210.3194161813455
1002,21,12,-90.03970135905276,3,-44.21475244382181
1003,2,12,-82.65429616947476,1,-7.294070267709967
1004,8,12,-83.66859579030925,1,-13.466492256876304
1005,10,12,-84.27710649292833,1,-17.167386388250772
1006,5,12,-83.00932314367421,1,-9.455237327983067
1007,38,12,-106.98157772725399,6,-86.11507655130762
1008,38,12,-106.98157772725399,6,-86.11507655130762
1009,65,12,-153.92134393244743,12,-153.92134393244743
1010,59,12,-141.367447738551,12,-141.367447738551
1011,36,12,-104.48223209634578,6,-81.52441352950547
1012,5,12,-83.00932314367421,1,-9.455237327983067
1013,5,12,-83.00932314367421,1,-9.455237327983067
1014,38,12,-106.98157772725399,6,-86.11507655130762
1015,35,12,-103.28316204691019,6,-79.32193460441326
1016,88,12,-213.26980172825859,12,-213.26980172825859
1017,49,12,-123.13930036828388,6,-115.78718783779036
1018,79,12,-187.92692573545764,12,-187.92692573545764
1019,84,12,-201.67000297128635,12,-201.67000297128635
1020,9,12,-83.95595306941537,1,-15.214321990937147
1021,4,12,-82.85717276709248,1,-8.529172688515441
1022,49,12,-123.13930036828388,6,-115.78718783779036
1023,24,12,-92.32059977591312,3,-51.42304101039932
1024,94,12,-231.6780614823333,20,-230.42240386096492
1025,2,12,-82.65429616947476,1,-7.294070267709967
1026,83,12,-198.854120452488,12,-198.854120452488
1027,3,12,-82.73882969802135,1,-7.808756080935194
1028,77,12,-182.66516071256729,12,-182.66516071256729
1029,11,12,-84.63205382862074,1,-19.32560286376086
1030,13,12,-85.44332130828904,1,-24.257161856809045
1031,81,12,-193.3232515767758,12,-193.3232515767758
1032,26,12,-94.01001581178649,3,-56.76113061721671
1033,70,12,-165.30890638391594,12,-165.30890638391594
1034,47,12,-119.89808312874094,6,-109.83570678670114
1035,98,12,-244.6224017175923,20,-238.4808810119756
1036,21,12,-90.03970135905276,3,-44.21475244382181
1037,20,12,-89.34693764525149,3,-42.025104283182344
1038,42,12,-112.38502871842148,6,-96.03901273050752
1039,57,12,-137.45226948237894,12,-137.45226948237894
1040,17,12,-87.4712850103148,3,-36.095815994462484
1041,89,12,-216.25380747683084,12,-216.25380747683084
1042,85,12,-204.51951458063076,12,-204.51951458063076
1043,55,12,-133.67184780709107,12,-133.67184780709107
1044,68,12,-160.6528851776278,12,-160.6528851776278
1045,98,12,-244.6224017175923,20,-238.4808810119756
1046,11,12,-84.63205382862074,1,-19.32560286376086
1047,98,12,-244.6224017175923,20,-238.4808810119756
1048,97,12,-241.33591412399238,20,-236.43484574939123
1049,19,12,-88.68794552856191,3,-39.9420506223111
1050,11,12,-84.63205382862074,1,-19.32560286376086
1051,97,12,-241.33591412399238,20,-236.43484574939123
1052,25,12,-93.14842757160632,3,-54.03884427687615
1053,97,12,-241.33591412399238,20,-236.43484574939123
1054,95,12,-234.86374178545628,20,-232.40560631336535
1055,45,12,-116.79171153665492,6,-104.13151192781399
1056,6,12,-83.19527859488348,1,-10.586867266464079
1057,89,12,-216.25380747683084,12,-216.25380747683084
1058,88,12,-213.26980172825859,12,-213.26980172825859
1059,38,12,-106.98157772725399,6,-86.11507655130762
1060,51,12,-126.51534543777501,6,-121.9858949902555
1061,16,12,-86.91362107098472,1,-33.19107800413937
1062,23,12,-91.52653465497364,3,-48.91374309468091
1063,90,12,-219.27143120512085,12,-219.27143120512085
1064,3,12,-82.73882969802135,1,-7.808756080935194
1065,90,12,-219.27143120512085,12,-219.27143120512085
1066,46,12,-118.32804051309115,6,-106.95269482704867
1067,29,12,-96.79732089859871,3,-65.56666537455592
1068,2,12,-82.65429616947476,1,-7.294070267709967
1069,5,12,-83.00932314367421,1,-9.455237327983067
1070,71,12,-167.68740842638795,12,-167.68740842638795
1071,15,12,-86.38973765322098,1,-30.008338880137654
1072,78,12,-185.27922201012348,12,-185.27922201012348
1073,35,12,-103.28316204691019,6,-79.32193460441326
1074,52,12,-128.2539228413562,6,-125.177939579655
1075,7,12,-83.41503688796908,1,-11.923979800667436
1076,51,12,-126.51534543777501,6,-121.9858949902555
1077,51,12,-126.51534543777501,6,-121.9858949902555
1078,29,12,-96.79732089859871,3,-65.56666537455592
1079,55,12,-133.67184780709107,12,-133.67184780709107
1080,11,12,-84.63205382862074,1,-19.32560286376086
1081,67,12,-158.37537046268577,12,-158.37537046268577
1082,77,12,-182.66516071256729,12,-182.66516071256729
1083,55,12,-133.67184780709107,12,-133.67184780709107
1084,88,12,-213.26980172825859,12,-213.26980172825859
1085,68,12,-160.6528851776278,12,-160.6528851776278
1086,86,12,-207.4026530580665,12,-207.4026530580665
1087,57,12,-137.45226948237894,12,-137.45226948237894
1088,93,12,-228.5259880514485,20,-228.46014739973276
1089,11,12,-84.63205382862074,1,-19.32560286376086
1090,78,12,-185.27922201012348,12,-185.27922201012348
1091,82,12,-196.07186924674602,12,-196.07186924674602
1092,89,12,-216.25380747683084,12,-216.25380747683084
1093,3,12,-82.73882969802135,1,-7.808756080935194
1094,37,12,-105.71503806602566,6,-83.78879668536612
1095,7,12,-83.41503688796908,1,-11.923979800667436
1096,29,12,-96.79732089859871,3,-65.56666537455592
1097,78,12,-185.27922201012348,12,-185.27922201012348
1098,11,12,-84.63205382862074,1,-19.32560286376086
1099,73,12,-172.54538426876832,12,-172.54538426876832
1100,11,12,-84.63205382862074,1,-19.32560286376086
1101,16,12,-86.91362107098472,1,-33.19107800413937
1102,60,12,-143.3755650196889,12,-143.3755650196889
1103,63,12,-149.60200276748782,12,-149.60200276748782
1104,59,12,-141.367447738551,12,-141.367447738551
1105,1,12,-82.6035744145978,1,-6.9851980409108565
1106,18,12,-88.0627272398999,3,-37.96561375881964
1107,53,12,-130.0262005218131,6,-128.43176816621013
1108,28,12,-95.83446470521845,3,-62.525063432602536
1109,64,12,-151.74483656681207,12,-151.74483656681207
1110,85,12,-204.51951458063076,12,-204.51951458063076
1111,88,12,-213.26980172825859,12,-213.26980172825859
1112,73,12,-172.54538426876832,12,-172.54538426876832
1113,8,12,-83.66859579030925,1,-13.466492256876304
1114,82,12,-196.07186924674602,12,-196.07186924674602
1115,11,12,-84.63205382862074,1,-19.32560286376086
1116,92,12,-225.4075237139973,12,-225.4075237139973
1117,51,12,-126.51534543777501,6,-121.9858949902555
1118,81,12,-193.3232515767758,12,-193.3232515767758
1119,55,12,-133.67184780709107,12,-133.67184780709107
1120,15,12,-86.38973765322098,1,-30.008338880137654
1121,3,12,-82.73882969802135,1,-7.808756080935194
1122,88,12,-213.26980172825859,12,-213.26980172825859
1123,85,12,-204.51951458063076,12,-204.51951458063076
1124,28,12,-95.83446470521845,3,-62.525063432602536
1125,58,12,-139.39301515084207,12,-139.39301515084207
1126,85,12,-204.51951458063076,12,-204.51951458063076
1127,78,12,-185.27922201012348,12,-185.27922201012348
1128,65,12,-153.92134393244743,12,-153.92134393244743
1129,76,12,-180.08474406613544,12,-180.08474406613544
1130,11,12,-84.63205382862074,1,-19.32560286376086
1131,25,12,-93.14842757160632,3,-54.03884427687615
1132,11,12,-84.63205382862074,1,-19.32560286376086
1133,90,12,-219.27143120512085,12,-219.27143120512085
1134,34,12,-102.11783014653936,6,-77.18136743158533
1135,1,12,-82.6035744145978,1,-6.9851980409108565
1136,16,12,-86.91362107098472,1,-33.19107800413937
1137,1,12,-82.6035744145978,1,-6.9851980409108565
1138,16,12,-86.91362107098472,1,-33.19107800413937
1139,33,12,-100.9862386241835,6,-75.10271953333199
1140,33,12,-100.9862386241835,6,-75.10271953333199
1141,44,12,-115.28909842694712,6,-101.37216560238318
1142,40,12,-109.61584921025063,6,-90.95329633472858
1143,72,12,-170.09956846271837,12,-170.09956846271837
1144,77,12,-182.66516071256729,12,-182.66516071256729
1145,83,12,-198.854120452488,12,-198.854120452488
1146,32,12,-99.88838970893231,6,-73.08599843278336
1147,23,12,-91.52653465497364,3,-48.91374309468091
1148,68,12,-160.6528851776278,12,-160.6528851776278
1149,31,12,-98.82428562999917,6,-71.1312116538696
1150,22,12,-90.76623443917929,3,-46.51097281076241
1151,64,12,-151.74483656681207,12,-151.74483656681207
1152,31,12,-98.82428562999917,6,-71.1312116538696
1153,79,12,-187.92692573545764,12,-187.92692573545764
1154,83,12,-198.854120452488,12,-198.854120452488
1155,15,12,-86.38973765322098,1,-30.008338880137654
1156,51,12,-126.51534543777501,6,-121.9858949902555
1157,12,12,-85.02079284439587,1,-21.68888886194659
1158,45,12,-116.79171153665492,6,-104.13151192781399
1159,10,12,-84.27710649292833,1,-17.167386388250772
1160,80,12,-190.60826966535672,12,-190.60826966535672
1161,70,12,-165.30890638391594,12,-165.30890638391594
1162,21,12,-90.03970135905276,3,-44.21475244382181
1163,94,12,-231.6780614823333,20,-230.42240386096492
1164,67,12,-158.37537046268577,12,-158.37537046268577
1165,80,12,-190.60826966535672,12,-190.60826966535672
1166,64,12,-151.74483656681207,12,-151.74483656681207
1167,1,12,-82.6035744145978,1,-6.9851980409108565
1168,50,12,-124.81047053779731,6,-118.85564190652914
1169,96,12,-238.08302673965238,20,-234.40975389635224
1170,82,12,-196.07186924674602,12,-196.07186924674602
1171,82,12,-196.07186924674602,12,-196.07186924674602
1172,57,12,-137.45226948237894,12,-137.45226948237894
1173,22,12,-90.76623443917929,3,-46.51097281076241
1174,15,12,-86.38973765322098,1,-30.008338880137654
1175,15,12,-86.38973765322098,1,-30.008338880137654
1176,28,12,-95.83446470521845,3,-62.525063432602536
1177,71,12,-167.68740842638795,12,-167.68740842638795
1178,27,12,-94.90536226632408,3,-59.5898777586643
1179,88,12,-213.26980172825859,12,-213.26980172825859
1180,57,12,-137.45226948237894,12,-137.45226948237894
1181,58,12,-139.39301515084207,12,-139.39301515084207
1182,88,12,-213.26980172825859,12,-213.26980172825859
1183,76,12,-180.08474406613544,12,-180.08474406613544
1184,13,12,-85.44332130828904,1,-24.257161856809045
1185,18,12,-88.0627272398999,3,-37.96561375881964
1186,78,12,-185.27922201012348,12,-185.27922201012348
1187,78,12,-185.27922201012348,12,-185.27922201012348
1188,20,12,-89.34693764525149,3,-42.025104283182344
1189,71,12,-167.68740842638795,12,-167.68740842638795
1190,55,12,-133.67184780709107,12,-133.67184780709107
1191,44,12,-115.28909842694712,6,-101.37216560238318
1192,91,12,-222.3226706914009,12,-222.3226706914009
1193,44,12,-115.28909842694712,6,-101.37216560238318
1194,15,12,-86.38973765322098,1,-30.008338880137654
1195,87,12,-210.3194161813455,12,-210.3194161813455
1196,75,12,-177.53797429426584,12,-177.53797429426584
1197,77,12,-182.66516071256729,12,-182.66516071256729
1198,29,12,-96.79732089859871,3,-65.56666537455592
1199,95,12,-234.86374178545628,20,-232.40560631336535
1200,82,12,-196.07186924674602,12,-196.07186924674602
1201,4,12,-82.85717276709248,1,-8.529172688515441
1202,28,12,-95.83446470521845,3,-62.525063432602536
1203,65,12,-153.92134393244743,12,-153.92134393244743
1204,49,12,-123.13930036828388,6,-115.78718783779036
1205,49,12,-123.13930036828388,6,-115.78718783779036
1206,87,12,-210.3194161813455,12,-210.3194161813455
1207,57,12,-137.45226948237894,12,-137.45226948237894
1208,80,12,-190.60826966535672,12,-190.60826966535672
1209,41,12,-110.98357657528959,6,-93.46522121489485
1210,90,12,-219.27143120512085,12,-219.27143120512085
1211,66,12,-156.13152263937536,12,-156.13152263937536
1212,47,12,-119.89808312874094,6,-109.83570678670114
1213,17,12,-87.4712850103148,3,-36.095815994462484
1214,20,12,-89.34693764525149,3,-42.025104283182344
1215,38,12,-106.98157772725399,6,-86.11507655130762
1216,64,12,-151.74483656681207,12,-151.74483656681207
1217,6,12,-83.19527859488348,1,-10.586867266464079
1218,22,12,-90.76623443917929,3,-46.51097281076241
1219,79,12,-187.92692573545764,12,-187.92692573545764
1220,74,12,-175.02485362057575,12,-175.02485362057575
1221,34,12,-102.11783014653936,6,-77.18136743158533
1222,40,12,-109.61584921025063,6,-90.95329633472858
1223,38,12,-106.98157772725399,6,-86.11507655130762
1224,21,12,-90.03970135905276,3,-44.21475244382181
1225,34,12,-102.11783014653936,6,-77.18136743158533
1226,32,12,-99.88838970893231,6,-73.08599843278336
1227,42,12,-112.38502871842148,6,-96.03901273050752
1228,44,12,-115.28909842694712,6,-101.37216560238318
1229,99,12,-247.94248729970576,20,-240.54785882360903
1230,41,12,-110.98357657528959,6,-93.46522121489485
1231,27,12,-94.90536226632408,3,-59.5898777586643
1232,48,12,-121.50183715622016,6,-112.7805402942011
1233,10,12,-84.27710649292833,1,-17.167386388250772
1234,68,12,-160.6528851776278,12,-160.6528851776278
1235,17,12,-87.4712850103148,3,-36.095815994462484
1236,3,12,-82.73882969802135,1,-7.808756080935194
1237,94,12,-231.6780614823333,20,-230.42240386096492
1238,87,12,-210.3194161813455,12,-210.3194161813455
1239,29,12,-96.79732089859871,3,-65.56666537455592
1240,30,12,-97.79392861672859,3,-68.71466132418306
1241,75,12,-177.53797429426584,12,-177.53797429426584
1242,66,12,-156.13152263937536,12,-156.13152263937536
1243,93,12,-228.5259880514485,20,-228.46014739973276
1244,60,12,-143.3755650196889,12,-143.3755650196889
1245,7,12,-83.41503688796908,1,-11.923979800667436
1246,51,12,-126.51534543777501,6,-121.9858949902555
1247,73,12,-172.54538426876832,12,-172.54538426876832
1248,87,12,-210.3194161813455,12,-210.3194161813455
1249,64,12,-151.74483656681207,12,-151.74483656681207
1250,17,12,-87.4712850103148,3,-36.095815994462484
1251,40,12,-109.61584921025063,6,-90.95329633472858
1252,21,12,-90.03970135905276,3,-44.21475244382181
1253,94,12,-231.6780614823333,20,-230.42240386096492
1254,26,12,-94.01001581178649,3,-56.76113061721671
1255,15,12,-86.38973765322098,1,-30.008338880137654
1256,17,12,-87.4712850103148,3,-36.095815994462484
1257,10,12,-84.27710649292833,1,-17.167386388250772
1258,17,12,-87.4712850103148,3,-36.095815994462484
1259,3,12,-82.73882969802135,1,-7.808756080935194
1260,73,12,-172.54538426876832,12,-172.54538426876832
1261,29,12,-96.79732089859871,3,-65.56666537455592
1262,67,12,-158.37537046268577,12,-158.37537046268577
1263,71,12,-167.68740842638795,12,-167.68740842638795
1264,80,12,-190.60826966535672,12,-190.60826966535672
1265,98,12,-244.6224017175923,20,-238.4808810119756
1266,4,12,-82.85717276709248,1,-8.529172688515441
1267,61,12,-145.41736476856974,12,-145.41736476856974
1268,90,12,-219.27143120512085,12,-219.27143120512085
1269,6,12,-83.19527859488348,1,-10.586867266464079
1270,32,12,-99.88838970893231,6,-73.08599843278336
1271,81,12,-193.3232515767758,12,-193.3232515767758
1272,37,12,-105.71503806602566,6,-83.78879668536612
1273,27,12,-94.90536226632408,3,-59.5898777586643
1274,51,12,-126.51534543777501,6,-121.9858949902555
1275,78,12,-185.27922201012348,12,-185.27922201012348
1276,59,12,-141.367447738551,12,-141.367447738551
1277,86,12,-207.4026530580665,12,-207.4026530580665
1278,95,12,-234.86374178545628,20,-232.40560631336535
1279,8,12,-83.66859579030925,1,-13.466492256876304
1280,56,12,-135.54521295910172,12,-135.54521295910172
1281,29,12,-96.79732089859871,3,-65.56666537455592
1282,28,12,-95.83446470521845,3,-62.525063432602536
1283,95,12,-234.86374178545628,20,-232.40560631336535
1284,34,12,-102.11783014653936,6,-77.18136743158533
1285,58,12,-139.39301515084207,12,-139.39301515084207
1286,81,12,-193.3232515767758,12,-193.3232515767758
1287,92,12,-225.4075237139973,12,-225.4075237139973
1288,16,12,-86.91362107098472,1,-33.19107800413937
1289,72,12,-170.09956846271837,12,-170.09956846271837
1290,59,12,-141.367447738551,12,-141.367447738551
1291,7,12,-83.41503688796908,1,-11.923979800667436
1292,12,12,-85.02079284439587,1,-21.68888886194659
1293,32,12,-99.88838970893231,6,-73.08599843278336
1294,84,12,-201.67000297128635,12,-201.67000297128635
1295,75,12,-177.53797429426584,12,-177.53797429426584
1296,93,12,-228.5259880514485,20,-228.46014739973276
1297,40,12,-109.61584921025063,6,-90.95329633472858
1298,0,12,-82.58666666666669,1,-6.8822222222222225
1299,84,12,-201.67000297128635,12,-201.67000297128635
1300,92,12,-225.4075237139973,12,-225.4075237139973
1301,77,12,-182.66516071256729,12,-182.66516071256729
1302,37,12,-105.71503806602566,6,-83.78879668536612
1303,47,12,-119.89808312874094,6,-109.83570678670114
1304,61,12,-145.41736476856974,12,-145.41736476856974
1305,50,12,-124.81047053779731,6,-118.85564190652914
1306,68,12,-160.6528851776278,12,-160.6528851776278
1307,76,12,-180.08474406613544,12,-180.08474406613544
1308,57,12,-137.45226948237894,12,-137.45226948237894
1309,4,12,-82.85717276709248,1,-8.529172688515441
1310,36,12,-104.48223209634578,6,-81.52441352950547
1311,80,12,-190.60826966535672,12,-190.60826966535672
1312,82,12,-196.07186924674602,12,-196.07186924674602
1313,37,12,-105.71503806602566,6,-83.78879668536612
1314,94,12,-231.6780614823333,20,-230.42240386096492
1315,35,12,-103.28316204691019,6,-79.32193460441326
1316,48,12,-121.50183715622016,6,-112.7805402942011
1317,0,12,-82.58666666666669,1,-6.8822222222222225
1318,49,12,-123.13930036828388,6,-115.78718783779036
1319,57,12,-137.45226948237894,12,-137.45226948237894
1320,9,12,-83.95595306941537,1,-15.214321990937147
1321,50,12,-124.81047053779731,6,-118.85564190652914
1322,97,12,-241.33591412399238,20,-236.43484574939123
1323,48,12,-121.50183715622016,6,-112.7805402942011
1324,12,12,-85.02079284439587,1,-21.68888886194659
1325,70,12,-165.30890638391594,12,-165.30890638391594
1326,36,12,-104.48223209634578,6,-81.52441352950547
1327,99,12,-247.94248729970576,20,-240.54785882360903
1328,36,12,-104.48223209634578,6,-81.52441352950547
1329,30,12,-97.79392861672859,3,-68.71466132418306
1330,19,12,-88.68794552856191,3,-39.9420506223111
1331,38,12,-106.98157772725399,6,-86.11507655130762
1332,44,12,-115.28909842694712,6,-101.37216560238318
1333,35,12,-103.28316204691019,6,-79.32193460441326
1334,14,12,-85.8996369884651,1,-27.0303393518663
1335,29,12,-96.79732089859871,3,-65.56666537455592
1336,51,12,-126.51534543777501,6,-121.9858949902555
1337,60,12,-143.3755650196889,12,-143.3755650196889
1338,81,12,-193.3232515767758,12,-193.3232515767758
1339,67,12,-158.37537046268577,12,-158.37537046268577
1340,29,12,-96.79732089859871,3,-65.56666537455592
1341,27,12,-94.90536226632408,3,-59.5898777586643
1342,3,12,-82.73882969802135,1,-7.808756080935194
1343,33,12,-100.9862386241835,6,-75.10271953333199
1344,51,12,-126.51534543777501,6,-121.9858949902555
1345,27,12,-94.90536226632408,3,-59.5898777586643
1346,56,12,-135.54521295910172,12,-135.54521295910172
1347,21,12,-90.03970135905276,3,-44.21475244382181
1348,39,12,-108.28184885147208,6,-88.50324560744662
1349,74,12,-175.02485362057575,12,-175.02485362057575
1350,29,12,-96.79732089859871,3,-65.56666537455592
1351,29,12,-96.79732089859871,3,-65.56666537455592
1352,61,12,-145.41736476856974,12,-145.41736476856974
1353,58,12,-139.39301515084207,12,-139.39301515084207
1354,24,12,-92.32059977591312,3,-51.42304101039932
1355,16,12,-86.91362107098472,1,-33.19107800413937
1356,64,12,-151.74483656681207,12,-151.74483656681207
1357,98,12,-244.6224017175923,20,-238.4808810119756
1358,13,12,-85.44332130828904,1,-24.257161856809045
1359,1,12,-82.6035744145978,1,-6.9851980409108565
1360,2,12,-82.65429616947476,1,-7.294070267709967
1361,66,12,-156.13152263937536,12,-156.13152263937536
1362,19,12,-88.68794552856191,3,-39.9420506223111
1363,76,12,-180.08474406613544,12,-180.08474406613544
1364,30,12,-97.79392861672859,3,-68.71466132418306
1365,39,12,-108.28184885147208,6,-88.50324560744662
1366,85,12,-204.51951458063076,12,-204.51951458063076
1367,77,12,-182.66516071256729,12,-182.66516071256729
1368,49,12,-123.13930036828388,6,-115.78718783779036
1369,26,12,-94.01001581178649,3,-56.76113061721671
1370,12,12,-85.02079284439587,1,-21.68888886194659
1371,64,12,-151.74483656681207,12,-151.74483656681207
1372,1,12,-82.6035744145978,1,-6.9851980409108565
1373,36,12,-104.48223209634578,6,-81.52441352950547
1374,10,12,-84.27710649292833,1,-17.167386388250772
1375,32,12,-99.88838970893231,6,-73.08599843278336
1376,28,12,-95.83446470521845,3,-62.525063432602536
1377,58,12,-139.39301515084207,12,-139.39301515084207
1378,66,12,-156.13152263937536,12,-156.13152263937536
1379,92,12,-225.4075237139973,12,-225.4075237139973
1380,65,12,-153.92134393244743,12,-153.92134393244743
1381,77,12,-182.66516071256729,12,-182.66516071256729
1382,83,12,-198.854120452488,12,-198.854120452488
1383,47,12,-119.89808312874094,6,-109.83570678670114
1384,81,12,-193.3232515767758,12,-193.3232515767758
1385,36,12,-104.48223209634578,6,-81.52441352950547
1386,71,12,-167.68740842638795,12,-167.68740842638795
1387,53,12,-130.0262005218131,6,-128.43176816621013
1388,70,12,-165.30890638391594,12,-165.30890638391594
1389,9,12,-83.95595306941537,1,-15.214321990937147
1390,15,12,-86.38973765322098,1,-30.008338880137654
1391,18,12,-88.0627272398999,3,-37.96561375881964
1392,29,12,-96.79732089859871,3,-65.56666537455592
1393,53,12,-130.0262005218131,6,-128.43176816621013
1394,60,12,-143.3755650196889,12,-143.3755650196889
1395,42,12,-112.38502871842148,6,-96.03901273050752
1396,82,12,-196.07186924674602,12,-196.07186924674602
1397,2,12,-82.65429616947476,1,-7.294070267709967
1398,29,12,-96.79732089859871,3,-65.56666537455592
1399,17,12,-87.4712850103148,3,-36.095815994462484
1400,35,12,-103.28316204691019,6,-79.32193460441326
1401,19,12,-88.68794552856191,3,-39.9420506223111
1402,16,12,-86.91362107098472,1,-33.19107800413937
1403,23,12,-91.52653465497364,3,-48.91374309468091
1404,12,12,-85.02079284439587,1,-21.68888886194659
1405,99,12,-247.94248729970576,20,-240.54785882360903
1406,56,12,-135.54521295910172,12,-135.54521295910172
1407,66,12,-156.13152263937536,12,-156.13152263937536
1408,20,12,-89.34693764525149,3,-42.025104283182344
1409,3,12,-82.73882969802135,1,-7.808756080935194
1410,81,12,-193.3232515767758,12,-193.3232515767758
1411,44,12,-115.28909842694712,6,-101.37216560238318
1412,38,12,-106.98157772725399,6,-86.11507655130762
1413,42,12,-112.38502871842148,6,-96.03901273050752
1414,74,12,-175.02485362057575,12,-175.02485362057575
1415,37,12,-105.71503806602566,6,-83.78879668536612
1416,40,12,-109.61584921025063,6,-90.95329633472858
1417,27,12,-94.90536226632408,3,-59.5898777586643
1418,4,12,-82.85717276709248,1,-8.529172688515441
1419,51,12,-126.51534543777501,6,-121.9858949902555
1420,22,12,-90.76623443917929,3,-46.51097281076241
1421,37,12,-105.71503806602566,6,-83.78879668536612
1422,35,12,-103.28316204691019,6,-79.32193460441326
1423,30,12,-97.79392861672859,3,-68.71466132418306
1424,7,12,-83.41503688796908,1,-11.923979800667436
1425,88,12,-213.26980172825859,12,-213.26980172825859
1426,88,12,-213.26980172825859,12,-213.26980172825859
1427,15,12,-86.38973765322098,1,-30.008338880137654
1428,10,12,-84.27710649292833,1,-17.167386388250772
1429,19,12,-88.68794552856191,3,-39.9420506223111
1430,77,12,-182.66516071256729,12,-182.66516071256729
1431,56,12,-135.54521295910172,12,-135.54521295910172
1432,18,12,-88.0627272398999,3,-37.96561375881964
1433,71,12,-167.68740842638795,12,-167.68740842638795
1434,60,12,-143.3755650196889,12,-143.3755650196889
1435,24,12,-92.32059977591312,3,-51.42304101039932
1436,32,12,-99.88838970893231,6,-73.08599843278336
1437,39,12,-108.28184885147208,6,-88.50324560744662
1438,16,12,-86.91362107098472,1,-33.19107800413937
1439,52,12,-128.2539228413562,6,-125.177939579655
1440,90,12,-219.27143120512085,12,-219.27143120512085
1441,80,12,-190.60826966535672,12,-190.60826966535672
1442,46,12,-118.32804051309115,6,-106.95269482704867
1443,96,12,-238.08302673965238,20,-234.40975389635224
1444,94,12,-231.6780614823333,20,-230.42240386096492
1445,84,12,-201.67000297128635,12,-201.67000297128635
1446,23,12,-91.52653465497364,3,-48.91374309468091
1447,15,12,-86.38973765322098,1,-30.008338880137654
1448,44,12,-115.28909842694712,6,-101.37216560238318
1449,83,12,-198.854120452488,12,-198.854120452488
1450,55,12,-133.67184780709107,12,-133.67184780709107
1451,98,12,-244.6224017175923,20,-238.4808810119756
1452,27,12,-94.90536226632408,3,-59.5898777586643
1453,45,12,-116.79171153665492,6,-104.13151192781399
1454,98,12,-244.6224017175923,20,-238.4808810119756
1455,81,12,-193.3232515767758,12,-193.3232515767758
1456,87,12,-210.3194161813455,12,-210.3194161813455
1457,27,12,-94.90536226632408,3,-59.5898777586643
1458,77,12,-182.66516071256729,12,-182.66516071256729
1459,48,12,-121.50183715622016,6,-112.7805402942011
1460,87,12,-210.3194161813455,12,-210.3194161813455
1461,94,12,-231.6780614823333,20,-230.42240386096492
1462,5,12,-83.00932314367421,1,-9.455237327983067
1463,97,12,-241.33591412399238,20,-236.43484574939123
1464,98,12,-244.6224017175923,20,-238.4808810119756
1465,28,12,-95.83446470521845,3,-62.525063432602536
1466,65,12,-153.92134393244743,12,-153.92134393244743
1467,68,12,-160.6528851776278,12,-160.6528851776278
1468,85,12,-204.51951458063076,12,-204.51951458063076
1469,72,12,-170.09956846271837,12,-170.09956846271837
1470,33,12,-100.9862386241835,6,-75.10271953333199
1471,99,12,-247.94248729970576,20,-240.54785882360903
1472,48,12,-121.50183715622016,6,-112.7805402942011
1473,99,12,-247.94248729970576,20,-240.54785882360903
1474,89,12,-216.25380747683084,12,-216.25380747683084
1475,69,12,-162.96406455953235,12,-162.96406455953235
1476,65,12,-153.92134393244743,12,-153.92134393244743
1477,99,12,-247.94248729970576,20,-240.54785882360903
1478,71,12,-167.68740842638795,12,-167.68740842638795
1479,1,12,-82.6035744145978,1,-6.9851980409108565
1480,1,12,-82.6035744145978,1,-6.9851980409108565
1481,71,12,-167.68740842638795,12,-167.68740842638795
1482,25,12,-93.14842757160632,3,-54.03884427687615
1483,77,12,-182.66516071256729,12,-182.66516071256729
1484,50,12,-124.81047053779731,6,-118.85564190652914
1485,27,12,-94.90536226632408,3,-59.5898777586643
1486,96,12,-238.08302673965238,20,-234.40975389635224
1487,43,12,-113.8202034116098,6,-98.67466336494121
1488,19,12,-88.68794552856191,3,-39.9420506223111
1489,98,12,-244.6224017175923,20,-238.4808810119756
1490,45,12,-116.79171153665492,6,-104.13151192781399
1491,80,12,-190.60826966535672,12,-190.60826966535672
1492,43,12,-113.8202034116098,6,-98.67466336494121
1493,67,12,-158.37537046268577,12,-158.37537046268577
1494,8,12,-83.66859579030925,1,-13.466492256876304
1495,83,12,-198.854120452488,12,-198.854120452488
1496,46,12,-118.32804051309115,6,-106.95269482704867
1497,64,12,-151.74483656681207,12,-151.74483656681207
1498,20,12,-89.34693764525149,3,-42.025104283182344
1499,96,12,-238.08302673965238,20,-234.40975389635224
1500,98,12,-244.6224017175923,20,-238.4808810119756
1501,5,12,-83.00932314367421,1,-9.455237327983067
1502,85,12,-204.51951458063076,12,-204.51951458063076
1503,24,12,-92.32059977591312,3,-51.42304101039932
1504,2,12,-82.65429616947476,1,-7.294070267709967
1505,71,12,-167.68740842638795,12,-167.68740842638795
1506,75,12,-177.53797429426584,12,-177.53797429426584
1507,28,12,-95.83446470521845,3,-62.525063432602536
1508,95,12,-234.86374178545628,20,-232.40560631336535
1509,65,12,-153.92134393244743,12,-153.92134393244743
1510,80,12,-190.60826966535672,12,-190.60826966535672
1511,82,12,-196.07186924674602,12,-196.07186924674602
1512,14,12,-85.8996369884651,1,-27.0303393518663
1513,21,12,-90.03970135905276,3,-44.21475244382181
1514,69,12,-162.96406455953235,12,-162.96406455953235
1515,33,12,-100.9862386241835,6,-75.10271953333199
1516,2,12,-82.65429616947476,1,-7.294070267709967
1517,27,12,-94.90536226632408,3,-59.5898777586643
1518,19,12,-88.68794552856191,3,-39.9420506223111
1519,15,12,-86.38973765322098,1,-30.008338880137654
1520,71,12,-167.68740842638795,12,-167.68740842638795
1521,29,12,-96.79732089859871,3,-65.56666537455592
1522,35,12,-103.28316204691019,6,-79.32193460441326
1523,97,12,-241.33591412399238,20,-236.43484574939123
1524,48,12,-121.50183715622016,6,-112.7805402942011
1525,49,12,-123.13930036828388,6,-115.78718783779036
1526,80,12,-190.60826966535672,12,-190.60826966535672
1527,56,12,-135.54521295910172,12,-135.54521295910172
1528,63,12,-149.60200276748782,12,-149.60200276748782
1529,88,12,-213.26980172825859,12,-213.26980172825859
1530,58,12,-139.39301515084207,12,-139.39301515084207
1531,5,12,-83.00932314367421,1,-9.455237327983067
1532,51,12,-126.51534543777501,6,-121.9858949902555
1533,61,12,-145.41736476856974,12,-145.41736476856974
1534,83,12,-198.854120452488,12,-198.854120452488
1535,17,12,-87.4712850103148,3,-36.095815994462484
1536,45,12,-116.79171153665492,6,-104.13151192781399
1537,96,12,-238.08302673965238,20,-234.40975389635224
1538,62,12,-147.492844759646,12,-147.492844759646
1539,22,12,-90.76623443917929,3,-46.51097281076241
1540,97,12,-241.33591412399238,20,-236.43484574939123
1541,9,12,-83.95595306941537,1,-15.214321990937147
1542,5,12,-83.00932314367421,1,-9.455237327983067
1543,76,12,-180.08474406613544,12,-180.08474406613544
1544,61,12,-145.41736476856974,12,-145.41736476856974
1545,42,12,-112.38502871842148,6,-96.03901273050752
1546,16,12,-86.91362107098472,1,-33.19107800413937
1547,59,12,-141.367447738551,12,-141.367447738551
1548,17,12,-87.4712850103148,3,-36.095815994462484
1549,68,12,-160.6528851776278,12,-160.6528851776278
1550,60,12,-143.3755650196889,12,-143.3755650196889
1551,25,12,-93.14842757160632,3,-54.03884427687615
1552,14,12,-85.8996369884651,1,-27.0303393518663
1553,61,12,-145.41736476856974,12,-145.41736476856974
1554,53,12,-130.0262005218131,6,-128.43176816621013
1555,81,12,-193.3232515767758,12,-193.3232515767758
1556,29,12,-96.79732089859871,3,-65.56666537455592
1557,70,12,-165.30890638391594,12,-165.30890638391594
1558,28,12,-95.83446470521845,3,-62.525063432602536
1559,74,12,-175.02485362057575,12,-175.02485362057575
1560,5,12,-83.00932314367421,1,-9.455237327983067
1561,84,12,-201.67000297128635,12,-201.67000297128635
1562,55,12,-133.67184780709107,12,-133.67184780709107
1563,50,12,-124.81047053779731,6,-118.85564190652914
1564,86,12,-207.4026530580665,12,-207.4026530580665
1565,53,12,-130.0262005218131,6,-128.43176816621013
1566,10,12,-84.27710649292833,1,-17.167386388250772
1567,43,12,-113.8202034116098,6,-98.67466336494121
1568,59,12,-141.367447738551,12,-141.367447738551
1569,30,12,-97.79392861672859,3,-68.71466132418306
1570,59,12,-141.367447738551,12,-141.367447738551
1571,14,12,-85.8996369884651,1,-27.0303393518663
1572,48,12,-121.50183715622016,6,-112.7805402942011
1573,56,12,-135.54521295910172,12,-135.54521295910172
1574,65,12,-153.92134393244743,12,-153.92134393244743
1575,7,12,-83.41503688796908,1,-11.923979800667436
1576,69,12,-162.96406455953235,12,-162.96406455953235
1577,15,12,-86.38973765322098,1,-30.008338880137654
1578,52,12,-128.2539228413562,6,-125.177939579655
1579,32,12,-99.88838970893231,6,-73.08599843278336
1580,87,12,-210.3194161813455,12,-210.3194161813455
1581,78,12,-185.27922201012348,12,-185.27922201012348
1582,34,12,-102.11783014653936,6,-77.18136743158533
1583,29,12,-96.79732089859871,3,-65.56666537455592
1584,51,12,-126.51534543777501,6,-121.9858949902555
1585,89,12,-216.25380747683084,12,-216.25380747683084
1586,53,12,-130.0262005218131,6,-128.43176816621013
1587,4,12,-82.85717276709248,1,-8.529172688515441
1588,64,12,-151.74483656681207,12,-151.74483656681207
1589,26,12,-94.01001581178649,3,-56.76113061721671
1590,84,12,-201.67000297128635,12,-201.67000297128635
1591,5,12,-83.00932314367421,1,-9.455237327983067
1592,88,12,-213.26980172825859,12,-213.26980172825859
1593,17,12,-87.4712850103148,3,-36.095815994462484
1594,68,12,-160.6528851776278,12,-160.6528851776278
1595,56,12,-135.54521295910172,12,-135.54521295910172
1596,32,12,-99.88838970893231,6,-73.08599843278336
1597,81,12,-193.3232515767758,12,-193.3232515767758
1598,72,12,-170.09956846271837,12,-170.09956846271837
1599,73,12,-172.54538426876832,12,-172.54538426876832
1600,31,12,-98.82428562999917,6,-71.1312116538696
1601,94,12,-231.6780614823333,20,-230.42240386096492
1602,73,12,-172.54538426876832,12,-172.54538426876832
1603,48,12,-121.50183715622016,6,-112.7805402942011
1604,99,12,-247.94248729970576,20,-240.54785882360903
1605,32,12,-99.88838970893231,6,-73.08599843278336
1606,14,12,-85.8996369884651,1,-27.0303393518663
1607,61,12,-145.41736476856974,12,-145.41736476856974
1608,87,12,-210.3194161813455,12,-210.3194161813455
1609,32,12,-99.88838970893231,6,-73.08599843278336
1610,56,12,-135.54521295910172,12,-135.54521295910172
1611,28,12,-95.83446470521845,3,-62.525063432602536
1612,43,12,-113.8202034116098,6,-98.67466336494121
1613,97,12,-241.33591412399238,20,-236.43484574939123
1614,50,12,-124.81047053779731,6,-118.85564190652914
1615,46,12,-118.32804051309115,6,-106.95269482704867
1616,72,12,-170.09956846271837,12,-170.09956846271837
1617,37,12,-105.71503806602566,6,-83.78879668536612
1618,2,12,-82.65429616947476,1,-7.294070267709967
1619,17,12,-87.4712850103148,3,-36.095815994462484
1620,15,12,-86.38973765322098,1,-30.008338880137654
1621,67,12,-158.37537046268577,12,-158.37537046268577
1622,85,12,-204.51951458063076,12,-204.51951458063076
1623,93,12,-228.5259880514485,20,-228.46014739973276
1624,22,12,-90.76623443917929,3,-46.51097281076241
1625,82,12,-196.07186924674602,12,-196.07186924674602
1626,7,12,-83.41503688796908,1,-11.923979800667436
1627,55,12,-133.67184780709107,12,-133.67184780709107
1628,49,12,-123.13930036828388,6,-115.78718783779036
1629,26,12,-94.01001581178649,3,-56.76113061721671
1630,4,12,-82.85717276709248,1,-8.529172688515441
1631,89,12,-216.25380747683084,12,-216.25380747683084
1632,26,12,-94.01001581178649,3,-56.76113061721671
1633,60,12,-143.3755650196889,12,-143.3755650196889
1634,83,12,-198.854120452488,12,-198.854120452488
1635,78,12,-185.27922201012348,12,-185.27922201012348
1636,18,12,-88.0627272398999,3,-37.96561375881964
1637,96,12,-238.08302673965238,20,-234.40975389635224
1638,91,12,-222.3226706914009,12,-222.3226706914009
1639,36,12,-104.48223209634578,6,-81.52441352950547
1640,20,12,-89.34693764525149,3,-42.025104283182344
1641,3,12,-82.73882969802135,1,-7.808756080935194
1642,18,12,-88.0627272398999,3,-37.96561375881964
1643,77,12,-182.66516071256729,12,-182.66516071256729
1644,51,12,-126.51534543777501,6,-121.9858949902555
1645,49,12,-123.13930036828388,6,-115.78718783779036
1646,31,12,-98.82428562999917,6,-71.1312116538696
1647,97,12,-241.33591412399238,20,-236.43484574939123
1648,18,12,-88.0627272398999,3,-37.96561375881964
1649,12,12,-85.02079284439587,1,-21.68888886194659
1650,91,12,-222.3226706914009,12,-222.3226706914009
1651,98,12,-244.6224017175923,20,-238.4808810119756
1652,71,12,-167.68740842638795,12,-167.68740842638795
1653,94,12,-231.6780614823333,20,-230.42240386096492
1654,45,12,-116.79171153665492,6,-104.13151192781399
1655,80,12,-190.60826966535672,12,-190.60826966535672
1656,65,12,-153.92134393244743,12,-153.92134393244743
1657,88,12,-213.26980172825859,12,-213.26980172825859
1658,16,12,-86.91362107098472,1,-33.19107800413937
1659,45,12,-116.79171153665492,6,-104.13151192781399
1660,91,12,-222.3226706914009,12,-222.3226706914009
1661,37,12,-105.71503806602566,6,-83.78879668536612
1662,50,12,-124.81047053779731,6,-118.85564190652914
1663,24,12,-92.32059977591312,3,-51.42304101039932
1664,48,12,-121.50183715622016,6,-112.7805402942011
1665,76,12,-180.08474406613544,12,-180.08474406613544
1666,4,12,-82.85717276709248,1,-8.529172688515441
1667,51,12,-126.51534543777501,6,-121.9858949902555
1668,46,12,-118.32804051309115,6,-106.95269482704867
1669,40,12,-109.61584921025063,6,-90.95329633472858
1670,14,12,-85.8996369884651,1,-27.0303393518663
1671,10,12,-84.27710649292833,1,-17.167386388250772
1672,27,12,-94.90536226632408,3,-59.5898777586643
1673,78,12,-185.27922201012348,12,-185.27922201012348
1674,13,12,-85.44332130828904,1,-24.257161856809045
1675,4,12,-82.85717276709248,1,-8.529172688515441
1676,86,12,-207.4026530580665,12,-207.4026530580665
1677,15,12,-86.38973765322098,1,-30.008338880137654
1678,29,12,-96.79732089859871,3,-65.56666537455592
1679,78,12,-185.27922201012348,12,-185.27922201012348
1680,42,12,-112.38502871842148,6,-96.03901273050752
1681,25,12,-93.14842757160632,3,-54.03884427687615
1682,75,12,-177.53797429426584,12,-177.53797429426584
1683,95,12,-234.86374178545628,20,-232.40560631336535
1684,91,12,-222.3226706914009,12,-222.3226706914009
1685,22,12,-90.76623443917929,3,-46.51097281076241
1686,43,12,-113.8202034116098,6,-98.67466336494121
1687,84,12,-201.67000297128635,12,-201.67000297128635
1688,55,12,-133.67184780709107,12,-133.67184780709107
1689,2,12,-82.65429616947476,1,-7.294070267709967
1690,25,12,-93.14842757160632,3,-54.03884427687615
1691,0,12,-82.58666666666669,1,-6.8822222222222225
1692,95,12,-234.86374178545628,20,-232.40560631336535
1693,56,12,-135.54521295910172,12,-135.54521295910172
1694,70,12,-165.30890638391594,12,-165.30890638391594
1695,82,12,-196.07186924674602,12,-196.07186924674602
1696,86,12,-207.4026530580665,12,-207.4026530580665
1697,62,12,-147.492844759646,12,-147.492844759646
1698,46,12,-118.32804051309115,6,-106.95269482704867
1699,89,12,-216.25380747683084,12,-216.25380747683084
1700,77,12,-182.66516071256729,12,-182.66516071256729
1701,12,12,-85.02079284439587,1,-21.68888886194659
1702,62,12,-147.492844759646,12,-147.492844759646
1703,37,12,-105.71503806602566,6,-83.78879668536612
1704,83,12,-198.854120452488,12,-198.854120452488
1705,31,12,-98.82428562999917,6,-71.1312116538696
1706,28,12,-95.83446470521845,3,-62.525063432602536
1707,59,12,-141.367447738551,12,-141.367447738551
1708,83,12,-198.854120452488,12,-198.854120452488
1709,40,12,-109.61584921025063,6,-90.95329633472858
1710,89,12,-216.25380747683084,12,-216.25380747683084
1711,29,12,-96.79732089859871,3,-65.56666537455592
1712,28,12,-95.83446470521845,3,-62.525063432602536
1713,52,12,-128.2539228413562,6,-125.177939579655
1714,42,12,-112.38502871842148,6,-96.03901273050752
1715,10,12,-84.27710649292833,1,-17.167386388250772
1716,84,12,-201.67000297128635,12,-201.67000297128635
1717,17,12,-87.4712850103148,3,-36.095815994462484
1718,0,12,-82.58666666666669,1,-6.8822222222222225
1719,39,12,-108.28184885147208,6,-88.50324560744662
1720,38,12,-106.98157772725399,6,-86.11507655130762
1721,98,12,-244.6224017175923,20,-238.4808810119756
1722,65,12,-153.92134393244743,12,-153.92134393244743
1723,48,12,-121.50183715622016,6,-112.7805402942011
1724,86,12,-207.4026530580665,12,-207.4026530580665
1725,45,12,-116.79171153665492,6,-104.13151192781399
1726,49,12,-123.13930036828388,6,-115.78718783779036
1727,22,12,-90.76623443917929,3,-46.51097281076241
1728,92,12,-225.4075237139973,12,-225.4075237139973
1729,65,12,-153.92134393244743,12,-153.92134393244743
1730,85,12,-204.51951458063076,12,-204.51951458063076
1731,66,12,-156.13152263937536,12,-156.13152263937536
1732,32,12,-99.88838970893231,6,-73.08599843278336
1733,50,12,-124.81047053779731,6,-118.85564190652914
1734,70,12,-165.30890638391594,12,-165.30890638391594
1735,35,12,-103.28316204691019,6,-79.32193460441326
1736,23,12,-91.52653465497364,3,-48.91374309468091
1737,82,12,-196.07186924674602,12,-196.07186924674602
1738,89,12,-216.25380747683084,12,-216.25380747683084
1739,79,12,-187.92692573545764,12,-187.92692573545764
1740,27,12,-94.90536226632408,3,-59.5898777586643
1741,85,12,-204.51951458063076,12,-204.51951458063076
1742,1,12,-82.6035744145978,1,-6.9851980409108565
1743,9,12,-83.95595306941537,1,-15.214321990937147
1744,81,12,-193.3232515767758,12,-193.3232515767758
1745,11,12,-84.63205382862074,1,-19.32560286376086
1746,64,12,-151.74483656681207,12,-151.74483656681207
1747,67,12,-158.37537046268577,12,-158.37537046268577
1748,61,12,-145.41736476856974,12,-145.41736476856974
1749,54,12,-131.832176252549,6,-131.7473732422173
1750,36,12,-104.48223209634578,6,-81.52441352950547
1751,84,12,-201.67000297128635,12,-201.67000297128635
1752,19,12,-88.68794552856191,3,-39.9420506223111
1753,69,12,-162.96406455953235,12,-162.96406455953235
1754,84,12,-201.67000297128635,12,-201.67000297128635
1755,62,12,-147.492844759646,12,-147.492844759646
1756,68,12,-160.6528851776278,12,-160.6528851776278
1757,41,12,-110.98357657528959,6,-93.46522121489485
1758,80,12,-190.60826966535672,12,-190.60826966535672
1759,16,12,-86.91362107098472,1,-33.19107800413937
1760,57,12,-137.45226948237894,12,-137.45226948237894
1761,5,12,-83.00932314367421,1,-9.455237327983067
1762,96,12,-238.08302673965238,20,-234.40975389635224
1763,22,12,-90.76623443917929,3,-46.51097281076241
1764,3,12,-82.73882969802135,1,-7.808756080935194
1765,8,12,-83.66859579030925,1,-13.466492256876304
1766,62,12,-147.492844759646,12,-147.492844759646
1767,92,12,-225.4075237139973,12,-225.4075237139973
1768,41,12,-110.98357657528959,6,-93.46522121489485
1769,74,12,-175.02485362057575,12,-175.02485362057575
1770,92,12,-225.4075237139973,12,-225.4075237139973
1771,95,12,-234.86374178545628,20,-232.40560631336535
1772,11,12,-84.63205382862074,1,-19.32560286376086
1773,34,12,-102.11783014653936,6,-77.18136743158533
1774,91,12,-222.3226706914009,12,-222.3226706914009
1775,49,12,-123.13930036828388,6,-115.78718783779036
1776,71,12,-167.68740842638795,12,-167.68740842638795
1777,39,12,-108.28184885147208,6,-88.50324560744662
1778,58,12,-139.39301515084207,12,-139.39301515084207
1779,5,12,-83.00932314367421,1,-9.455237327983067
1780,73,12,-172.54538426876832,12,-172.54538426876832
1781,88,12,-213.26980172825859,12,-213.26980172825859
1782,12,12,-85.02079284439587,1,-21.68888886194659
1783,97,12,-241.33591412399238,20,-236.43484574939123
1784,59,12,-141.367447738551,12,-141.367447738551
1785,78,12,-185.27922201012348,12,-185.27922201012348
1786,15,12,-86.38973765322098,1,-30.008338880137654
1787,4,12,-82.85717276709248,1,-8.529172688515441
1788,22,12,-90.76623443917929,3,-46.51097281076241
1789,52,12,-128.2539228413562,6,-125.177939579655
1790,66,12,-156.13152263937536,12,-156.13152263937536
1791,71,12,-167.68740842638795,12,-167.68740842638795
1792,72,12,-170.09956846271837,12,-170.09956846271837
1793,5,12,-83.00932314367421,1,-9.455237327983067
1794,39,12,-108.28184885147208,6,-88.50324560744662
1795,79,12,-187.92692573545764,12,-187.92692573545764
1796,79,12,-187.92692573545764,12,-187.92692573545764
1797,41,12,-110.98357657528959,6,-93.46522121489485
1798,89,12,-216.25380747683084,12,-216.25380747683084
1799,22,12,-90.76623443917929,3,-46.51097281076241
1800,89,12,-216.25380747683084,12,-216.25380747683084
1801,89,12,-216.25380747683084,12,-216.25380747683084
1802,19,12,-88.68794552856191,3,-39.9420506223111
1803,62,12,-147.492844759646,12,-147.492844759646
1804,29,12,-96.79732089859871,3,-65.56666537455592
1805,9,12,-83.95595306941537,1,-15.214321990937147
1806,11,12,-84.63205382862074,1,-19.32560286376086
1807,99,12,-247.94248729970576,20,-240.54785882360903
1808,26,12,-94.01001581178649,3,-56.76113061721671
1809,82,12,-196.07186924674602,12,-196.07186924674602
1810,72,12,-170.09956846271837,12,-170.09956846271837
1811,1,12,-82.6035744145978,1,-6.9851980409108565
1812,99,12,-247.94248729970576,20,-240.54785882360903
1813,46,12,-118.32804051309115,6,-106.95269482704867
1814,55,12,-133.67184780709107,12,-133.67184780709107
1815,10,12,-84.27710649292833,1,-17.167386388250772
1816,74,12,-175.02485362057575,12,-175.02485362057575
1817,24,12,-92.32059977591312,3,-51.42304101039932
1818,95,12,-234.86374178545628,20,-232.40560631336535
1819,43,12,-113.8202034116098,6,-98.67466336494121
1820,91,12,-222.3226706914009,12,-222.3226706914009
1821,13,12,-85.44332130828904,1,-24.257161856809045
1822,78,12,-185.27922201012348,12,-185.27922201012348
1823,55,12,-133.67184780709107,12,-133.67184780709107
1824,5,12,-83.00932314367421,1,-9.455237327983067
1825,23,12,-91.52653465497364,3,-48.91374309468091
1826,42,12,-112.38502871842148,6,-96.03901273050752
1827,49,12,-123.13930036828388,6,-115.78718783779036
1828,75,12,-177.53797429426584,12,-177.53797429426584
1829,56,12,-135.54521295910172,12,-135.54521295910172
1830,43,12,-113.8202034116098,6,-98.67466336494121
1831,24,12,-92.32059977591312,3,-51.42304101039932
1832,81,12,-193.3232515767758,12,-193.3232515767758
1833,21,12,-90.03970135905276,3,-44.21475244382181
1834,94,12,-231.6780614823333,20,-230.42240386096492
1835,18,12,-88.0627272398999,3,-37.96561375881964
1836,63,12,-149.60200276748782,12,-149.60200276748782
1837,89,12,-216.25380747683084,12,-216.25380747683084
1838,29,12,-96.79732089859871,3,-65.56666537455592
1839,37,12,-105.71503806602566,6,-83.78879668536612
1840,49,12,-123.13930036828388,6,-115.78718783779036
1841,40,12,-109.61584921025063,6,-90.95329633472858
1842,95,12,-234.86374178545628,20,-232.40560631336535
1843,11,12,-84.63205382862074,1,-19.32560286376086
1844,56,12,-135.54521295910172,12,-135.54521295910172
1845,63,12,-149.60200276748782,12,-149.60200276748782
1846,14,12,-85.8996369884651,1,-27.0303393518663
1847,32,12,-99.88838970893231,6,-73.08599843278336
1848,65,12,-153.92134393244743,12,-153.92134393244743
1849,65,12,-153.92134393244743,12,-153.92134393244743
1850,36,12,-104.48223209634578,6,-81.52441352950547
1851,25,12,-93.14842757160632,3,-54.03884427687615
1852,76,12,-180.08474406613544,12,-180.08474406613544
1853,72,12,-170.09956846271837,12,-170.09956846271837
1854,50,12,-124.81047053779731,6,-118.85564190652914
1855,12,12,-85.02079284439587,1,-21.68888886194659
1856,24,12,-92.32059977591312,3,-51.42304101039932
1857,19,12,-88.68794552856191,3,-39.9420506223111
1858,67,12,-158.37537046268577,12,-158.37537046268577
1859,10,12,-84.27710649292833,1,-17.167386388250772
1860,7,12,-83.41503688796908,1,-11.923979800667436
1861,52,12,-128.2539228413562,6,-125.177939579655
1862,92,12,-225.4075237139973,12,-225.4075237139973
1863,14,12,-85.8996369884651,1,-27.0303393518663
1864,72,12,-170.09956846271837,12,-170.09956846271837
1865,46,12,-118.32804051309115,6,-106.95269482704867
1866,99,12,-247.94248729970576,20,-240.54785882360903
1867,35,12,-103.28316204691019,6,-79.32193460441326
1868,81,12,-193.3232515767758,12,-193.3232515767758
1869,23,12,-91.52653465497364,3,-48.91374309468091
1870,61,12,-145.41736476856974,12,-145.41736476856974
1871,53,12,-130.0262005218131,6,-128.43176816621013
1872,12,12,-85.02079284439587,1,-21.68888886194659
1873,45,12,-116.79171153665492,6,-104.13151192781399
1874,7,12,-83.41503688796908,1,-11.923979800667436
1875,47,12,-119.89808312874094,6,-109.83570678670114
1876,39,12,-108.28184885147208,6,-88.50324560744662
1877,94,12,-231.6780614823333,20,-230.42240386096492
1878,19,12,-88.68794552856191,3,-39.9420506223111
1879,50,12,-124.81047053779731,6,-118.85564190652914
1880,65,12,-153.92134393244743,12,-153.92134393244743
1881,43,12,-113.8202034116098,6,-98.67466336494121
1882,82,12,-196.07186924674602,12,-196.07186924674602
1883,78,12,-185.27922201012348,12,-185.27922201012348
1884,89,12,-216.25380747683084,12,-216.25380747683084
1885,56,12,-135.54521295910172,12,-135.54521295910172
1886,72,12,-170.09956846271837,12,-170.09956846271837
1887,50,12,-124.81047053779731,6,-118.85564190652914
1888,34,12,-102.11783014653936,6,-77.18136743158533
1889,90,12,-219.27143120512085,12,-219.27143120512085
1890,11,12,-84.63205382862074,1,-19.32560286376086
1891,11,12,-84.63205382862074,1,-19.32560286376086
1892,36,12,-104.48223209634578,6,-81.52441352950547
1893,49,12,-123.13930036828388,6,-115.78718783779036
1894,76,12,-180.08474406613544,12,-180.08474406613544
1895,81,12,-193.3232515767758,12,-193.3232515767758
1896,95,12,-234.86374178545628,20,-232.40560631336535
1897,74,12,-175.02485362057575,12,-175.02485362057575
1898,48,12,-121.50183715622016,6,-112.7805402942011
1899,74,12,-175.02485362057575,12,-175.02485362057575
1900,11,12,-84.63205382862074,1,-19.32560286376086
1901,93,12,-228.5259880514485,20,-228.46014739973276
1902,34,12,-102.11783014653936,6,-77.18136743158533
1903,74,12,-175.02485362057575,12,-175.02485362057575
1904,76,12,-180.08474406613544,12,-180.08474406613544
1905,39,12,-108.28184885147208,6,-88.50324560744662
1906,10,12,-84.27710649292833,1,-17.167386388250772
1907,2,12,-82.65429616947476,1,-7.294070267709967
1908,75,12,-177.53797429426584,12,-177.53797429426584
1909,46,12,-118.32804051309115,6,-106.95269482704867
1910,51,12,-126.51534543777501,6,-121.9858949902555
1911,41,12,-110.98357657528959,6,-93.46522121489485
1912,91,12,-222.3226706914009,12,-222.3226706914009
1913,3,12,-82.73882969802135,1,-7.808756080935194
1914,16,12,-86.91362107098472,1,-33.19107800413937
1915,63,12,-149.60200276748782,12,-149.60200276748782
1916,64,12,-151.74483656681207,12,-151.74483656681207
1917,13,12,-85.44332130828904,1,-24.257161856809045
1918,38,12,-106.98157772725399,6,-86.11507655130762
1919,4,12,-82.85717276709248,1,-8.529172688515441
1920,3,12,-82.73882969802135,1,-7.808756080935194
1921,19,12,-88.68794552856191,3,-39.9420506223111
1922,81,12,-193.3232515767758,12,-193.3232515767758
1923,16,12,-86.91362107098472,1,-33.19107800413937
1924,71,12,-167.68740842638795,12,-167.68740842638795
1925,24,12,-92.32059977591312,3,-51.42304101039932
1926,11,12,-84.63205382862074,1,-19.32560286376086
1927,22,12,-90.76623443917929,3,-46.51097281076241
1928,60,12,-143.3755650196889,12,-143.3755650196889
1929,91,12,-222.3226706914009,12,-222.3226706914009
1930,2,12,-82.65429616947476,1,-7.294070267709967
1931,8,12,-83.66859579030925,1,-13.466492256876304
1932,72,12,-170.09956846271837,12,-170.09956846271837
1933,89,12,-216.25380747683084,12,-216.25380747683084
1934,38,12,-106.98157772725399,6,-86.11507655130762
1935,52,12,-128.2539228413562,6,-125.177939579655
1936,97,12,-241.33591412399238,20,-236.43484574939123
1937,88,12,-213.26980172825859,12,-213.26980172825859
1938,63,12,-149.60200276748782,12,-149.60200276748782
1939,21,12,-90.03970135905276,3,-44.21475244382181
1940,4,12,-82.85717276709248,1,-8.529172688515441
1941,31,12,-98.82428562999917,6,-71.1312116538696
1942,75,12,-177.53797429426584,12,-177.53797429426584
1943,37,12,-105.71503806602566,6,-83.78879668536612
1944,7,12,-83.41503688796908,1,-11.923979800667436
1945,22,12,-90.76623443917929,3,-46.51097281076241
1946,42,12,-112.38502871842148,6,-96.03901273050752
1947,59,12,-141.367447738551,12,-141.367447738551
1948,95,12,-234.86374178545628,20,-232.40560631336535
1949,54,12,-131.832176252549,6,-131.7473732422173
1950,73,12,-172.54538426876832,12,-172.54538426876832
1951,51,12,-126.51534543777501,6,-121.9858949902555
1952,82,12,-196.07186924674602,12,-196.07186924674602
1953,23,12,-91.52653465497364,3,-48.91374309468091
1954,83,12,-198.854120452488,12,-198.854120452488
1955,25,12,-93.14842757160632,3,-54.03884427687615
1956,57,12,-137.45226948237894,12,-137.45226948237894
1957,69,12,-162.96406455953235,12,-162.96406455953235
1958,89,12,-216.25380747683084,12,-216.25380747683084
1959,45,12,-116.79171153665492,6,-104.13151192781399
1960,88,12,-213.26980172825859,12,-213.26980172825859
1961,51,12,-126.51534543777501,6,-121.9858949902555
1962,59,12,-141.367447738551,12,-141.367447738551
1963,44,12,-115.28909842694712,6,-101.37216560238318
1964,26,12,-94.01001581178649,3,-56.76113061721671
1965,43,12,-113.8202034116098,6,-98.67466336494121
1966,32,12,-99.88838970893231,6,-73.08599843278336
1967,30,12,-97.79392861672859,3,-68.71466132418306
1968,14,12,-85.8996369884651,1,-27.0303393518663
1969,71,12,-167.68740842638795,12,-167.68740842638795
1970,96,12,-238.08302673965238,20,-234.40975389635224
1971,61,12,-145.41736476856974,12,-145.41736476856974
1972,1,12,-82.6035744145978,1,-6.9851980409108565
1973,47,12,-119.89808312874094,6,-109.83570678670114
1974,43,12,-113.8202034116098,6,-98.67466336494121
1975,90,12,-219.27143120512085,12,-219.27143120512085
1976,15,12,-86.38973765322098,1,-30.008338880137654
1977,68,12,-160.6528851776278,12,-160.6528851776278
1978,74,12,-175.02485362057575,12,-175.02485362057575
1979,85,12,-204.51951458063076,12,-204.51951458063076
1980,39,12,-108.28184885147208,6,-88.50324560744662
1981,94,12,-231.6780614823333,20,-230.42240386096492
1982,86,12,-207.4026530580665,12,-207.4026530580665
1983,0,12,-82.58666666666669,1,-6.8822222222222225
1984,81,12,-193.3232515767758,12,-193.3232515767758
1985,58,12,-139.39301515084207,12,-139.39301515084207
1986,12,12,-85.02079284439587,1,-21.68888886194659
1987,91,12,-222.3226706914009,12,-222.3226706914009
1988,43,12,-113.8202034116098,6,-98.67466336494121
1989,54,12,-131.832176252549,6,-131.7473732422173
1990,47,12,-119.89808312874094,6,-109.83570678670114
1991,22,12,-90.76623443917929,3,-46.51097281076241
1992,31,12,-98.82428562999917,6,-71.1312116538696
1993,34,12,-102.11783014653936,6,-77.18136743158533
1994,98,12,-244.6224017175923,20,-238.4808810119756
1995,42,12,-112.38502871842148,6,-96.03901273050752
1996,68,12,-160.6528851776278,12,-160.6528851776278
1997,62,12,-147.492844759646,12,-147.492844759646
1998,36,12,-104.48223209634578,6,-81.52441352950547
1999,83,12,-198.854120452488,12,-198.854120452488
2000,44,12,-115.28909842694712,6,-101.37216560238318
2001,81,12,-193.3232515767758,12,-193.3232515767758
2002,70,12,-165.30890638391594,12,-165.30890638391594
2003,6,12,-83.19527859488348,1,-10.586867266464079
2004,48,12,-121.50183715622016,6,-112.7805402942011
2005,9,12,-83.95595306941537,1,-15.214321990937147
2006,28,12,-95.83446470521845,3,-62.525063432602536
2007,77,12,-182.66516071256729,12,-182.66516071256729
2008,56,12,-135.54521295910172,12,-135.54521295910172
2009,9,12,-83.95595306941537,1,-15.214321990937147
2010,85,12,-204.51951458063076,12,-204.51951458063076
2011,66,12,-156.13152263937536,12,-156.13152263937536
2012,9,12,-83.95595306941537,1,-15.214321990937147
2013,36,12,-104.48223209634578,6,-81.52441352950547
2014,28,12,-95.83446470521845,3,-62.525063432602536
2015,64,12,-151.74483656681207,12,-151.74483656681207
2016,74,12,-175.02485362057575,12,-175.02485362057575
2017,13,12,-85.44332130828904,1,-24.257161856809045
2018,2,12,-82.65429616947476,1,-7.294070267709967
2019,37,12,-105.71503806602566,6,-83.78879668536612
2020,71,12,-167.68740842638795,12,-167.68740842638795
2021,87,12,-210.3194161813455,12,-210.3194161813455
2022,94,12,-231.6780614823333,20,-230.42240386096492
2023,81,12,-193.3232515767758,12,-193.3232515767758
2024,3,12,-82.73882969802135,1,-7.808756080935194
2025,98,12,-244.6224017175923,20,-238.4808810119756
2026,80,12,-190.60826966535672,12,-190.60826966535672
2027,82,12,-196.07186924674602,12,-196.07186924674602
2028,50,12,-124.81047053779731,6,-118.85564190652914
2029,61,12,-145.41736476856974,12,-145.41736476856974
2030,82,12,-196.07186924674602,12,-196.07186924674602
2031,28,12,-95.83446470521845,3,-62.525063432602536
2032,35,12,-103.28316204691019,6,-79.32193460441326
2033,53,12,-130.0262005218131,6,-128.43176816621013
2034,26,12,-94.01001581178649,3,-56.76113061721671
2035,42,12,-112.38502871842148,6,-96.03901273050752
2036,46,12,-118.32804051309115,6,-106.95269482704867
2037,69,12,-162.96406455953235,12,-162.96406455953235
2038,28,12,-95.83446470521845,3,-62.525063432602536
2039,43,12,-113.8202034116098,6,-98.67466336494121
2040,83,12,-198.854120452488,12,-198.854120452488
2041,62,12,-147.492844759646,12,-147.492844759646
2042,74,12,-175.02485362057575,12,-175.02485362057575
2043,74,12,-175.02485362057575,12,-175.02485362057575
2044,9,12,-83.95595306941537,1,-15.214321990937147
2045,91,12,-222.3226706914009,12,-222.3226706914009
2046,99,12,-247.94248729970576,20,-240.54785882360903
2047,75,12,-177.53797429426584,12,-177.53797429426584
2048,96,12,-238.08302673965238,20,-234.40975389635224
2049,38,12,-106.98157772725399,6,-86.11507655130762
2050,31,12,-98.82428562999917,6,-71.1312116538696
2051,22,12,-90.76623443917929,3,-46.51097281076241
2052,91,12,-222.3226706914009,12,-222.3226706914009
2053,57,12,-137.45226948237894,12,-137.45226948237894
2054,21,12,-90.03970135905276,3,-44.21475244382181
2055,97,12,-241.33591412399238,20,-236.43484574939123
2056,61,12,-145.41736476856974,12,-145.41736476856974
2057,41,12,-110.98357657528959,6,-93.46522121489485
2058,99,12,-247.94248729970576,20,-240.54785882360903
2059,41,12,-110.98357657528959,6,-93.46522121489485
2060,23,12,-91.52653465497364,3,-48.91374309468091
2061,52,12,-128.2539228413562,6,-125.177939579655
2062,23,12,-91.52653465497364,3,-48.91374309468091
2063,72,12,-170.09956846271837,12,-170.09956846271837
2064,41,12,-110.98357657528959,6,-93.46522121489485
2065,60,12,-143.3755650196889,12,-143.3755650196889
2066,47,12,-119.89808312874094,6,-109.83570678670114
2067,15,12,-86.38973765322098,1,-30.008338880137654
2068,36,12,-104.48223209634578,6,-81.52441352950547
2069,65,12,-153.92134393244743,12,-153.92134393244743
2070,94,12,-231.6780614823333,20,-230.42240386096492
2071,42,12,-112.38502871842148,6,-96.03901273050752
2072,0,12,-82.58666666666669,1,-6.8822222222222225
2073,83,12,-198.854120452488,12,-198.854120452488
2074,6,12,-83.19527859488348,1,-10.586867266464079
2075,93,12,-228.5259880514485,20,-228.46014739973276
2076,67,12,-158.37537046268577,12,-158.37537046268577
2077,31,12,-98.82428562999917,6,-71.1312116538696
2078,29,12,-96.79732089859871,3,-65.56666537455592
2079,16,12,-86.91362107098472,1,-33.19107800413937
2080,67,12,-158.37537046268577,12,-158.37537046268577
2081,26,12,-94.01001581178649,3,-56.76113061721671
2082,6,12,-83.19527859488348,1,-10.586867266464079
2083,11,12,-84.63205382862074,1,-19.32560286376086
2084,81,12,-193.3232515767758,12,-193.3232515767758
2085,55,12,-133.67184780709107,12,-133.67184780709107
2086,43,12,-113.8202034116098,6,-98.67466336494121
2087,67,12,-158.37537046268577,12,-158.37537046268577
2088,20,12,-89.34693764525149,3,-42.025104283182344
2089,91,12,-222.3226706914009,12,-222.3226706914009
2090,92,12,-225.4075237139973,12,-225.4075237139973
2091,14,12,-85.8996369884651,1,-27.0303393518663
2092,14,12,-85.8996369884651,1,-27.0303393518663
2093,80,12,-190.60826966535672,12,-190.60826966535672
2094,99,12,-247.94248729970576,20,-240.54785882360903
2095,63,12,-149.60200276748782,12,-149.60200276748782
2096,43,12,-113.8202034116098,6,-98.67466336494121
2097,27,12,-94.90536226632408,3,-59.5898777586643
2098,87,12,-210.3194161813455,12,-210.3194161813455
2099,20,12,-89.34693764525149,3,-42.025104283182344
2100,23,12,-91.52653465497364,3,-48.91374309468091
2101,34,12,-102.11783014653936,6,-77.18136743158533
2102,32,12,-99.88838970893231,6,-73.08599843278336
2103,65,12,-153.92134393244743,12,-153.92134393244743
2104,22,12,-90.76623443917929,3,-46.51097281076241
2105,21,12,-90.03970135905276,3,-44.21475244382181
2106,57,12,-137.45226948237894,12,-137.45226948237894
2107,68,12,-160.6528851776278,12,-160.6528851776278
2108,45,12,-116.79171153665492,6,-104.13151192781399
2109,39,12,-108.28184885147208,6,-88.50324560744662
2110,24,12,-92.32059977591312,3,-51.42304101039932
2111,86,12,-207.4026530580665,12,-207.4026530580665
2112,17,12,-87.4712850103148,3,-36.095815994462484
2113,52,12,-128.2539228413562,6,-125.177939579655
2114,90,12,-219.27143120512085,12,-219.27143120512085
2115,8,12,-83.66859579030925,1,-13.466492256876304
2116,5,12,-83.00932314367421,1,-9.455237327983067
2117,97,12,-241.33591412399238,20,-236.43484574939123
2118,86,12,-207.4026530580665,12,-207.4026530580665
2119,82,12,-196.07186924674602,12,-196.07186924674602
2120,10,12,-84.27710649292833,1,-17.167386388250772
2121,62,12,-147.492844759646,12,-147.492844759646
2122,29,12,-96.79732089859871,3,-65.56666537455592
2123,11,12,-84.63205382862074,1,-19.32560286376086
2124,30,12,-97.79392861672859,3,-68.71466132418306
2125,71,12,-167.68740842638795,12,-167.68740842638795
2126,58,12,-139.39301515084207,12,-139.39301515084207
2127,94,12,-231.6780614823333,20,-230.42240386096492
2128,42,12,-112.38502871842148,6,-96.03901273050752
2129,85,12,-204.51951458063076,12,-204.51951458063076
2130,71,12,-167.68740842638795,12,-167.68740842638795
2131,25,12,-93.14842757160632,3,-54.03884427687615
2132,54,12,-131.832176252549,6,-131.7473732422173
2133,83,12,-198.854120452488,12,-198.854120452488
2134,25,12,-93.14842757160632,3,-54.03884427687615
2135,45,12,-116.79171153665492,6,-104.13151192781399
2136,3,12,-82.73882969802135,1,-7.808756080935194
2137,84,12,-201.67000297128635,12,-201.67000297128635
2138,83,12,-198.854120452488,12,-198.854120452488
2139,37,12,-105.71503806602566,6,-83.78879668536612
2140,33,12,-100.9862386241835,6,-75.10271953333199
2141,60,12,-143.3755650196889,12,-143.3755650196889
2142,89,12,-216.25380747683084,12,-216.25380747683084
2143,7,12,-83.41503688796908,1,-11.923979800667436
2144,60,12,-143.3755650196889,12,-143.3755650196889
2145,37,12,-105.71503806602566,6,-83.78879668536612
2146,84,12,-201.67000297128635,12,-201.67000297128635
2147,98,12,-244.6224017175923,20,-238.4808810119756
2148,16,12,-86.91362107098472,1,-33.19107800413937
2149,45,12,-116.79171153665492,6,-104.13151192781399
2150,39,12,-108.28184885147208,6,-88.50324560744662
2151,33,12,-100.9862386241835,6,-75.10271953333199
2152,97,12,-241.33591412399238,20,-236.43484574939123
2153,65,12,-153.92134393244743,12,-153.92134393244743
2154,73,12,-172.54538426876832,12,-172.54538426876832
2155,87,12,-210.3194161813455,12,-210.3194161813455
2156,68,12,-160.6528851776278,12,-160.6528851776278
2157,24,12,-92.32059977591312,3,-51.42304101039932
2158,6,12,-83.19527859488348,1,-10.586867266464079
2159,97,12,-241.33591412399238,20,-236.43484574939123
2160,60,12,-143.3755650196889,12,-143.3755650196889
2161,88,12,-213.26980172825859,12,-213.26980172825859
2162,61,12,-145.41736476856974,12,-145.41736476856974
2163,59,12,-141.367447738551,12,-141.367447738551
2164,74,12,-175.02485362057575,12,-175.02485362057575
2165,29,12,-96.79732089859871,3,-65.56666537455592
2166,28,12,-95.83446470521845,3,-62.525063432602536
2167,24,12,-92.32059977591312,3,-51.42304101039932
2168,3,12,-82.73882969802135,1,-7.808756080935194
2169,82,12,-196.07186924674602,12,-196.07186924674602
2170,21,12,-90.03970135905276,3,-44.21475244382181
2171,6,12,-83.19527859488348,1,-10.586867266464079
2172,84,12,-201.67000297128635,12,-201.67000297128635
2173,21,12,-90.03970135905276,3,-44.21475244382181
2174,27,12,-94.90536226632408,3,-59.5898777586643
2175,26,12,-94.01001581178649,3,-56.76113061721671
2176,89,12,-216.25380747683084,12,-216.25380747683084
2177,64,12,-151.74483656681207,12,-151.74483656681207
2178,3,12,-82.73882969802135,1,-7.808756080935194
2179,53,12,-130.0262005218131,6,-128.43176816621013
2180,37,12,-105.71503806602566,6,-83.78879668536612
2181,7,12,-83.41503688796908,1,-11.923979800667436
2182,80,12,-190.60826966535672,12,-190.60826966535672
2183,75,12,-177.53797429426584,12,-177.53797429426584
2184,11,12,-84.63205382862074,1,-19.32560286376086
2185,2,12,-82.65429616947476,1,-7.294070267709967
2186,54,12,-131.832176252549,6,-131.7473732422173
2187,5,12,-83.00932314367421,1,-9.455237327983067
2188,17,12,-87.4712850103148,3,-36.095815994462484
2189,78,12,-185.27922201012348,12,-185.27922201012348
2190,5,12,-83.00932314367421,1,-9.455237327983067
2191,78,12,-185.27922201012348,12,-185.27922201012348
2192,81,12,-193.3232515767758,12,-193.3232515767758
2193,30,12,-97.79392861672859,3,-68.71466132418306
2194,98,12,-244.6224017175923,20,-238.4808810119756
2195,3,12,-82.73882969802135,1,-7.808756080935194
2196,0,12,-82.58666666666669,1,-6.8822222222222225
2197,93,12,-228.5259880514485,20,-228.46014739973276
2198,44,12,-115.28909842694712,6,-101.37216560238318
2199,44,12,-115.28909842694712,6,-101.37216560238318
2200,61,12,-145.41736476856974,12,-145.41736476856974
2201,0,12,-82.58666666666669,1,-6.8822222222222225
2202,17,12,-87.4712850103148,3,-36.095815994462484
2203,29,12,-96.79732089859871,3,-65.56666537455592
2204,91,12,-222.3226706914009,12,-222.3226706914009
2205,34,12,-102.11783014653936,6,-77.18136743158533
2206,59,12,-141.367447738551,12,-141.367447738551
2207,21,12,-90.03970135905276,3,-44.21475244382181
2208,63,12,-149.60200276748782,12,-149.60200276748782
2209,94,12,-231.6780614823333,20,-230.42240386096492
2210,17,12,-87.4712850103148,3,-36.095815994462484
2211,38,12,-106.98157772725399,6,-86.11507655130762
2212,79,12,-187.92692573545764,12,-187.92692573545764
2213,1,12,-82.6035744145978,1,-6.9851980409108565
2214,15,12,-86.38973765322098,1,-30.008338880137654
2215,86,12,-207.4026530580665,12,-207.4026530580665
2216,17,12,-87.4712850103148,3,-36.095815994462484
2217,53,12,-130.0262005218131,6,-128.43176816621013
2218,22,12,-90.76623443917929,3,-46.51097281076241
2219,77,12,-182.66516071256729,12,-182.66516071256729
2220,47,12,-119.89808312874094,6,-109.83570678670114
2221,66,12,-156.13152263937536,12,-156.13152263937536
2222,11,12,-84.63205382862074,1,-19.32560286376086
2223,9,12,-83.95595306941537,1,-15.214321990937147
2224,40,12,-109.61584921025063,6,-90.95329633472858
2225,54,12,-131.832176252549,6,-131.7473732422173
2226,51,12,-126.51534543777501,6,-121.9858949902555
2227,47,12,-119.89808312874094,6,-109.83570678670114
2228,4,12,-82.85717276709248,1,-8.529172688515441
2229,10,12,-84.27710649292833,1,-17.167386388250772
2230,6,12,-83.19527859488348,1,-10.586867266464079
2231,44,12,-115.28909842694712,6,-101.37216560238318
2232,72,12,-170.09956846271837,12,-170.09956846271837
2233,8,12,-83.66859579030925,1,-13.466492256876304
2234,72,12,-170.09956846271837,12,-170.09956846271837
2235,18,12,-88.0627272398999,3,-37.96561375881964
2236,2,12,-82.65429616947476,1,-7.294070267709967
2237,69,12,-162.96406455953235,12,-162.96406455953235
2238,93,12,-228.5259880514485,20,-228.46014739973276
2239,29,12,-96.79732089859871,3,-65.56666537455592
2240,27,12,-94.90536226632408,3,-59.5898777586643
2241,17,12,-87.4712850103148,3,-36.095815994462484
2242,58,12,-139.39301515084207,12,-139.39301515084207
2243,11,12,-84.63205382862074,1,-19.32560286376086
2244,49,12,-123.13930036828388,6,-115.78718783779036
2245,72,12,-170.09956846271837,12,-170.09956846271837
2246,88,12,-213.26980172825859,12,-213.26980172825859
2247,3,12,-82.73882969802135,1,-7.808756080935194
2248,11,12,-84.63205382862074,1,-19.32560286376086
2249,57,12,-137.45226948237894,12,-137.45226948237894
2250,50,12,-124.81047053779731,6,-118.85564190652914
2251,15,12,-86.38973765322098,1,-30.008338880137654
2252,57,12,-137.45226948237894,12,-137.45226948237894
2253,3,12,-82.73882969802135,1,-7.808756080935194
2254,60,12,-143.3755650196889,12,-143.3755650196889
2255,39,12,-108.28184885147208,6,-88.50324560744662
2256,85,12,-204.51951458063076,12,-204.51951458063076
2257,29,12,-96.79732089859871,3,-65.56666537455592
2258,53,12,-130.0262005218131,6,-128.43176816621013
2259,67,12,-158.37537046268577,12,-158.37537046268577
2260,56,12,-135.54521295910172,12,-135.54521295910172
2261,75,12,-177.53797429426584,12,-177.53797429426584
2262,79,12,-187.92692573545764,12,-187.92692573545764
2263,45,12,-116.79171153665492,6,-104.13151192781399
2264,90,12,-219.27143120512085,12,-219.27143120512085
2265,79,12,-187.92692573545764,12,-187.92692573545764
2266,97,12,-241.33591412399238,20,-236.43484574939123
2267,11,12,-84.63205382862074,1,-19.32560286376086
2268,5,12,-83.00932314367421,1,-9.455237327983067
2269,30,12,-97.79392861672859,3,-68.71466132418306
2270,58,12,-139.39301515084207,12,-139.39301515084207
2271,68,12,-160.6528851776278,12,-160.6528851776278
2272,59,12,-141.367447738551,12,-141.367447738551
2273,32,12,-99.88838970893231,6,-73.08599843278336
2274,37,12,-105.71503806602566,6,-83.78879668536612
2275,43,12,-113.8202034116098,6,-98.67466336494121
2276,60,12,-143.3755650196889,12,-143.3755650196889
2277,45,12,-116.79171153665492,6,-104.13151192781399
2278,29,12,-96.79732089859871,3,-65.56666537455592
2279,27,12,-94.90536226632408,3,-59.5898777586643
2280,27,12,-94.90536226632408,3,-59.5898777586643
2281,29,12,-96.79732089859871,3,-65.56666537455592
2282,72,12,-170.09956846271837,12,-170.09956846271837
2283,75,12,-177.53797429426584,12,-177.53797429426584
2284,97,12,-241.33591412399238,20,-236.43484574939123
2285,78,12,-185.27922201012348,12,-185.27922201012348
2286,38,12,-106.98157772725399,6,-86.11507655130762
2287,11,12,-84.63205382862074,1,-19.32560286376086
2288,74,12,-175.02485362057575,12,-175.02485362057575
2289,89,12,-216.25380747683084,12,-216.25380747683084
2290,32,12,-99.88838970893231,6,-73.08599843278336
2291,50,12,-124.81047053779731,6,-118.85564190652914
2292,40,12,-109.61584921025063,6,-90.95329633472858
2293,70,12,-165.30890638391594,12,-165.30890638391594
2294,30,12,-97.79392861672859,3,-68.71466132418306
2295,22,12,-90.76623443917929,3,-46.51097281076241
2296,75,12,-177.53797429426584,12,-177.53797429426584
2297,35,12,-103.28316204691019,6,-79.32193460441326
2298,84,12,-201.67000297128635,12,-201.67000297128635
2299,68,12,-160.6528851776278,12,-160.6528851776278
2300,63,12,-149.60200276748782,12,-149.60200276748782
2301,4,12,-82.85717276709248,1,-8.529172688515441
2302,49,12,-123.13930036828388,6,-115.78718783779036
2303,29,12,-96.79732089859871,3,-65.56666537455592
2304,63,12,-149.60200276748782,12,-149.60200276748782
2305,61,12,-145.41736476856974,12,-145.41736476856974
2306,91,12,-222.3226706914009,12,-222.3226706914009
2307,83,12,-198.854120452488,12,-198.854120452488
2308,90,12,-219.27143120512085,12,-219.27143120512085
2309,26,12,-94.01001581178649,3,-56.76113061721671
2310,73,12,-172.54538426876832,12,-172.54538426876832
2311,50,12,-124.81047053779731,6,-118.85564190652914
2312,95,12,-234.86374178545628,20,-232.40560631336535
2313,94,12,-231.6780614823333,20,-230.42240386096492
2314,17,12,-87.4712850103148,3,-36.095815994462484
2315,71,12,-167.68740842638795,12,-167.68740842638795
2316,56,12,-135.54521295910172,12,-135.54521295910172
2317,35,12,-103.28316204691019,6,-79.32193460441326
2318,73,12,-172.54538426876832,12,-172.54538426876832
2319,92,12,-225.4075237139973,12,-225.4075237139973
2320,47,12,-119.89808312874094,6,-109.83570678670114
2321,48,12,-121.50183715622016,6,-112.7805402942011
2322,71,12,-167.68740842638795,12,-167.68740842638795
2323,67,12,-158.37537046268577,12,-158.37537046268577
2324,71,12,-167.68740842638795,12,-167.68740842638795
2325,62,12,-147.492844759646,12,-147.492844759646
2326,72,12,-170.09956846271837,12,-170.09956846271837
2327,37,12,-105.71503806602566,6,-83.78879668536612
2328,5,12,-83.00932314367421,1,-9.455237327983067
2329,97,12,-241.33591412399238,20,-236.43484574939123
2330,55,12,-133.67184780709107,12,-133.67184780709107
2331,92,12,-225.4075237139973,12,-225.4075237139973
2332,46,12,-118.32804051309115,6,-106.95269482704867
2333,38,12,-106.98157772725399,6,-86.11507655130762
2334,49,12,-123.13930036828388,6,-115.78718783779036
2335,8,12,-83.66859579030925,1,-13.466492256876304
2336,65,12,-153.92134393244743,12,-153.92134393244743
2337,66,12,-156.13152263937536,12,-156.13152263937536
2338,62,12,-147.492844759646,12,-147.492844759646
2339,16,12,-86.91362107098472,1,-33.19107800413937
2340,61,12,-145.41736476856974,12,-145.41736476856974
2341,66,12,-156.13152263937536,12,-156.13152263937536
2342,11,12,-84.63205382862074,1,-19.32560286376086
2343,31,12,-98.82428562999917,6,-71.1312116538696
2344,10,12,-84.27710649292833,1,-17.167386388250772
2345,20,12,-89.34693764525149,3,-42.025104283182344
2346,14,12,-85.8996369884651,1,-27.0303393518663
2347,52,12,-128.2539228413562,6,-125.177939579655
2348,71,12,-167.68740842638795,12,-167.68740842638795
2349,29,12,-96.79732089859871,3,-65.56666537455592
2350,5,12,-83.00932314367421,1,-9.455237327983067
2351,14,12,-85.8996369884651,1,-27.0303393518663
2352,79,12,-187.92692573545764,12,-187.92692573545764
2353,51,12,-126.51534543777501,6,-121.9858949902555
2354,32,12,-99.88838970893231,6,-73.08599843278336
2355,23,12,-91.52653465497364,3,-48.91374309468091
2356,91,12,-222.3226706914009,12,-222.3226706914009
2357,6,12,-83.19527859488348,1,-10.586867266464079
2358,73,12,-172.54538426876832,12,-172.54538426876832
2359,65,12,-153.92134393244743,12,-153.92134393244743
2360,75,12,-177.53797429426584,12,-177.53797429426584
2361,87,12,-210.3194161813455,12,-210.3194161813455
2362,70,12,-165.30890638391594,12,-165.30890638391594
2363,40,12,-109.61584921025063,6,-90.95329633472858
2364,60,12,-143.3755650196889,12,-143.3755650196889
2365,36,12,-104.48223209634578,6,-81.52441352950547
2366,12,12,-85.02079284439587,1,-21.68888886194659
2367,35,12,-103.28316204691019,6,-79.32193460441326
2368,62,12,-147.492844759646,12,-147.492844759646
2369,69,12,-162.96406455953235,12,-162.96406455953235
2370,62,12,-147.492844759646,12,-147.492844759646
2371,58,12,-139.39301515084207,12,-139.39301515084207
2372,76,12,-180.08474406613544,12,-180.08474406613544
2373,18,12,-88.0627272398999,3,-37.96561375881964
2374,0,12,-82.58666666666669,1,-6.8822222222222225
2375,1,12,-82.6035744145978,1,-6.9851980409108565
2376,84,12,-201.67000297128635,12,-201.67000297128635
2377,77,12,-182.66516071256729,12,-182.66516071256729
2378,90,12,-219.27143120512085,12,-219.27143120512085
2379,21,12,-90.03970135905276,3,-44.21475244382181
2380,78,12,-185.27922201012348,12,-185.27922201012348
2381,13,12,-85.44332130828904,1,-24.257161856809045
2382,67,12,-158.37537046268577,12,-158.37537046268577
2383,17,12,-87.4712850103148,3,-36.095815994462484
2384,5,12,-83.00932314367421,1,-9.455237327983067
2385,26,12,-94.01001581178649,3,-56.76113061721671
2386,63,12,-149.60200276748782,12,-149.60200276748782
2387,27,12,-94.90536226632408,3,-59.5898777586643
2388,41,12,-110.98357657528959,6,-93.46522121489485
2389,13,12,-85.44332130828904,1,-24.257161856809045
2390,45,12,-116.79171153665492,6,-104.13151192781399
2391,48,12,-121.50183715622016,6,-112.7805402942011
2392,56,12,-135.54521295910172,12,-135.54521295910172
2393,58,12,-139.39301515084207,12,-139.39301515084207
2394,17,12,-87.4712850103148,3,-36.095815994462484
2395,86,12,-207.4026530580665,12,-207.4026530580665
2396,95,12,-234.86374178545628,20,-232.40560631336535
2397,89,12,-216.25380747683084,12,-216.25380747683084
2398,92,12,-225.4075237139973,12,-225.4075237139973
2399,77,12,-182.66516071256729,12,-182.66516071256729
2400,7,12,-83.41503688796908,1,-11.923979800667436
2401,26,12,-94.01001581178649,3,-56.76113061721671
2402,17,12,-87.4712850103148,3,-36.095815994462484
2403,68,12,-160.6528851776278,12,-160.6528851776278
2404,43,12,-113.8202034116098,6,-98.67466336494121
2405,47,12,-119.89808312874094,6,-109.83570678670114
2406,94,12,-231.6780614823333,20,-230.42240386096492
2407,92,12,-225.4075237139973,12,-225.4075237139973
2408,72,12,-170.09956846271837,12,-170.09956846271837
2409,58,12,-139.39301515084207,12,-139.39301515084207
2410,27,12,-94.90536226632408,3,-59.5898777586643
2411,6,12,-83.19527859488348,1,-10.586867266464079
2412,7,12,-83.41503688796908,1,-11.923979800667436
2413,53,12,-130.0262005218131,6,-128.43176816621013
2414,26,12,-94.01001581178649,3,-56.76113061721671
2415,75,12,-177.53797429426584,12,-177.53797429426584
2416,37,12,-105.71503806602566,6,-83.78879668536612
2417,93,12,-228.5259880514485,20,-228.46014739973276
2418,49,12,-123.13930036828388,6,-115.78718783779036
2419,20,12,-89.34693764525149,3,-42.025104283182344
2420,93,12,-228.5259880514485,20,-228.46014739973276
2421,56,12,-135.54521295910172,12,-135.54521295910172
2422,61,12,-145.41736476856974,12,-145.41736476856974
2423,55,12,-133.67184780709107,12,-133.67184780709107
2424,92,12,-225.4075237139973,12,-225.4075237139973
2425,23,12,-91.52653465497364,3,-48.91374309468091
2426,57,12,-137.45226948237894,12,-137.45226948237894
2427,9,12,-83.95595306941537,1,-15.214321990937147
2428,0,12,-82.58666666666669,1,-6.8822222222222225
2429,19,12,-88.68794552856191,3,-39.9420506223111
2430,71,12,-167.68740842638795,12,-167.68740842638795
2431,50,12,-124.81047053779731,6,-118.85564190652914
2432,38,12,-106.98157772725399,6,-86.11507655130762
2433,67,12,-158.37537046268577,12,-158.37537046268577
2434,30,12,-97.79392861672859,3,-68.71466132418306
2435,37,12,-105.71503806602566,6,-83.78879668536612
2436,56,12,-135.54521295910172,12,-135.54521295910172
2437,5,12,-83.00932314367421,1,-9.455237327983067
2438,59,12,-141.367447738551,12,-141.367447738551
2439,80,12,-190.60826966535672,12,-190.60826966535672
2440,90,12,-219.27143120512085,12,-219.27143120512085
2441,61,12,-145.41736476856974,12,-145.41736476856974
2442,31,12,-98.82428562999917,6,-71.1312116538696
2443,70,12,-165.30890638391594,12,-165.30890638391594
2444,89,12,-216.25380747683084,12,-216.25380747683084
2445,75,12,-177.53797429426584,12,-177.53797429426584
2446,17,12,-87.4712850103148,3,-36.095815994462484
2447,31,12,-98.82428562999917,6,-71.1312116538696
2448,31,12,-98.82428562999917,6,-71.1312116538696
2449,84,12,-201.67000297128635,12,-201.67000297128635
2450,90,12,-219.27143120512085,12,-219.27143120512085
2451,39,12,-108.28184885147208,6,-88.50324560744662
2452,50,12,-124.81047053779731,6,-118.85564190652914
2453,74,12,-175.02485362057575,12,-175.02485362057575
2454,38,12,-106.98157772725399,6,-86.11507655130762
2455,68,12,-160.6528851776278,12,-160.6528851776278
2456,39,12,-108.28184885147208,6,-88.50324560744662
2457,79,12,-187.92692573545764,12,-187.92692573545764
2458,13,12,-85.44332130828904,1,-24.257161856809045
2459,35,12,-103.28316204691019,6,-79.32193460441326
2460,11,12,-84.63205382862074,1,-19.32560286376086
2461,75,12,-177.53797429426584,12,-177.53797429426584
2462,54,12,-131.832176252549,6,-131.7473732422173
2463,36,12,-104.48223209634578,6,-81.52441352950547
2464,82,12,-196.07186924674602,12,-196.07186924674602
2465,75,12,-177.53797429426584,12,-177.53797429426584
2466,51,12,-126.51534543777501,6,-121.9858949902555
2467,34,12,-102.11783014653936,6,-77.18136743158533
2468,58,12,-139.39301515084207,12,-139.39301515084207
2469,80,12,-190.60826966535672,12,-190.60826966535672
2470,28,12,-95.83446470521845,3,-62.525063432602536
2471,9,12,-83.95595306941537,1,-15.214321990937147
2472,8,12,-83.66859579030925,1,-13.466492256876304
2473,17,12,-87.4712850103148,3,-36.095815994462484
2474,92,12,-225.4075237139973,12,-225.4075237139973
2475,25,12,-93.14842757160632,3,-54.03884427687615
2476,94,12,-231.6780614823333,20,-230.42240386096492
2477,59,12,-141.367447738551,12,-141.367447738551
2478,94,12,-231.6780614823333,20,-230.42240386096492
2479,59,12,-141.367447738551,12,-141.367447738551
2480,58,12,-139.39301515084207,12,-139.39301515084207
2481,18,12,-88.0627272398999,3,-37.96561375881964
2482,12,12,-85.02079284439587,1,-21.68888886194659
2483,1,12,-82.6035744145978,1,-6.9851980409108565
2484,27,12,-94.90536226632408,3,-59.5898777586643
2485,10,12,-84.27710649292833,1,-17.167386388250772
2486,67,12,-158.37537046268577,12,-158.37537046268577
2487,61,12,-145.41736476856974,12,-145.41736476856974
2488,16,12,-86.91362107098472,1,-33.19107800413937
2489,27,12,-94.90536226632408,3,-59.5898777586643
2490,6,12,-83.19527859488348,1,-10.586867266464079
2491,0,12,-82.58666666666669,1,-6.8822222222222225
2492,7,12,-83.41503688796908,1,-11.923979800667436
2493,25,12,-93.14842757160632,3,-54.03884427687615
2494,67,12,-158.37537046268577,12,-158.37537046268577
2495,59,12,-141.367447738551,12,-141.367447738551
2496,36,12,-104.48223209634578,6,-81.52441352950547
2497,44,12,-115.28909842694712,6,-101.37216560238318
2498,85,12,-204.51951458063076,12,-204.51951458063076
2499,72,12,-170.09956846271837,12,-170.09956846271837
2500,38,12,-106.98157772725399,6,-86.11507655130762
2501,42,12,-112.38502871842148,6,-96.03901273050752
2502,97,12,-241.33591412399238,20,-236.43484574939123
2503,36,12,-104.48223209634578,6,-81.52441352950547
2504,68,12,-160.6528851776278,12,-160.6528851776278
2505,91,12,-222.3226706914009,12,-222.3226706914009
2506,13,12,-85.44332130828904,1,-24.257161856809045
2507,13,12,-85.44332130828904,1,-24.257161856809045
2508,41,12,-110.98357657528959,6,-93.46522121489485
2509,72,12,-170.09956846271837,12,-170.09956846271837
2510,6,12,-83.19527859488348,1,-10.586867266464079
2511,94,12,-231.6780614823333,20,-230.42240386096492
2512,12,12,-85.02079284439587,1,-21.68888886194659
2513,98,12,-244.6224017175923,20,-238.4808810119756
2514,3,12,-82.73882969802135,1,-7.808756080935194
2515,16,12,-86.91362107098472,1,-33.19107800413937
2516,5,12,-83.00932314367421,1,-9.455237327983067
2517,40,12,-109.61584921025063,6,-90.95329633472858
2518,55,12,-133.67184780709107,12,-133.67184780709107
2519,29,12,-96.79732089859871,3,-65.56666537455592
2520,53,12,-130.0262005218131,6,-128.43176816621013
2521,22,12,-90.76623443917929,3,-46.51097281076241
2522,23,12,-91.52653465497364,3,-48.91374309468091
2523,36,12,-104.48223209634578,6,-81.52441352950547
2524,59,12,-141.367447738551,12,-141.367447738551
2525,34,12,-102.11783014653936,6,-77.18136743158533
2526,70,12,-165.30890638391594,12,-165.30890638391594
2527,6,12,-83.19527859488348,1,-10.586867266464079
2528,88,12,-213.26980172825859,12,-213.26980172825859
2529,76,12,-180.08474406613544,12,-180.08474406613544
2530,17,12,-87.4712850103148,3,-36.095815994462484
2531,95,12,-234.86374178545628,20,-232.40560631336535
2532,48,12,-121.50183715622016,6,-112.7805402942011
2533,37,12,-105.71503806602566,6,-83.78879668536612
2534,0,12,-82.58666666666669,1,-6.8822222222222225
2535,74,12,-175.02485362057575,12,-175.02485362057575
2536,4,12,-82.85717276709248,1,-8.529172688515441
2537,95,12,-234.86374178545628,20,-232.40560631336535
2538,60,12,-143.3755650196889,12,-143.3755650196889
2539,10,12,-84.27710649292833,1,-17.167386388250772
2540,29,12,-96.79732089859871,3,-65.56666537455592
2541,97,12,-241.33591412399238,20,-236.43484574939123
2542,13,12,-85.44332130828904,1,-24.257161856809045
2543,19,12,-88.68794552856191,3,-39.9420506223111
2544,41,12,-110.98357657528959,6,-93.46522121489485
2545,76,12,-180.08474406613544,12,-180.08474406613544
2546,44,12,-115.28909842694712,6,-101.37216560238318
2547,51,12,-126.51534543777501,6,-121.9858949902555
2548,16,12,-86.91362107098472,1,-33.19107800413937
2549,37,12,-105.71503806602566,6,-83.78879668536612
2550,14,12,-85.8996369884651,1,-27.0303393518663
2551,36,12,-104.48223209634578,6,-81.52441352950547
2552,4,12,-82.85717276709248,1,-8.529172688515441
2553,47,12,-119.89808312874094,6,-109.83570678670114
2554,0,12,-82.58666666666669,1,-6.8822222222222225
2555,49,12,-123.13930036828388,6,-115.78718783779036
2556,37,12,-105.71503806602566,6,-83.78879668536612
2557,75,12,-177.53797429426584,12,-177.53797429426584
2558,44,12,-115.28909842694712,6,-101.37216560238318
2559,69,12,-162.96406455953235,12,-162.96406455953235
2560,16,12,-86.91362107098472,1,-33.19107800413937
2561,16,12,-86.91362107098472,1,-33.19107800413937
2562,10,12,-84.27710649292833,1,-17.167386388250772
2563,5,12,-83.00932314367421,1,-9.455237327983067
2564,23,12,-91.52653465497364,3,-48.91374309468091
2565,47,12,-119.89808312874094,6,-109.83570678670114
2566,67,12,-158.37537046268577,12,-158.37537046268577
2567,38,12,-106.98157772725399,6,-86.11507655130762
2568,18,12,-88.0627272398999,3,-37.96561375881964
2569,94,12,-231.6780614823333,20,-230.42240386096492
2570,80,12,-190.60826966535672,12,-190.60826966535672
2571,31,12,-98.82428562999917,6,-71.1312116538696
2572,42,12,-112.38502871842148,6,-96.03901273050752
2573,47,12,-119.89808312874094,6,-109.83570678670114
2574,21,12,-90.03970135905276,3,-44.21475244382181
2575,97,12,-241.33591412399238,20,-236.43484574939123
2576,55,12,-133.67184780709107,12,-133.67184780709107
2577,74,12,-175.02485362057575,12,-175.02485362057575
2578,31,12,-98.82428562999917,6,-71.1312116538696
2579,83,12,-198.854120452488,12,-198.854120452488
2580,66,12,-156.13152263937536,12,-156.13152263937536
2581,19,12,-88.68794552856191,3,-39.9420506223111
2582,31,12,-98.82428562999917,6,-71.1312116538696
2583,19,12,-88.68794552856191,3,-39.9420506223111
2584,39,12,-108.28184885147208,6,-88.50324560744662
2585,39,12,-108.28184885147208,6,-88.50324560744662
2586,61,12,-145.41736476856974,12,-145.41736476856974
2587,97,12,-241.33591412399238,20,-236.43484574939123
2588,44,12,-115.28909842694712,6,-101.37216560238318
2589,54,12,-131.832176252549,6,-131.7473732422173
2590,94,12,-231.6780614823333,20,-230.42240386096492
2591,62,12,-147.492844759646,12,-147.492844759646
2592,76,12,-180.08474406613544,12,-180.08474406613544
2593,16,12,-86.91362107098472,1,-33.19107800413937
2594,80,12,-190.60826966535672,12,-190.60826966535672
2595,6,12,-83.19527859488348,1,-10.586867266464079
2596,68,12,-160.6528851776278,12,-160.6528851776278
2597,45,12,-116.79171153665492,6,-104.13151192781399
2598,84,12,-201.67000297128635,12,-201.67000297128635
2599,30,12,-97.79392861672859,3,-68.71466132418306
2600,76,12,-180.08474406613544,12,-180.08474406613544
2601,53,12,-130.0262005218131,6,-128.43176816621013
2602,33,12,-100.9862386241835,6,-75.10271953333199
2603,90,12,-219.27143120512085,12,-219.27143120512085
2604,18,12,-88.0627272398999,3,-37.96561375881964
2605,6,12,-83.19527859488348,1,-10.586867266464079
2606,2,12,-82.65429616947476,1,-7.294070267709967
2607,26,12,-94.01001581178649,3,-56.76113061721671
2608,25,12,-93.14842757160632,3,-54.03884427687615
2609,13,12,-85.44332130828904,1,-24.257161856809045
2610,63,12,-149.60200276748782,12,-149.60200276748782
2611,91,12,-222.3226706914009,12,-222.3226706914009
2612,62,12,-147.492844759646,12,-147.492844759646
2613,57,12,-137.45226948237894,12,-137.45226948237894
2614,37,12,-105.71503806602566,6,-83.78879668536612
2615,45,12,-116.79171153665492,6,-104.13151192781399
2616,21,12,-90.03970135905276,3,-44.21475244382181
2617,69,12,-162.96406455953235,12,-162.96406455953235
2618,49,12,-123.13930036828388,6,-115.78718783779036
2619,25,12,-93.14842757160632,3,-54.03884427687615
2620,12,12,-85.02079284439587,1,-21.68888886194659
2621,52,12,-128.2539228413562,6,-125.177939579655
2622,70,12,-165.30890638391594,12,-165.30890638391594
2623,47,12,-119.89808312874094,6,-109.83570678670114
2624,73,12,-172.54538426876832,12,-172.54538426876832
2625,10,12,-84.27710649292833,1,-17.167386388250772
2626,72,12,-170.09956846271837,12,-170.09956846271837
2627,90,12,-219.27143120512085,12,-219.27143120512085
2628,16,12,-86.91362107098472,1,-33.19107800413937
2629,95,12,-234.86374178545628,20,-232.40560631336535
2630,94,12,-231.6780614823333,20,-230.42240386096492
2631,38,12,-106.98157772725399,6,-86.11507655130762
2632,48,12,-121.50183715622016,6,-112.7805402942011
2633,60,12,-143.3755650196889,12,-143.3755650196889
2634,6,12,-83.19527859488348,1,-10.586867266464079
2635,70,12,-165.30890638391594,12,-165.30890638391594
2636,1,12,-82.6035744145978,1,-6.9851980409108565
2637,63,12,-149.60200276748782,12,-149.60200276748782
2638,65,12,-153.92134393244743,12,-153.92134393244743
2639,21,12,-90.03970135905276,3,-44.21475244382181
2640,46,12,-118.32804051309115,6,-106.95269482704867
2641,0,12,-82.58666666666669,1,-6.8822222222222225
2642,86,12,-207.4026530580665,12,-207.4026530580665
2643,36,12,-104.48223209634578,6,-81.52441352950547
2644,26,12,-94.01001581178649,3,-56.76113061721671
2645,20,12,-89.34693764525149,3,-42.025104283182344
2646,84,12,-201.67000297128635,12,-201.67000297128635
2647,34,12,-102.11783014653936,6,-77.18136743158533
2648,61,12,-145.41736476856974,12,-145.41736476856974
2649,30,12,-97.79392861672859,3,-68.71466132418306
2650,27,12,-94.90536226632408,3,-59.5898777586643
2651,73,12,-172.54538426876832,12,-172.54538426876832
2652,72,12,-170.09956846271837,12,-170.09956846271837
2653,52,12,-128.2539228413562,6,-125.177939579655
2654,84,12,-201.67000297128635,12,-201.67000297128635
2655,23,12,-91.52653465497364,3,-48.91374309468091
2656,62,12,-147.492844759646,12,-147.492844759646
2657,48,12,-121.50183715622016,6,-112.7805402942011
2658,59,12,-141.367447738551,12,-141.367447738551
2659,43,12,-113.8202034116098,6,-98.67466336494121
2660,42,12,-112.38502871842148,6,-96.03901273050752
2661,13,12,-85.44332130828904,1,-24.257161856809045
2662,9,12,-83.95595306941537,1,-15.214321990937147
2663,27,12,-94.90536226632408,3,-59.5898777586643
2664,90,12,-219.27143120512085,12,-219.27143120512085
2665,34,12,-102.11783014653936,6,-77.18136743158533
2666,70,12,-165.30890638391594,12,-165.30890638391594
2667,41,12,-110.98357657528959,6,-93.46522121489485
2668,37,12,-105.71503806602566,6,-83.78879668536612
2669,6,12,-83.19527859488348,1,-10.586867266464079
2670,58,12,-139.39301515084207,12,-139.39301515084207
2671,85,12,-204.51951458063076,12,-204.51951458063076
2672,3,12,-82.73882969802135,1,-7.808756080935194
2673,75,12,-177.53797429426584,12,-177.53797429426584
2674,11,12,-84.63205382862074,1,-19.32560286376086
2675,29,12,-96.79732089859871,3,-65.56666537455592
2676,78,12,-185.27922201012348,12,-185.27922201012348
2677,83,12,-198.854120452488,12,-198.854120452488
2678,26,12,-94.01001581178649,3,-56.76113061721671
2679,80,12,-190.60826966535672,12,-190.60826966535672
2680,35,12,-103.28316204691019,6,-79.32193460441326
2681,52,12,-128.2539228413562,6,-125.177939579655
2682,17,12,-87.4712850103148,3,-36.095815994462484
2683,80,12,-190.60826966535672,12,-190.60826966535672
2684,10,12,-84.27710649292833,1,-17.167386388250772
2685,60,12,-143.3755650196889,12,-143.3755650196889
2686,73,12,-172.54538426876832,12,-172.54538426876832
2687,99,12,-247.94248729970576,20,-240.54785882360903
2688,25,12,-93.14842757160632,3,-54.03884427687615
2689,26,12,-94.01001581178649,3,-56.76113061721671
2690,51,12,-126.51534543777501,6,-121.9858949902555
2691,79,12,-187.92692573545764,12,-187.92692573545764
2692,27,12,-94.90536226632408,3,-59.5898777586643
2693,4,12,-82.85717276709248,1,-8.529172688515441
2694,85,12,-204.51951458063076,12,-204.51951458063076
2695,53,12,-130.0262005218131,6,-128.43176816621013
2696,23,12,-91.52653465497364,3,-48.91374309468091
2697,22,12,-90.76623443917929,3,-46.51097281076241
2698,92,12,-225.4075237139973,12,-225.4075237139973
2699,43,12,-113.8202034116098,6,-98.67466336494121
2700,6,12,-83.19527859488348,1,-10.586867266464079
2701,13,12,-85.44332130828904,1,-24.257161856809045
2702,77,12,-182.66516071256729,12,-182.66516071256729
2703,17,12,-87.4712850103148,3,-36.095815994462484
2704,40,12,-109.61584921025063,6,-90.95329633472858
2705,94,12,-231.6780614823333,20,-230.42240386096492
2706,68,12,-160.6528851776278,12,-160.6528851776278
2707,18,12,-88.0627272398999,3,-37.96561375881964
2708,2,12,-82.65429616947476,1,-7.294070267709967
2709,27,12,-94.90536226632408,3,-59.5898777586643
2710,8,12,-83.66859579030925,1,-13.466492256876304
2711,79,12,-187.92692573545764,12,-187.92692573545764
2712,51,12,-126.51534543777501,6,-121.9858949902555
2713,87,12,-210.3194161813455,12,-210.3194161813455
2714,47,12,-119.89808312874094,6,-109.83570678670114
2715,63,12,-149.60200276748782,12,-149.60200276748782
2716,30,12,-97.79392861672859,3,-68.71466132418306
2717,13,12,-85.44332130828904,1,-24.257161856809045
2718,92,12,-225.4075237139973,12,-225.4075237139973
2719,46,12,-118.32804051309115,6,-106.95269482704867
2720,14,12,-85.8996369884651,1,-27.0303393518663
2721,46,12,-118.32804051309115,6,-106.95269482704867
2722,45,12,-116.79171153665492,6,-104.13151192781399
2723,97,12,-241.33591412399238,20,-236.43484574939123
2724,4,12,-82.85717276709248,1,-8.529172688515441
2725,10,12,-84.27710649292833,1,-17.167386388250772
2726,63,12,-149.60200276748782,12,-149.60200276748782
2727,18,12,-88.0627272398999,3,-37.96561375881964
2728,72,12,-170.09956846271837,12,-170.09956846271837
2729,58,12,-139.39301515084207,12,-139.39301515084207
2730,73,12,-172.54538426876832,12,-172.54538426876832
2731,13,12,-85.44332130828904,1,-24.257161856809045
2732,12,12,-85.02079284439587,1,-21.68888886194659
2733,29,12,-96.79732089859871,3,-65.56666537455592
2734,78,12,-185.27922201012348,12,-185.27922201012348
2735,77,12,-182.66516071256729,12,-182.66516071256729
2736,9,12,-83.95595306941537,1,-15.214321990937147
2737,46,12,-118.32804051309115,6,-106.95269482704867
2738,60,12,-143.3755650196889,12,-143.3755650196889
2739,76,12,-180.08474406613544,12,-180.08474406613544
2740,29,12,-96.79732089859871,3,-65.56666537455592
2741,75,12,-177.53797429426584,12,-177.53797429426584
2742,24,12,-92.32059977591312,3,-51.42304101039932
2743,59,12,-141.367447738551,12,-141.367447738551
2744,72,12,-170.09956846271837,12,-170.09956846271837
2745,15,12,-86.38973765322098,1,-30.008338880137654
2746,54,12,-131.832176252549,6,-131.7473732422173
2747,32,12,-99.88838970893231,6,-73.08599843278336
2748,80,12,-190.60826966535672,12,-190.60826966535672
2749,11,12,-84.63205382862074,1,-19.32560286376086
2750,15,12,-86.38973765322098,1,-30.008338880137654
2751,25,12,-93.14842757160632,3,-54.03884427687615
2752,21,12,-90.03970135905276,3,-44.21475244382181
2753,22,12,-90.76623443917929,3,-46.51097281076241
2754,81,12,-193.3232515767758,12,-193.3232515767758
2755,92,12,-225.4075237139973,12,-225.4075237139973
2756,91,12,-222.3226706914009,12,-222.3226706914009
2757,72,12,-170.09956846271837,12,-170.09956846271837
2758,91,12,-222.3226706914009,12,-222.3226706914009
2759,92,12,-225.4075237139973,12,-225.4075237139973
2760,99,12,-247.94248729970576,20,-240.54785882360903
2761,30,12,-97.79392861672859,3,-68.71466132418306
2762,41,12,-110.98357657528959,6,-93.46522121489485
2763,9,12,-83.95595306941537,1,-15.214321990937147
2764,52,12,-128.2539228413562,6,-125.177939579655
2765,43,12,-113.8202034116098,6,-98.67466336494121
2766,81,12,-193.3232515767758,12,-193.3232515767758
2767,50,12,-124.81047053779731,6,-118.85564190652914
2768,16,12,-86.91362107098472,1,-33.19107800413937
2769,64,12,-151.74483656681207,12,-151.74483656681207
2770,26,12,-94.01001581178649,3,-56.76113061721671
2771,7,12,-83.41503688796908,1,-11.923979800667436
2772,54,12,-131.832176252549,6,-131.7473732422173
2773,82,12,-196.07186924674602,12,-196.07186924674602
2774,58,12,-139.39301515084207,12,-139.39301515084207
2775,75,12,-177.53797429426584,12,-177.53797429426584
2776,57,12,-137.45226948237894,12,-137.45226948237894
2777,58,12,-139.39301515084207,12,-139.39301515084207
2778,76,12,-180.08474406613544,12,-180.08474406613544
2779,13,12,-85.44332130828904,1,-24.257161856809045
2780,72,12,-170.09956846271837,12,-170.09956846271837
2781,18,12,-88.0627272398999,3,-37.96561375881964
2782,17,12,-87.4712850103148,3,-36.095815994462484
2783,42,12,-112.38502871842148,6,-96.03901273050752
2784,44,12,-115.28909842694712,6,-101.37216560238318
2785,98,12,-244.6224017175923,20,-238.4808810119756
2786,75,12,-177.53797429426584,12,-177.53797429426584
2787,87,12,-210.3194161813455,12,-210.3194161813455
2788,70,12,-165.30890638391594,12,-165.30890638391594
2789,78,12,-185.27922201012348,12,-185.27922201012348
2790,46,12,-118.32804051309115,6,-106.95269482704867
2791,54,12,-131.832176252549,6,-131.7473732422173
2792,50,12,-124.81047053779731,6,-118.85564190652914
2793,43,12,-113.8202034116098,6,-98.67466336494121
2794,65,12,-153.92134393244743,12,-153.92134393244743
2795,78,12,-185.27922201012348,12,-185.27922201012348
2796,6,12,-83.19527859488348,1,-10.586867266464079
2797,47,12,-119.89808312874094,6,-109.83570678670114
2798,44,12,-115.28909842694712,6,-101.37216560238318
2799,9,12,-83.95595306941537,1,-15.214321990937147
2800,3,12,-82.73882969802135,1,-7.808756080935194
2801,9,12,-83.95595306941537,1,-15.214321990937147
2802,34,12,-102.11783014653936,6,-77.18136743158533
2803,94,12,-231.6780614823333,20,-230.42240386096492
2804,1,12,-82.6035744145978,1,-6.9851980409108565
2805,38,12,-106.98157772725399,6,-86.11507655130762
2806,78,12,-185.27922201012348,12,-185.27922201012348
2807,80,12,-190.60826966535672,12,-190.60826966535672
2808,94,12,-231.6780614823333,20,-230.42240386096492
2809,50,12,-124.81047053779731,6,-118.85564190652914
2810,13,12,-85.44332130828904,1,-24.257161856809045
2811,86,12,-207.4026530580665,12,-207.4026530580665
2812,46,12,-118.32804051309115,6,-106.95269482704867
2813,99,12,-247.94248729970576,20,-240.54785882360903
2814,87,12,-210.3194161813455,12,-210.3194161813455
2815,37,12,-105.71503806602566,6,-83.78879668536612
2816,93,12,-228.5259880514485,20,-228.46014739973276
2817,90,12,-219.27143120512085,12,-219.27143120512085
2818,82,12,-196.07186924674602,12,-196.07186924674602
2819,86,12,-207.4026530580665,12,-207.4026530580665
2820,6,12,-83.19527859488348,1,-10.586867266464079
2821,74,12,-175.02485362057575,12,-175.02485362057575
2822,43,12,-113.8202034116098,6,-98.67466336494121
2823,1,12,-82.6035744145978,1,-6.9851980409108565
2824,73,12,-172.54538426876832,12,-172.54538426876832
2825,90,12,-219.27143120512085,12,-219.27143120512085
2826,48,12,-121.50183715622016,6,-112.7805402942011
2827,79,12,-187.92692573545764,12,-187.92692573545764
2828,17,12,-87.4712850103148,3,-36.095815994462484
2829,19,12,-88.68794552856191,3,-39.9420506223111
2830,19,12,-88.68794552856191,3,-39.9420506223111
2831,65,12,-153.92134393244743,12,-153.92134393244743
2832,27,12,-94.90536226632408,3,-59.5898777586643
2833,35,12,-103.28316204691019,6,-79.32193460441326
2834,9,12,-83.95595306941537,1,-15.214321990937147
2835,13,12,-85.44332130828904,1,-24.257161856809045
2836,53,12,-130.0262005218131,6,-128.43176816621013
2837,70,12,-165.30890638391594,12,-165.30890638391594
2838,88,12,-213.26980172825859,12,-213.26980172825859
2839,10,12,-84.27710649292833,1,-17.167386388250772
2840,43,12,-113.8202034116098,6,-98.67466336494121
2841,5,12,-83.00932314367421,1,-9.455237327983067
2842,40,12,-109.61584921025063,6,-90.95329633472858
2843,15,12,-86.38973765322098,1,-30.008338880137654
2844,14,12,-85.8996369884651,1,-27.0303393518663
2845,85,12,-204.51951458063076,12,-204.51951458063076
2846,0,12,-82.58666666666669,1,-6.8822222222222225
2847,35,12,-103.28316204691019,6,-79.32193460441326
2848,97,12,-241.33591412399238,20,-236.43484574939123
2849,14,12,-85.8996369884651,1,-27.0303393518663
2850,6,12,-83.19527859488348,1,-10.586867266464079
2851,88,12,-213.26980172825859,12,-213.26980172825859
2852,3,12,-82.73882969802135,1,-7.808756080935194
2853,68,12,-160.6528851776278,12,-160.6528851776278
2854,95,12,-234.86374178545628,20,-232.40560631336535
2855,27,12,-94.90536226632408,3,-59.5898777586643
2856,67,12,-158.37537046268577,12,-158.37537046268577
2857,34,12,-102.11783014653936,6,-77.18136743158533
2858,41,12,-110.98357657528959,6,-93.46522121489485
2859,13,12,-85.44332130828904,1,-24.257161856809045
2860,17,12,-87.4712850103148,3,-36.095815994462484
2861,40,12,-109.61584921025063,6,-90.95329633472858
2862,74,12,-175.02485362057575,12,-175.02485362057575
2863,38,12,-106.98157772725399,6,-86.11507655130762
2864,42,12,-112.38502871842148,6,-96.03901273050752
2865,67,12,-158.37537046268577,12,-158.37537046268577
2866,27,12,-94.90536226632408,3,-59.5898777586643
2867,60,12,-143.3755650196889,12,-143.3755650196889
2868,15,12,-86.38973765322098,1,-30.008338880137654
2869,34,12,-102.11783014653936,6,-77.18136743158533
2870,50,12,-124.81047053779731,6,-118.85564190652914
2871,44,12,-115.28909842694712,6,-101.37216560238318
2872,84,12,-201.67000297128635,12,-201.67000297128635
2873,52,12,-128.2539228413562,6,-125.177939579655
2874,25,12,-93.14842757160632,3,-54.03884427687615
2875,75,12,-177.53797429426584,12,-177.53797429426584
2876,44,12,-115.28909842694712,6,-101.37216560238318
2877,81,12,-193.3232515767758,12,-193.3232515767758
2878,5,12,-83.00932314367421,1,-9.455237327983067
2879,83,12,-198.854120452488,12,-198.854120452488
2880,71,12,-167.68740842638795,12,-167.68740842638795
2881,68,12,-160.6528851776278,12,-160.6528851776278
2882,95,12,-234.86374178545628,20,-232.40560631336535
2883,93,12,-228.5259880514485,20,-228.46014739973276
2884,91,12,-222.3226706914009,12,-222.3226706914009
2885,32,12,-99.88838970893231,6,-73.08599843278336
2886,41,12,-110.98357657528959,6,-93.46522121489485
2887,82,12,-196.07186924674602,12,-196.07186924674602
2888,29,12,-96.79732089859871,3,-65.56666537455592
2889,13,12,-85.44332130828904,1,-24.257161856809045
2890,9,12,-83.95595306941537,1,-15.214321990937147
2891,54,12,-131.832176252549,6,-131.7473732422173
2892,8,12,-83.66859579030925,1,-13.466492256876304
2893,25,12,-93.14842757160632,3,-54.03884427687615
2894,33,12,-100.9862386241835,6,-75.10271953333199
2895,17,12,-87.4712850103148,3,-36.095815994462484
2896,47,12,-119.89808312874094,6,-109.83570678670114
2897,16,12,-86.91362107098472,1,-33.19107800413937
2898,49,12,-123.13930036828388,6,-115.78718783779036
2899,62,12,-147.492844759646,12,-147.492844759646
2900,71,12,-167.68740842638795,12,-167.68740842638795
2901,94,12,-231.6780614823333,20,-230.42240386096492
2902,80,12,-190.60826966535672,12,-190.60826966535672
2903,86,12,-207.4026530580665,12,-207.4026530580665
2904,37,12,-105.71503806602566,6,-83.78879668536612
2905,9,12,-83.95595306941537,1,-15.214321990937147
2906,46,12,-118.32804051309115,6,-106.95269482704867
2907,12,12,-85.02079284439587,1,-21.68888886194659
2908,88,12,-213.26980172825859,12,-213.26980172825859
2909,22,12,-90.76623443917929,3,-46.51097281076241
2910,56,12,-135.54521295910172,12,-135.54521295910172
2911,78,12,-185.27922201012348,12,-185.27922201012348
2912,45,12,-116.79171153665492,6,-104.13151192781399
2913,33,12,-100.9862386241835,6,-75.10271953333199
2914,62,12,-147.492844759646,12,-147.492844759646
2915,4,12,-82.85717276709248,1,-8.529172688515441
2916,69,12,-162.96406455953235,12,-162.96406455953235
2917,76,12,-180.08474406613544,12,-180.08474406613544
2918,41,12,-110.98357657528959,6,-93.46522121489485
2919,12,12,-85.02079284439587,1,-21.68888886194659
2920,0,12,-82.58666666666669,1,-6.8822222222222225
2921,69,12,-162.96406455953235,12,-162.96406455953235
2922,22,12,-90.76623443917929,3,-46.51097281076241
2923,97,12,-241.33591412399238,20,-236.43484574939123
2924,49,12,-123.13930036828388,6,-115.78718783779036
2925,65,12,-153.92134393244743,12,-153.92134393244743
2926,10,12,-84.27710649292833,1,-17.167386388250772
2927,70,12,-165.30890638391594,12,-165.30890638391594
2928,16,12,-86.91362107098472,1,-33.19107800413937
2929,71,12,-167.68740842638795,12,-167.68740842638795
2930,27,12,-94.90536226632408,3,-59.5898777586643
2931,38,12,-106.98157772725399,6,-86.11507655130762
2932,84,12,-201.67000297128635,12,-201.67000297128635
2933,41,12,-110.98357657528959,6,-93.46522121489485
2934,82,12,-196.07186924674602,12,-196.07186924674602
2935,70,12,-165.30890638391594,12,-165.30890638391594
2936,38,12,-106.98157772725399,6,-86.11507655130762
2937,34,12,-102.11783014653936,6,-77.18136743158533
2938,74,12,-175.02485362057575,12,-175.02485362057575
2939,40,12,-109.61584921025063,6,-90.95329633472858
2940,40,12,-109.61584921025063,6,-90.95329633472858
2941,27,12,-94.90536226632408,3,-59.5898777586643
2942,94,12,-231.6780614823333,20,-230.42240386096492
2943,36,12,-104.48223209634578,6,-81.52441352950547
2944,98,12,-244.6224017175923,20,-238.4808810119756
2945,59,12,-141.367447738551,12,-141.367447738551
2946,89,12,-216.25380747683084,12,-216.25380747683084
2947,27,12,-94.90536226632408,3,-59.5898777586643
2948,56,12,-135.54521295910172,12,-135.54521295910172
2949,58,12,-139.39301515084207,12,-139.39301515084207
2950,31,12,-98.82428562999917,6,-71.1312116538696
2951,48,12,-121.50183715622016,6,-112.7805402942011
2952,3,12,-82.73882969802135,1,-7.808756080935194
2953,64,12,-151.74483656681207,12,-151.74483656681207
2954,37,12,-105.71503806602566,6,-83.78879668536612
2955,39,12,-108.28184885147208,6,-88.50324560744662
2956,12,12,-85.02079284439587,1,-21.68888886194659
2957,84,12,-201.67000297128635,12,-201.67000297128635
2958,75,12,-177.53797429426584,12,-177.53797429426584
2959,76,12,-180.08474406613544,12,-180.08474406613544
2960,91,12,-222.3226706914009,12,-222.3226706914009
2961,47,12,-119.89808312874094,6,-109.83570678670114
2962,57,12,-137.45226948237894,12,-137.45226948237894
2963,21,12,-90.03970135905276,3,-44.21475244382181
2964,12,12,-85.02079284439587,1,-21.68888886194659
2965,17,12,-87.4712850103148,3,-36.095815994462484
2966,39,12,-108.28184885147208,6,-88.50324560744662
2967,31,12,-98.82428562999917,6,-71.1312116538696
2968,29,12,-96.79732089859871,3,-65.56666537455592
2969,55,12,-133.67184780709107,12,-133.67184780709107
2970,65,12,-153.92134393244743,12,-153.92134393244743
2971,37,12,-105.71503806602566,6,-83.78879668536612
2972,0,12,-82.58666666666669,1,-6.8822222222222225
2973,23,12,-91.52653465497364,3,-48.91374309468091
2974,13,12,-85.44332130828904,1,-24.257161856809045
2975,8,12,-83.66859579030925,1,-13.466492256876304
2976,84,12,-201.67000297128635,12,-201.67000297128635
2977,53,12,-130.0262005218131,6,-128.43176816621013
2978,82,12,-196.07186924674602,12,-196.07186924674602
2979,80,12,-190.60826966535672,12,-190.60826966535672
2980,13,12,-85.44332130828904,1,-24.257161856809045
2981,8,12,-83.66859579030925,1,-13.466492256876304
2982,6,12,-83.19527859488348,1,-10.586867266464079
2983,27,12,-94.90536226632408,3,-59.5898777586643
2984,37,12,-105.71503806602566,6,-83.78879668536612
2985,35,12,-103.28316204691019,6,-79.32193460441326
2986,40,12,-109.61584921025063,6,-90.95329633472858
2987,26,12,-94.01001581178649,3,-56.76113061721671
2988,94,12,-231.6780614823333,20,-230.42240386096492
2989,76,12,-180.08474406613544,12,-180.08474406613544
2990,57,12,-137.45226948237894,12,-137.45226948237894
2991,45,12,-116.79171153665492,6,-104.13151192781399
2992,80,12,-190.60826966535672,12,-190.60826966535672
2993,58,12,-139.39301515084207,12,-139.39301515084207
2994,23,12,-91.52653465497364,3,-48.91374309468091
2995,72,12,-170.09956846271837,12,-170.09956846271837
2996,80,12,-190.60826966535672,12,-190.60826966535672
2997,18,12,-88.0627272398999,3,-37.96561375881964
2998,74,12,-175.02485362057575,12,-175.02485362057575
2999,15,12,-86.38973765322098,1,-30.008338880137654
3000,88,12,-213.26980172825859,12,-213.26980172825859
3001,64,12,-151.74483656681207,12,-151.74483656681207
3002,3,12,-82.73882969802135,1,-7.808756080935194
3003,90,12,-219.27143120512085,12,-219.27143120512085
3004,20,12,-89.34693764525149,3,-42.025104283182344
3005,47,12,-119.89808312874094,6,-109.83570678670114
3006,62,12,-147.492844759646,12,-147.492844759646
3007,97,12,-241.33591412399238,20,-236.43484574939123
3008,24,12,-92.32059977591312,3,-51.42304101039932
3009,82,12,-196.07186924674602,12,-196.07186924674602
3010,40,12,-109.61584921025063,6,-90.95329633472858
3011,9,12,-83.95595306941537,1,-15.214321990937147
3012,72,12,-170.09956846271837,12,-170.09956846271837
3013,71,12,-167.68740842638795,12,-167.68740842638795
3014,92,12,-225.4075237139973,12,-225.4075237139973
3015,41,12,-110.98357657528959,6,-93.46522121489485
3016,19,12,-88.68794552856191,3,-39.9420506223111
3017,86,12,-207.4026530580665,12,-207.4026530580665
3018,67,12,-158.37537046268577,12,-158.37537046268577
3019,78,12,-185.27922201012348,12,-185.27922201012348
3020,66,12,-156.13152263937536,12,-156.13152263937536
3021,87,12,-210.3194161813455,12,-210.3194161813455
3022,24,12,-92.32059977591312,3,-51.42304101039932
3023,84,12,-201.67000297128635,12,-201.67000297128635
3024,35,12,-103.28316204691019,6,-79.32193460441326
3025,46,12,-118.32804051309115,6,-106.95269482704867
3026,32,12,-99.88838970893231,6,-73.08599843278336
3027,34,12,-102.11783014653936,6,-77.18136743158533
3028,42,12,-112.38502871842148,6,-96.03901273050752
3029,92,12,-225.4075237139973,12,-225.4075237139973
3030,37,12,-105.71503806602566,6,-83.78879668536612
3031,82,12,-196.07186924674602,12,-196.07186924674602
3032,55,12,-133.67184780709107,12,-133.67184780709107
3033,35,12,-103.28316204691019,6,-79.32193460441326
3034,99,12,-247.94248729970576,20,-240.54785882360903
3035,65,12,-153.92134393244743,12,-153.92134393244743
3036,93,12,-228.5259880514485,20,-228.46014739973276
3037,20,12,-89.34693764525149,3,-42.025104283182344
3038,99,12,-247.94248729970576,20,-240.54785882360903
3039,46,12,-118.32804051309115,6,-106.95269482704867
3040,98,12,-244.6224017175923,20,-238.4808810119756
3041,91,12,-222.3226706914009,12,-222.3226706914009
3042,62,12,-147.492844759646,12,-147.492844759646
3043,62,12,-147.492844759646,12,-147.492844759646
3044,78,12,-185.27922201012348,12,-185.27922201012348
3045,30,12,-97.79392861672859,3,-68.71466132418306
3046,91,12,-222.3226706914009,12,-222.3226706914009
3047,51,12,-126.51534543777501,6,-121.9858949902555
3048,4,12,-82.85717276709248,1,-8.529172688515441
3049,68,12,-160.6528851776278,12,-160.6528851776278
3050,6,12,-83.19527859488348,1,-10.586867266464079
3051,41,12,-110.98357657528959,6,-93.46522121489485
3052,3,12,-82.73882969802135,1,-7.808756080935194
3053,39,12,-108.28184885147208,6,-88.50324560744662
3054,27,12,-94.90536226632408,3,-59.5898777586643
3055,13,12,-85.44332130828904,1,-24.257161856809045
3056,44,12,-115.28909842694712,6,-101.37216560238318
3057,0,12,-82.58666666666669,1,-6.8822222222222225
3058,74,12,-175.02485362057575,12,-175.02485362057575
3059,93,12,-228.5259880514485,20,-228.46014739973276
3060,78,12,-185.27922201012348,12,-185.27922201012348
3061,0,12,-82.58666666666669,1,-6.8822222222222225
3062,0,12,-82.58666666666669,1,-6.8822222222222225
3063,96,12,-238.08302673965238,20,-234.40975389635224
3064,11,12,-84.63205382862074,1,-19.32560286376086
3065,29,12,-96.79732089859871,3,-65.56666537455592
3066,5,12,-83.00932314367421,1,-9.455237327983067
3067,69,12,-162.96406455953235,12,-162.96406455953235
3068,57,12,-137.45226948237894,12,-137.45226948237894
3069,30,12,-97.79392861672859,3,-68.71466132418306
3070,18,12,-88.0627272398999,3,-37.96561375881964
3071,16,12,-86.91362107098472,1,-33.19107800413937
3072,81,12,-193.3232515767758,12,-193.3232515767758
3073,75,12,-177.53797429426584,12,-177.53797429426584
3074,9,12,-83.95595306941537,1,-15.214321990937147
3075,9,12,-83.95595306941537,1,-15.214321990937147
3076,90,12,-219.27143120512085,12,-219.27143120512085
3077,76,12,-180.08474406613544,12,-180.08474406613544
3078,64,12,-151.74483656681207,12,-151.74483656681207
3079,28,12,-95.83446470521845,3,-62.525063432602536
3080,77,12,-182.66516071256729,12,-182.66516071256729
3081,87,12,-210.3194161813455,12,-210.3194161813455
3082,58,12,-139.39301515084207,12,-139.39301515084207
3083,48,12,-121.50183715622016,6,-112.7805402942011
3084,27,12,-94.90536226632408,3,-59.5898777586643
3085,25,12,-93.14842757160632,3,-54.03884427687615
3086,84,12,-201.67000297128635,12,-201.67000297128635
3087,76,12,-180.08474406613544,12,-180.08474406613544
3088,24,12,-92.32059977591312,3,-51.42304101039932
3089,5,12,-83.00932314367421,1,-9.455237327983067
3090,34,12,-102.11783014653936,6,-77.18136743158533
3091,76,12,-180.08474406613544,12,-180.08474406613544
3092,59,12,-141.367447738551,12,-141.367447738551
3093,43,12,-113.8202034116098,6,-98.67466336494121
3094,79,12,-187.92692573545764,12,-187.92692573545764
3095,59,12,-141.367447738551,12,-141.367447738551
3096,21,12,-90.03970135905276,3,-44.21475244382181
3097,12,12,-85.02079284439587,1,-21.68888886194659
3098,98,12,-244.6224017175923,20,-238.4808810119756
3099,5,12,-83.00932314367421,1,-9.455237327983067
3100,20,12,-89.34693764525149,3,-42.025104283182344
3101,31,12,-98.82428562999917,6,-71.1312116538696
3102,98,12,-244.6224017175923,20,-238.4808810119756
3103,23,12,-91.52653465497364,3,-48.91374309468091
3104,19,12,-88.68794552856191,3,-39.9420506223111
3105,85,12,-204.51951458063076,12,-204.51951458063076
3106,47,12,-119.89808312874094,6,-109.83570678670114
3107,6,12,-83.19527859488348,1,-10.586867266464079
3108,68,12,-160.6528851776278,12,-160.6528851776278
3109,73,12,-172.54538426876832,12,-172.54538426876832
3110,24,12,-92.32059977591312,3,-51.42304101039932
3111,47,12,-119.89808312874094,6,-109.83570678670114
3112,32,12,-99.88838970893231,6,-73.08599843278336
3113,74,12,-175.02485362057575,12,-175.02485362057575
3114,90,12,-219.27143120512085,12,-219.27143120512085
3115,91,12,-222.3226706914009,12,-222.3226706914009
3116,16,12,-86.91362107098472,1,-33.19107800413937
3117,98,12,-244.6224017175923,20,-238.4808810119756
3118,22,12,-90.76623443917929,3,-46.51097281076241
3119,28,12,-95.83446470521845,3,-62.525063432602536
3120,28,12,-95.83446470521845,3,-62.525063432602536
3121,78,12,-185.27922201012348,12,-185.27922201012348
3122,89,12,-216.25380747683084,12,-216.25380747683084
3123,5,12,-83.00932314367421,1,-9.455237327983067
3124,66,12,-156.13152263937536,12,-156.13152263937536
3125,35,12,-103.28316204691019,6,-79.32193460441326
3126,75,12,-177.53797429426584,12,-177.53797429426584
3127,51,12,-126.51534543777501,6,-121.9858949902555
3128,77,12,-182.66516071256729,12,-182.66516071256729
3129,99,12,-247.94248729970576,20,-240.54785882360903
3130,56,12,-135.54521295910172,12,-135.54521295910172
3131,95,12,-234.86374178545628,20,-232.40560631336535
3132,94,12,-231.6780614823333,20,-230.42240386096492
3133,5,12,-83.00932314367421,1,-9.455237327983067
3134,29,12,-96.79732089859871,3,-65.56666537455592
3135,91,12,-222.3226706914009,12,-222.3226706914009
3136,53,12,-130.0262005218131,6,-128.43176816621013
3137,65,12,-153.92134393244743,12,-153.92134393244743
3138,61,12,-145.41736476856974,12,-145.41736476856974
3139,26,12,-94.01001581178649,3,-56.76113061721671
3140,28,12,-95.83446470521845,3,-62.525063432602536
3141,39,12,-108.28184885147208,6,-88.50324560744662
3142,97,12,-241.33591412399238,20,-236.43484574939123
3143,47,12,-119.89808312874094,6,-109.83570678670114
3144,32,12,-99.88838970893231,6,-73.08599843278336
3145,4,12,-82.85717276709248,1,-8.529172688515441
3146,54,12,-131.832176252549,6,-131.7473732422173
3147,0,12,-82.58666666666669,1,-6.8822222222222225
3148,11,12,-84.63205382862074,1,-19.32560286376086
3149,51,12,-126.51534543777501,6,-121.9858949902555
3150,99,12,-247.94248729970576,20,-240.54785882360903
3151,68,12,-160.6528851776278,12,-160.6528851776278
3152,26,12,-94.01001581178649,3,-56.76113061721671
3153,15,12,-86.38973765322098,1,-30.008338880137654
3154,92,12,-225.4075237139973,12,-225.4075237139973
3155,16,12,-86.91362107098472,1,-33.19107800413937
3156,70,12,-165.30890638391594,12,-165.30890638391594
3157,95,12,-234.86374178545628,20,-232.40560631336535
3158,2,12,-82.65429616947476,1,-7.294070267709967
3159,17,12,-87.4712850103148,3,-36.095815994462484
3160,65,12,-153.92134393244743,12,-153.92134393244743
3161,32,12,-99.88838970893231,6,-73.08599843278336
3162,97,12,-241.33591412399238,20,-236.43484574939123
3163,38,12,-106.98157772725399,6,-86.11507655130762
3164,68,12,-160.6528851776278,12,-160.6528851776278
3165,94,12,-231.6780614823333,20,-230.42240386096492
3166,4,12,-82.85717276709248,1,-8.529172688515441
3167,79,12,-187.92692573545764,12,-187.92692573545764
3168,21,12,-90.03970135905276,3,-44.21475244382181
3169,10,12,-84.27710649292833,1,-17.167386388250772
3170,16,12,-86.91362107098472,1,-33.19107800413937
3171,2,12,-82.65429616947476,1,-7.294070267709967
3172,46,12,-118.32804051309115,6,-106.95269482704867
3173,61,12,-145.41736476856974,12,-145.41736476856974
3174,46,12,-118.32804051309115,6,-106.95269482704867
3175,32,12,-99.88838970893231,6,-73.08599843278336
3176,23,12,-91.52653465497364,3,-48.91374309468091
3177,61,12,-145.41736476856974,12,-145.41736476856974
3178,1,12,-82.6035744145978,1,-6.9851980409108565
3179,36,12,-104.48223209634578,6,-81.52441352950547
3180,89,12,-216.25380747683084,12,-216.25380747683084
3181,8,12,-83.66859579030925,1,-13.466492256876304
3182,47,12,-119.89808312874094,6,-109.83570678670114
3183,91,12,-222.3226706914009,12,-222.3226706914009
3184,0,12,-82.58666666666669,1,-6.8822222222222225
3185,35,12,-103.28316204691019,6,-79.32193460441326
3186,26,12,-94.01001581178649,3,-56.76113061721671
3187,62,12,-147.492844759646,12,-147.492844759646
3188,52,12,-128.2539228413562,6,-125.177939579655
3189,22,12,-90.76623443917929,3,-46.51097281076241
3190,31,12,-98.82428562999917,6,-71.1312116538696
3191,1,12,-82.6035744145978,1,-6.9851980409108565
3192,93,12,-228.5259880514485,20,-228.46014739973276
3193,3,12,-82.73882969802135,1,-7.808756080935194
3194,3,12,-82.73882969802135,1,-7.808756080935194
3195,98,12,-244.6224017175923,20,-238.4808810119756
3196,36,12,-104.48223209634578,6,-81.52441352950547
3197,42,12,-112.38502871842148,6,-96.03901273050752
3198,20,12,-89.34693764525149,3,-42.025104283182344
3199,5,12,-83.00932314367421,1,-9.455237327983067
3200,88,12,-213.26980172825859,12,-213.26980172825859
3201,83,12,-198.854120452488,12,-198.854120452488
3202,54,12,-131.832176252549,6,-131.7473732422173
3203,3,12,-82.73882969802135,1,-7.808756080935194
3204,83,12,-198.854120452488,12,-198.854120452488
3205,23,12,-91.52653465497364,3,-48.91374309468091
3206,48,12,-121.50183715622016,6,-112.7805402942011
3207,94,12,-231.6780614823333,20,-230.42240386096492
3208,30,12,-97.79392861672859,3,-68.71466132418306
3209,89,12,-216.25380747683084,12,-216.25380747683084
3210,7,12,-83.41503688796908,1,-11.923979800667436
3211,42,12,-112.38502871842148,6,-96.03901273050752
3212,12,12,-85.02079284439587,1,-21.68888886194659
3213,4,12,-82.85717276709248,1,-8.529172688515441
3214,27,12,-94.90536226632408,3,-59.5898777586643
3215,76,12,-180.08474406613544,12,-180.08474406613544
3216,74,12,-175.02485362057575,12,-175.02485362057575
3217,43,12,-113.8202034116098,6,-98.67466336494121
3218,53,12,-130.0262005218131,6,-128.43176816621013
3219,10,12,-84.27710649292833,1,-17.167386388250772
3220,43,12,-113.8202034116098,6,-98.67466336494121
3221,6,12,-83.19527859488348,1,-10.586867266464079
3222,71,12,-167.68740842638795,12,-167.68740842638795
3223,0,12,-82.58666666666669,1,-6.8822222222222225
3224,51,12,-126.51534543777501,6,-121.9858949902555
3225,34,12,-102.11783014653936,6,-77.18136743158533
3226,96,12,-238.08302673965238,20,-234.40975389635224
3227,23,12,-91.52653465497364,3,-48.91374309468091
3228,64,12,-151.74483656681207,12,-151.74483656681207
3229,71,12,-167.68740842638795,12,-167.68740842638795
3230,30,12,-97.79392861672859,3,-68.71466132418306
3231,18,12,-88.0627272398999,3,-37.96561375881964
3232,32,12,-99.88838970893231,6,-73.08599843278336
3233,2,12,-82.65429616947476,1,-7.294070267709967
3234,38,12,-106.98157772725399,6,-86.11507655130762
3235,12,12,-85.02079284439587,1,-21.68888886194659
3236,64,12,-151.74483656681207,12,-151.74483656681207
3237,72,12,-170.09956846271837,12,-170.09956846271837
3238,3,12,-82.73882969802135,1,-7.808756080935194
3239,13,12,-85.44332130828904,1,-24.257161856809045
3240,90,12,-219.27143120512085,12,-219.27143120512085
3241,3,12,-82.73882969802135,1,-7.808756080935194
3242,70,12,-165.30890638391594,12,-165.30890638391594
3243,6,12,-83.19527859488348,1,-10.586867266464079
3244,20,12,-89.34693764525149,3,-42.025104283182344
3245,58,12,-139.39301515084207,12,-139.39301515084207
3246,2,12,-82.65429616947476,1,-7.294070267709967
3247,85,12,-204.51951458063076,12,-204.51951458063076
3248,47,12,-119.89808312874094,6,-109.83570678670114
3249,52,12,-128.2539228413562,6,-125.177939579655
3250,58,12,-139.39301515084207,12,-139.39301515084207
3251,82,12,-196.07186924674602,12,-196.07186924674602
3252,80,12,-190.60826966535672,12,-190.60826966535672
3253,57,12,-137.45226948237894,12,-137.45226948237894
3254,43,12,-113.8202034116098,6,-98.67466336494121
3255,33,12,-100.9862386241835,6,-75.10271953333199
3256,69,12,-162.96406455953235,12,-162.96406455953235
3257,93,12,-228.5259880514485,20,-228.46014739973276
3258,79,12,-187.92692573545764,12,-187.92692573545764
3259,89,12,-216.25380747683084,12,-216.25380747683084
3260,24,12,-92.32059977591312,3,-51.42304101039932
3261,60,12,-143.3755650196889,12,-143.3755650196889
3262,64,12,-151.74483656681207,12,-151.74483656681207
3263,61,12,-145.41736476856974,12,-145.41736476856974
3264,77,12,-182.66516071256729,12,-182.66516071256729
3265,12,12,-85.02079284439587,1,-21.68888886194659
3266,70,12,-165.30890638391594,12,-165.30890638391594
3267,49,12,-123.13930036828388,6,-115.78718783779036
3268,3,12,-82.73882969802135,1,-7.808756080935194
3269,32,12,-99.88838970893231,6,-73.08599843278336
3270,49,12,-123.13930036828388,6,-115.78718783779036
3271,99,12,-247.94248729970576,20,-240.54785882360903
3272,13,12,-85.44332130828904,1,-24.257161856809045
3273,75,12,-177.53797429426584,12,-177.53797429426584
3274,17,12,-87.4712850103148,3,-36.095815994462484
3275,68,12,-160.6528851776278,12,-160.6528851776278
3276,87,12,-210.3194161813455,12,-210.3194161813455
3277,47,12,-119.89808312874094,6,-109.83570678670114
3278,74,12,-175.02485362057575,12,-175.02485362057575
3279,38,12,-106.98157772725399,6,-86.11507655130762
3280,48,12,-121.50183715622016,6,-112.7805402942011
3281,36,12,-104.48223209634578,6,-81.52441352950547
3282,93,12,-228.5259880514485,20,-228.46014739973276
3283,25,12,-93.14842757160632,3,-54.03884427687615
3284,35,12,-103.28316204691019,6,-79.32193460441326
3285,71,12,-167.68740842638795,12,-167.68740842638795
3286,64,12,-151.74483656681207,12,-151.74483656681207
3287,64,12,-151.74483656681207,12,-151.74483656681207
3288,8,12,-83.66859579030925,1,-13.466492256876304
3289,67,12,-158.37537046268577,12,-158.37537046268577
3290,6,12,-83.19527859488348,1,-10.586867266464079
3291,7,12,-83.41503688796908,1,-11.923979800667436
3292,51,12,-126.51534543777501,6,-121.9858949902555
3293,77,12,-182.66516071256729,12,-182.66516071256729
3294,82,12,-196.07186924674602,12,-196.07186924674602
3295,17,12,-87.4712850103148,3,-36.095815994462484
3296,3,12,-82.73882969802135,1,-7.808756080935194
3297,8,12,-83.66859579030925,1,-13.466492256876304
3298,47,12,-119.89808312874094,6,-109.83570678670114
3299,43,12,-113.8202034116098,6,-98.67466336494121
3300,61,12,-145.41736476856974,12,-145.41736476856974
3301,3,12,-82.73882969802135,1,-7.808756080935194
3302,44,12,-115.28909842694712,6,-101.37216560238318
3303,75,12,-177.53797429426584,12,-177.53797429426584
3304,49,12,-123.13930036828388,6,-115.78718783779036
3305,50,12,-124.81047053779731,6,-118.85564190652914
3306,10,12,-84.27710649292833,1,-17.167386388250772
3307,43,12,-113.8202034116098,6,-98.67466336494121
3308,79,12,-187.92692573545764,12,-187.92692573545764
3309,91,12,-222.3226706914009,12,-222.3226706914009
3310,62,12,-147.492844759646,12,-147.492844759646
3311,99,12,-247.94248729970576,20,-240.54785882360903
3312,82,12,-196.07186924674602,12,-196.07186924674602
3313,62,12,-147.492844759646,12,-147.492844759646
3314,35,12,-103.28316204691019,6,-79.32193460441326
3315,85,12,-204.51951458063076,12,-204.51951458063076
3316,28,12,-95.83446470521845,3,-62.525063432602536
3317,59,12,-141.367447738551,12,-141.367447738551
3318,97,12,-241.33591412399238,20,-236.43484574939123
3319,89,12,-216.25380747683084,12,-216.25380747683084
3320,74,12,-175.02485362057575,12,-175.02485362057575
3321,1,12,-82.6035744145978,1,-6.9851980409108565
3322,21,12,-90.03970135905276,3,-44.21475244382181
3323,25,12,-93.14842757160632,3,-54.03884427687615
3324,10,12,-84.27710649292833,1,-17.167386388250772
3325,41,12,-110.98357657528959,6,-93.46522121489485
3326,13,12,-85.44332130828904,1,-24.257161856809045
3327,51,12,-126.51534543777501,6,-121.9858949902555
3328,66,12,-156.13152263937536,12,-156.13152263937536
3329,82,12,-196.07186924674602,12,-196.07186924674602
3330,84,12,-201.67000297128635,12,-201.67000297128635
3331,7,12,-83.41503688796908,1,-11.923979800667436
3332,40,12,-109.61584921025063,6,-90.95329633472858
3333,56,12,-135.54521295910172,12,-135.54521295910172
3334,85,12,-204.51951458063076,12,-204.51951458063076
3335,37,12,-105.71503806602566,6,-83.78879668536612
3336,46,12,-118.32804051309115,6,-106.95269482704867
3337,83,12,-198.854120452488,12,-198.854120452488
3338,90,12,-219.27143120512085,12,-219.27143120512085
3339,55,12,-133.67184780709107,12,-133.67184780709107
3340,6,12,-83.19527859488348,1,-10.586867266464079
3341,0,12,-82.58666666666669,1,-6.8822222222222225
3342,8,12,-83.66859579030925,1,-13.466492256876304
3343,85,12,-204.51951458063076,12,-204.51951458063076
3344,37,12,-105.71503806602566,6,-83.78879668536612
3345,67,12,-158.37537046268577,12,-158.37537046268577
3346,46,12,-118.32804051309115,6,-106.95269482704867
3347,41,12,-110.98357657528959,6,-93.46522121489485
3348,92,12,-225.4075237139973,12,-225.4075237139973
3349,63,12,-149.60200276748782,12,-149.60200276748782
3350,57,12,-137.45226948237894,12,-137.45226948237894
3351,39,12,-108.28184885147208,6,-88.50324560744662
3352,65,12,-153.92134393244743,12,-153.92134393244743
3353,51,12,-126.51534543777501,6,-121.9858949902555
3354,61,12,-145.41736476856974,12,-145.41736476856974
3355,69,12,-162.96406455953235,12,-162.96406455953235
3356,58,12,-139.39301515084207,12,-139.39301515084207
3357,91,12,-222.3226706914009,12,-222.3226706914009
3358,95,12,-234.86374178545628,20,-232.40560631336535
3359,40,12,-109.61584921025063,6,-90.95329633472858
3360,73,12,-172.54538426876832,12,-172.54538426876832
3361,53,12,-130.0262005218131,6,-128.43176816621013
3362,7,12,-83.41503688796908,1,-11.923979800667436
3363,99,12,-247.94248729970576,20,-240.54785882360903
3364,47,12,-119.89808312874094,6,-109.83570678670114
3365,69,12,-162.96406455953235,12,-162.96406455953235
3366,41,12,-110.98357657528959,6,-93.46522121489485
3367,28,12,-95.83446470521845,3,-62.525063432602536
3368,85,12,-204.51951458063076,12,-204.51951458063076
3369,11,12,-84.63205382862074,1,-19.32560286376086
3370,3,12,-82.73882969802135,1,-7.808756080935194
3371,18,12,-88.0627272398999,3,-37.96561375881964
3372,35,12,-103.28316204691019,6,-79.32193460441326
3373,46,12,-118.32804051309115,6,-106.95269482704867
3374,17,12,-87.4712850103148,3,-36.095815994462484
3375,27,12,-94.90536226632408,3,-59.5898777586643
3376,54,12,-131.832176252549,6,-131.7473732422173
3377,73,12,-172.54538426876832,12,-172.54538426876832
3378,19,12,-88.68794552856191,3,-39.9420506223111
3379,71,12,-167.68740842638795,12,-167.68740842638795
3380,71,12,-167.68740842638795,12,-167.68740842638795
3381,43,12,-113.8202034116098,6,-98.67466336494121
3382,44,12,-115.28909842694712,6,-101.37216560238318
3383,46,12,-118.32804051309115,6,-106.95269482704867
3384,34,12,-102.11783014653936,6,-77.18136743158533
3385,33,12,-100.9862386241835,6,-75.10271953333199
3386,74,12,-175.02485362057575,12,-175.02485362057575
3387,69,12,-162.96406455953235,12,-162.96406455953235
3388,92,12,-225.4075237139973,12,-225.4075237139973
3389,46,12,-118.32804051309115,6,-106.95269482704867
3390,32,12,-99.88838970893231,6,-73.08599843278336
3391,83,12,-198.854120452488,12,-198.854120452488
3392,39,12,-108.28184885147208,6,-88.50324560744662
3393,30,12,-97.79392861672859,3,-68.71466132418306
3394,95,12,-234.86374178545628,20,-232.40560631336535
3395,47,12,-119.89808312874094,6,-109.83570678670114
3396,1,12,-82.6035744145978,1,-6.9851980409108565
3397,32,12,-99.88838970893231,6,-73.08599843278336
3398,63,12,-149.60200276748782,12,-149.60200276748782
3399,45,12,-116.79171153665492,6,-104.13151192781399
3400,55,12,-133.67184780709107,12,-133.67184780709107
3401,64,12,-151.74483656681207,12,-151.74483656681207
3402,85,12,-204.51951458063076,12,-204.51951458063076
3403,22,12,-90.76623443917929,3,-46.51097281076241
3404,27,12,-94.90536226632408,3,-59.5898777586643
3405,5,12,-83.00932314367421,1,-9.455237327983067
3406,35,12,-103.28316204691019,6,-79.32193460441326
3407,35,12,-103.28316204691019,6,-79.32193460441326
3408,67,12,-158.37537046268577,12,-158.37537046268577
3409,28,12,-95.83446470521845,3,-62.525063432602536
3410,91,12,-222.3226706914009,12,-222.3226706914009
3411,9,12,-83.95595306941537,1,-15.214321990937147
3412,43,12,-113.8202034116098,6,-98.67466336494121
3413,3,12,-82.73882969802135,1,-7.808756080935194
3414,11,12,-84.63205382862074,1,-19.32560286376086
3415,51,12,-126.51534543777501,6,-121.9858949902555
3416,86,12,-207.4026530580665,12,-207.4026530580665
3417,4,12,-82.85717276709248,1,-8.529172688515441
3418,29,12,-96.79732089859871,3,-65.56666537455592
3419,60,12,-143.3755650196889,12,-143.3755650196889
3420,44,12,-115.28909842694712,6,-101.37216560238318
3421,2,12,-82.65429616947476,1,-7.294070267709967
3422,94,12,-231.6780614823333,20,-230.42240386096492
3423,69,12,-162.96406455953235,12,-162.96406455953235
3424,47,12,-119.89808312874094,6,-109.83570678670114
3425,76,12,-180.08474406613544,12,-180.08474406613544
3426,17,12,-87.4712850103148,3,-36.095815994462484
3427,79,12,-187.92692573545764,12,-187.92692573545764
3428,56,12,-135.54521295910172,12,-135.54521295910172
3429,41,12,-110.98357657528959,6,-93.46522121489485
3430,24,12,-92.32059977591312,3,-51.42304101039932
3431,85,12,-204.51951458063076,12,-204.51951458063076
3432,3,12,-82.73882969802135,1,-7.808756080935194
3433,60,12,-143.3755650196889,12,-143.3755650196889
3434,46,12,-118.32804051309115,6,-106.95269482704867
3435,31,12,-98.82428562999917,6,-71.1312116538696
3436,70,12,-165.30890638391594,12,-165.30890638391594
3437,51,12,-126.51534543777501,6,-121.9858949902555
3438,97,12,-241.33591412399238,20,-236.43484574939123
3439,47,12,-119.89808312874094,6,-109.83570678670114
3440,11,12,-84.63205382862074,1,-19.32560286376086
3441,62,12,-147.492844759646,12,-147.492844759646
3442,8,12,-83.66859579030925,1,-13.466492256876304
3443,62,12,-147.492844759646,12,-147.492844759646
3444,3,12,-82.73882969802135,1,-7.808756080935194
3445,55,12,-133.67184780709107,12,-133.67184780709107
3446,54,12,-131.832176252549,6,-131.7473732422173
3447,41,12,-110.98357657528959,6,-93.46522121489485
3448,54,12,-131.832176252549,6,-131.7473732422173
3449,25,12,-93.14842757160632,3,-54.03884427687615
3450,6,12,-83.19527859488348,1,-10.586867266464079
3451,71,12,-167.68740842638795,12,-167.68740842638795
3452,63,12,-149.60200276748782,12,-149.60200276748782
3453,93,12,-228.5259880514485,20,-228.46014739973276
3454,69,12,-162.96406455953235,12,-162.96406455953235
3455,38,12,-106.98157772725399,6,-86.11507655130762
3456,67,12,-158.37537046268577,12,-158.37537046268577
3457,7,12,-83.41503688796908,1,-11.923979800667436
3458,43,12,-113.8202034116098,6,-98.67466336494121
3459,23,12,-91.52653465497364,3,-48.91374309468091
3460,88,12,-213.26980172825859,12,-213.26980172825859
3461,29,12,-96.79732089859871,3,-65.56666537455592
3462,51,12,-126.51534543777501,6,-121.9858949902555
3463,17,12,-87.4712850103148,3,-36.095815994462484
3464,56,12,-135.54521295910172,12,-135.54521295910172
3465,43,12,-113.8202034116098,6,-98.67466336494121
3466,33,12,-100.9862386241835,6,-75.10271953333199
3467,48,12,-121.50183715622016,6,-112.7805402942011
3468,78,12,-185.27922201012348,12,-185.27922201012348
3469,42,12,-112.38502871842148,6,-96.03901273050752
3470,80,12,-190.60826966535672,12,-190.60826966535672
3471,1,12,-82.6035744145978,1,-6.9851980409108565
3472,53,12,-130.0262005218131,6,-128.43176816621013
3473,64,12,-151.74483656681207,12,-151.74483656681207
3474,56,12,-135.54521295910172,12,-135.54521295910172
3475,15,12,-86.38973765322098,1,-30.008338880137654
3476,80,12,-190.60826966535672,12,-190.60826966535672
3477,72,12,-170.09956846271837,12,-170.09956846271837
3478,20,12,-89.34693764525149,3,-42.025104283182344
3479,61,12,-145.41736476856974,12,-145.41736476856974
3480,63,12,-149.60200276748782,12,-149.60200276748782
3481,54,12,-131.832176252549,6,-131.7473732422173
3482,43,12,-113.8202034116098,6,-98.67466336494121
3483,25,12,-93.14842757160632,3,-54.03884427687615
3484,0,12,-82.58666666666669,1,-6.8822222222222225
3485,49,12,-123.13930036828388,6,-115.78718783779036
3486,39,12,-108.28184885147208,6,-88.50324560744662
3487,2,12,-82.65429616947476,1,-7.294070267709967
3488,70,12,-165.30890638391594,12,-165.30890638391594
3489,3,12,-82.73882969802135,1,-7.808756080935194
3490,30,12,-97.79392861672859,3,-68.71466132418306
3491,13,12,-85.44332130828904,1,-24.257161856809045
3492,20,12,-89.34693764525149,3,-42.025104283182344
3493,75,12,-177.53797429426584,12,-177.53797429426584
3494,11,12,-84.63205382862074,1,-19.32560286376086
3495,5,12,-83.00932314367421,1,-9.455237327983067
3496,16,12,-86.91362107098472,1,-33.19107800413937
3497,77,12,-182.66516071256729,12,-182.66516071256729
3498,62,12,-147.492844759646,12,-147.492844759646
3499,8,12,-83.66859579030925,1,-13.466492256876304
3500,27,12,-94.90536226632408,3,-59.5898777586643
3501,6,12,-83.19527859488348,1,-10.586867266464079
3502,42,12,-112.38502871842148,6,-96.03901273050752
3503,4,12,-82.85717276709248,1,-8.529172688515441
3504,15,12,-86.38973765322098,1,-30.008338880137654
3505,60,12,-143.3755650196889,12,-143.3755650196889
3506,0,12,-82.58666666666669,1,-6.8822222222222225
3507,39,12,-108.28184885147208,6,-88.50324560744662
3508,37,12,-105.71503806602566,6,-83.78879668536612
3509,6,12,-83.19527859488348,1,-10.586867266464079
3510,93,12,-228.5259880514485,20,-228.46014739973276
3511,58,12,-139.39301515084207,12,-139.39301515084207
3512,25,12,-93.14842757160632,3,-54.03884427687615
3513,76,12,-180.08474406613544,12,-180.08474406613544
3514,64,12,-151.74483656681207,12,-151.74483656681207
3515,62,12,-147.492844759646,12,-147.492844759646
3516,52,12,-128.2539228413562,6,-125.177939579655
3517,50,12,-124.81047053779731,6,-118.85564190652914
3518,49,12,-123.13930036828388,6,-115.78718783779036
3519,28,12,-95.83446470521845,3,-62.525063432602536
3520,71,12,-167.68740842638795,12,-167.68740842638795
3521,65,12,-153.92134393244743,12,-153.92134393244743
3522,50,12,-124.81047053779731,6,-118.85564190652914
3523,7,12,-83.41503688796908,1,-11.923979800667436
3524,26,12,-94.01001581178649,3,-56.76113061721671
3525,40,12,-109.61584921025063,6,-90.95329633472858
3526,61,12,-145.41736476856974,12,-145.41736476856974
3527,48,12,-121.50183715622016,6,-112.7805402942011
3528,22,12,-90.76623443917929,3,-46.51097281076241
3529,14,12,-85.8996369884651,1,-27.0303393518663
3530,63,12,-149.60200276748782,12,-149.60200276748782
3531,95,12,-234.86374178545628,20,-232.40560631336535
3532,85,12,-204.51951458063076,12,-204.51951458063076
3533,52,12,-128.2539228413562,6,-125.177939579655
3534,7,12,-83.41503688796908,1,-11.923979800667436
3535,36,12,-104.48223209634578,6,-81.52441352950547
3536,80,12,-190.60826966535672,12,-190.60826966535672
3537,70,12,-165.30890638391594,12,-165.30890638391594
3538,20,12,-89.34693764525149,3,-42.025104283182344
3539,38,12,-106.98157772725399,6,-86.11507655130762
3540,4,12,-82.85717276709248,1,-8.529172688515441
3541,16,12,-86.91362107098472,1,-33.19107800413937
3542,98,12,-244.6224017175923,20,-238.4808810119756
3543,56,12,-135.54521295910172,12,-135.54521295910172
3544,14,12,-85.8996369884651,1,-27.0303393518663
3545,15,12,-86.38973765322098,1,-30.008338880137654
3546,88,12,-213.26980172825859,12,-213.26980172825859
3547,14,12,-85.8996369884651,1,-27.0303393518663
3548,10,12,-84.27710649292833,1,-17.167386388250772
3549,4,12,-82.85717276709248,1,-8.529172688515441
3550,84,12,-201.67000297128635,12,-201.67000297128635
3551,52,12,-128.2539228413562,6,-125.177939579655
3552,75,12,-177.53797429426584,12,-177.53797429426584
3553,53,12,-130.0262005218131,6,-128.43176816621013
3554,93,12,-228.5259880514485,20,-228.46014739973276
3555,67,12,-158.37537046268577,12,-158.37537046268577
3556,44,12,-115.28909842694712,6,-101.37216560238318
3557,90,12,-219.27143120512085,12,-219.27143120512085
3558,91,12,-222.3226706914009,12,-222.3226706914009
3559,2,12,-82.65429616947476,1,-7.294070267709967
3560,60,12,-143.3755650196889,12,-143.3755650196889
3561,66,12,-156.13152263937536,12,-156.13152263937536
3562,23,12,-91.52653465497364,3,-48.91374309468091
3563,28,12,-95.83446470521845,3,-62.525063432602536
3564,53,12,-130.0262005218131,6,-128.43176816621013
3565,18,12,-88.0627272398999,3,-37.96561375881964
3566,59,12,-141.367447738551,12,-141.367447738551
3567,65,12,-153.92134393244743,12,-153.92134393244743
3568,68,12,-160.6528851776278,12,-160.6528851776278
3569,36,12,-104.48223209634578,6,-81.52441352950547
3570,81,12,-193.3232515767758,12,-193.3232515767758
3571,24,12,-92.32059977591312,3,-51.42304101039932
3572,89,12,-216.25380747683084,12,-216.25380747683084
3573,76,12,-180.08474406613544,12,-180.08474406613544
3574,34,12,-102.11783014653936,6,-77.18136743158533
3575,85,12,-204.51951458063076,12,-204.51951458063076
3576,56,12,-135.54521295910172,12,-135.54521295910172
3577,63,12,-149.60200276748782,12,-149.60200276748782
3578,73,12,-172.54538426876832,12,-172.54538426876832
3579,36,12,-104.48223209634578,6,-81.52441352950547
3580,41,12,-110.98357657528959,6,-93.46522121489485
3581,6,12,-83.19527859488348,1,-10.586867266464079
3582,17,12,-87.4712850103148,3,-36.095815994462484
3583,31,12,-98.82428562999917,6,-71.1312116538696
3584,6,12,-83.19527859488348,1,-10.586867266464079
3585,50,12,-124.81047053779731,6,-118.85564190652914
3586,16,12,-86.91362107098472,1,-33.19107800413937
3587,30,12,-97.79392861672859,3,-68.71466132418306
3588,28,12,-95.83446470521845,3,-62.525063432602536
3589,75,12,-177.53797429426584,12,-177.53797429426584
3590,32,12,-99.88838970893231,6,-73.08599843278336
3591,89,12,-216.25380747683084,12,-216.25380747683084
3592,38,12,-106.98157772725399,6,-86.11507655130762
3593,29,12,-96.79732089859871,3,-65.56666537455592
3594,2,12,-82.65429616947476,1,-7.294070267709967
3595,83,12,-198.854120452488,12,-198.854120452488
3596,76,12,-180.08474406613544,12,-180.08474406613544
3597,18,12,-88.0627272398999,3,-37.96561375881964
3598,64,12,-151.74483656681207,12,-151.74483656681207
3599,41,12,-110.98357657528959,6,-93.46522121489485
3600,22,12,-90.76623443917929,3,-46.51097281076241
3601,17,12,-87.4712850103148,3,-36.095815994462484
3602,42,12,-112.38502871842148,6,-96.03901273050752
3603,4,12,-82.85717276709248,1,-8.529172688515441
3604,4,12,-82.85717276709248,1,-8.529172688515441
3605,18,12,-88.0627272398999,3,-37.96561375881964
3606,69,12,-162.96406455953235,12,-162.96406455953235
3607,14,12,-85.8996369884651,1,-27.0303393518663
3608,10,12,-84.27710649292833,1,-17.167386388250772
3609,50,12,-124.81047053779731,6,-118.85564190652914
3610,93,12,-228.5259880514485,20,-228.46014739973276
3611,83,12,-198.854120452488,12,-198.854120452488
3612,34,12,-102.11783014653936,6,-77.18136743158533
3613,3,12,-82.73882969802135,1,-7.808756080935194
3614,8,12,-83.66859579030925,1,-13.466492256876304
3615,90,12,-219.27143120512085,12,-219.27143120512085
3616,82,12,-196.07186924674602,12,-196.07186924674602
3617,68,12,-160.6528851776278,12,-160.6528851776278
3618,7,12,-83.41503688796908,1,-11.923979800667436
3619,93,12,-228.5259880514485,20,-228.46014739973276
3620,35,12,-103.28316204691019,6,-79.32193460441326
3621,79,12,-187.92692573545764,12,-187.92692573545764
3622,46,12,-118.32804051309115,6,-106.95269482704867
3623,45,12,-116.79171153665492,6,-104.13151192781399
3624,67,12,-158.37537046268577,12,-158.37537046268577
3625,58,12,-139.39301515084207,12,-139.39301515084207
3626,3,12,-82.73882969802135,1,-7.808756080935194
3627,70,12,-165.30890638391594,12,-165.30890638391594
3628,66,12,-156.13152263937536,12,-156.13152263937536
3629,24,12,-92.32059977591312,3,-51.42304101039932
3630,55,12,-133.67184780709107,12,-133.67184780709107
3631,59,12,-141.367447738551,12,-141.367447738551
3632,35,12,-103.28316204691019,6,-79.32193460441326
3633,3,12,-82.73882969802135,1,-7.808756080935194
3634,71,12,-167.68740842638795,12,-167.68740842638795
3635,27,12,-94.90536226632408,3,-59.5898777586643
3636,66,12,-156.13152263937536,12,-156.13152263937536
3637,71,12,-167.68740842638795,12,-167.68740842638795
3638,10,12,-84.27710649292833,1,-17.167386388250772
3639,63,12,-149.60200276748782,12,-149.60200276748782
3640,5,12,-83.00932314367421,1,-9.455237327983067
3641,40,12,-109.61584921025063,6,-90.95329633472858
3642,86,12,-207.4026530580665,12,-207.4026530580665
3643,52,12,-128.2539228413562,6,-125.177939579655
3644,43,12,-113.8202034116098,6,-98.67466336494121
3645,65,12,-153.92134393244743,12,-153.92134393244743
3646,6,12,-83.19527859488348,1,-10.586867266464079
3647,28,12,-95.83446470521845,3,-62.525063432602536
3648,5,12,-83.00932314367421,1,-9.455237327983067
3649,74,12,-175.02485362057575,12,-175.02485362057575
3650,7,12,-83.41503688796908,1,-11.923979800667436
3651,29,12,-96.79732089859871,3,-65.56666537455592
3652,82,12,-196.07186924674602,12,-196.07186924674602
3653,47,12,-119.89808312874094,6,-109.83570678670114
3654,60,12,-143.3755650196889,12,-143.3755650196889
3655,63,12,-149.60200276748782,12,-149.60200276748782
3656,66,12,-156.13152263937536,12,-156.13152263937536
3657,41,12,-110.98357657528959,6,-93.46522121489485
3658,29,12,-96.79732089859871,3,-65.56666537455592
3659,96,12,-238.08302673965238,20,-234.40975389635224
3660,49,12,-123.13930036828388,6,-115.78718783779036
3661,60,12,-143.3755650196889,12,-143.3755650196889
3662,52,12,-128.2539228413562,6,-125.177939579655
3663,25,12,-93.14842757160632,3,-54.03884427687615
3664,36,12,-104.48223209634578,6,-81.52441352950547
3665,19,12,-88.68794552856191,3,-39.9420506223111
3666,96,12,-238.08302673965238,20,-234.40975389635224
3667,91,12,-222.3226706914009,12,-222.3226706914009
3668,26,12,-94.01001581178649,3,-56.76113061721671
3669,56,12,-135.54521295910172,12,-135.54521295910172
3670,56,12,-135.54521295910172,12,-135.54521295910172
3671,28,12,-95.83446470521845,3,-62.525063432602536
3672,45,12,-116.79171153665492,6,-104.13151192781399
3673,87,12,-210.3194161813455,12,-210.3194161813455
3674,82,12,-196.07186924674602,12,-196.07186924674602
3675,5,12,-83.00932314367421,1,-9.455237327983067
3676,65,12,-153.92134393244743,12,-153.92134393244743
3677,85,12,-204.51951458063076,12,-204.51951458063076
3678,34,12,-102.11783014653936,6,-77.18136743158533
3679,1,12,-82.6035744145978,1,-6.9851980409108565
3680,93,12,-228.5259880514485,20,-228.46014739973276
3681,98,12,-244.6224017175923,20,-238.4808810119756
3682,14,12,-85.8996369884651,1,-27.0303393518663
3683,30,12,-97.79392861672859,3,-68.71466132418306
3684,9,12,-83.95595306941537,1,-15.214321990937147
3685,54,12,-131.832176252549,6,-131.7473732422173
3686,27,12,-94.90536226632408,3,-59.5898777586643
3687,7,12,-83.41503688796908,1,-11.923979800667436
3688,76,12,-180.08474406613544,12,-180.08474406613544
3689,93,12,-228.5259880514485,20,-228.46014739973276
3690,36,12,-104.48223209634578,6,-81.52441352950547
3691,38,12,-106.98157772725399,6,-86.11507655130762
3692,92,12,-225.4075237139973,12,-225.4075237139973
3693,85,12,-204.51951458063076,12,-204.51951458063076
3694,87,12,-210.3194161813455,12,-210.3194161813455
3695,37,12,-105.71503806602566,6,-83.78879668536612
3696,20,12,-89.34693764525149,3,-42.025104283182344
3697,13,12,-85.44332130828904,1,-24.257161856809045
3698,40,12,-109.61584921025063,6,-90.95329633472858
3699,50,12,-124.81047053779731,6,-118.85564190652914
3700,54,12,-131.832176252549,6,-131.7473732422173
3701,65,12,-153.92134393244743,12,-153.92134393244743
3702,72,12,-170.09956846271837,12,-170.09956846271837
3703,58,12,-139.39301515084207,12,-139.39301515084207
3704,73,12,-172.54538426876832,12,-172.54538426876832
3705,49,12,-123.13930036828388,6,-115.78718783779036
3706,17,12,-87.4712850103148,3,-36.095815994462484
3707,49,12,-123.13930036828388,6,-115.78718783779036
3708,89,12,-216.25380747683084,12,-216.25380747683084
3709,87,12,-210.3194161813455,12,-210.3194161813455
3710,57,12,-137.45226948237894,12,-137.45226948237894
3711,74,12,-175.02485362057575,12,-175.02485362057575
3712,90,12,-219.27143120512085,12,-219.27143120512085
3713,13,12,-85.44332130828904,1,-24.257161856809045
3714,31,12,-98.82428562999917,6,-71.1312116538696
3715,21,12,-90.03970135905276,3,-44.21475244382181
3716,97,12,-241.33591412399238,20,-236.43484574939123
3717,1,12,-82.6035744145978,1,-6.9851980409108565
3718,96,12,-238.08302673965238,20,-234.40975389635224
3719,43,12,-113.8202034116098,6,-98.67466336494121
3720,55,12,-133.67184780709107,12,-133.67184780709107
3721,70,12,-165.30890638391594,12,-165.30890638391594
3722,34,12,-102.11783014653936,6,-77.18136743158533
3723,94,12,-231.6780614823333,20,-230.42240386096492
3724,46,12,-118.32804051309115,6,-106.95269482704867
3725,90,12,-219.27143120512085,12,-219.27143120512085
3726,17,12,-87.4712850103148,3,-36.095815994462484
3727,12,12,-85.02079284439587,1,-21.68888886194659
3728,52,12,-128.2539228413562,6,-125.177939579655
3729,47,12,-119.89808312874094,6,-109.83570678670114
3730,39,12,-108.28184885147208,6,-88.50324560744662
3731,48,12,-121.50183715622016,6,-112.7805402942011
3732,55,12,-133.67184780709107,12,-133.67184780709107
3733,25,12,-93.14842757160632,3,-54.03884427687615
3734,64,12,-151.74483656681207,12,-151.74483656681207
3735,60,12,-143.3755650196889,12,-143.3755650196889
3736,30,12,-97.79392861672859,3,-68.71466132418306
3737,92,12,-225.4075237139973,12,-225.4075237139973
3738,87,12,-210.3194161813455,12,-210.3194161813455
3739,79,12,-187.92692573545764,12,-187.92692573545764
3740,38,12,-106.98157772725399,6,-86.11507655130762
3741,86,12,-207.4026530580665,12,-207.4026530580665
3742,48,12,-121.50183715622016,6,-112.7805402942011
3743,7,12,-83.41503688796908,1,-11.923979800667436
3744,37,12,-105.71503806602566,6,-83.78879668536612
3745,66,12,-156.13152263937536,12,-156.13152263937536
3746,77,12,-182.66516071256729,12,-182.66516071256729
3747,20,12,-89.34693764525149,3,-42.025104283182344
3748,46,12,-118.32804051309115,6,-106.95269482704867
3749,93,12,-228.5259880514485,20,-228.46014739973276
3750,32,12,-99.88838970893231,6,-73.08599843278336
3751,52,12,-128.2539228413562,6,-125.177939579655
3752,55,12,-133.67184780709107,12,-133.67184780709107
3753,19,12,-88.68794552856191,3,-39.9420506223111
3754,56,12,-135.54521295910172,12,-135.54521295910172
3755,22,12,-90.76623443917929,3,-46.51097281076241
3756,86,12,-207.4026530580665,12,-207.4026530580665
3757,60,12,-143.3755650196889,12,-143.3755650196889
3758,34,12,-102.11783014653936,6,-77.18136743158533
3759,61,12,-145.41736476856974,12,-145.41736476856974
3760,54,12,-131.832176252549,6,-131.7473732422173
3761,38,12,-106.98157772725399,6,-86.11507655130762
3762,85,12,-204.51951458063076,12,-204.51951458063076
3763,92,12,-225.4075237139973,12,-225.4075237139973
3764,48,12,-121.50183715622016,6,-112.7805402942011
3765,34,12,-102.11783014653936,6,-77.18136743158533
3766,61,12,-145.41736476856974,12,-145.41736476856974
3767,65,12,-153.92134393244743,12,-153.92134393244743
3768,54,12,-131.832176252549,6,-131.7473732422173
3769,17,12,-87.4712850103148,3,-36.095815994462484
3770,52,12,-128.2539228413562,6,-125.177939579655
3771,34,12,-102.11783014653936,6,-77.18136743158533
3772,43,12,-113.8202034116098,6,-98.67466336494121
3773,13,12,-85.44332130828904,1,-24.257161856809045
3774,17,12,-87.4712850103148,3,-36.095815994462484
3775,31,12,-98.82428562999917,6,-71.1312116538696
3776,21,12,-90.03970135905276,3,-44.21475244382181
3777,98,12,-244.6224017175923,20,-238.4808810119756
3778,1,12,-82.6035744145978,1,-6.9851980409108565
3779,69,12,-162.96406455953235,12,-162.96406455953235
3780,47,12,-119.89808312874094,6,-109.83570678670114
3781,38,12,-106.98157772725399,6,-86.11507655130762
3782,63,12,-149.60200276748782,12,-149.60200276748782
3783,31,12,-98.82428562999917,6,-71.1312116538696
3784,92,12,-225.4075237139973,12,-225.4075237139973
3785,68,12,-160.6528851776278,12,-160.6528851776278
3786,37,12,-105.71503806602566,6,-83.78879668536612
3787,7,12,-83.41503688796908,1,-11.923979800667436
3788,67,12,-158.37537046268577,12,-158.37537046268577
3789,54,12,-131.832176252549,6,-131.7473732422173
3790,21,12,-90.03970135905276,3,-44.21475244382181
3791,21,12,-90.03970135905276,3,-44.21475244382181
3792,57,12,-137.45226948237894,12,-137.45226948237894
3793,90,12,-219.27143120512085,12,-219.27143120512085
3794,66,12,-156.13152263937536,12,-156.13152263937536
3795,92,12,-225.4075237139973,12,-225.4075237139973
3796,47,12,-119.89808312874094,6,-109.83570678670114
3797,32,12,-99.88838970893231,6,-73.08599843278336
3798,33,12,-100.9862386241835,6,-75.10271953333199
3799,99,12,-247.94248729970576,20,-240.54785882360903
3800,58,12,-139.39301515084207,12,-139.39301515084207
3801,32,12,-99.88838970893231,6,-73.08599843278336
3802,17,12,-87.4712850103148,3,-36.095815994462484
3803,9,12,-83.95595306941537,1,-15.214321990937147
3804,99,12,-247.94248729970576,20,-240.54785882360903
3805,44,12,-115.28909842694712,6,-101.37216560238318
3806,86,12,-207.4026530580665,12,-207.4026530580665
3807,5,12,-83.00932314367421,1,-9.455237327983067
3808,86,12,-207.4026530580665,12,-207.4026530580665
3809,9,12,-83.95595306941537,1,-15.214321990937147
3810,65,12,-153.92134393244743,12,-153.92134393244743
3811,61,12,-145.41736476856974,12,-145.41736476856974
3812,5,12,-83.00932314367421,1,-9.455237327983067
3813,68,12,-160.6528851776278,12,-160.6528851776278
3814,7,12,-83.41503688796908,1,-11.923979800667436
3815,54,12,-131.832176252549,6,-131.7473732422173
3816,19,12,-88.68794552856191,3,-39.9420506223111
3817,51,12,-126.51534543777501,6,-121.9858949902555
3818,38,12,-106.98157772725399,6,-86.11507655130762
3819,13,12,-85.44332130828904,1,-24.257161856809045
3820,11,12,-84.63205382862074,1,-19.32560286376086
3821,87,12,-210.3194161813455,12,-210.3194161813455
3822,54,12,-131.832176252549,6,-131.7473732422173
3823,53,12,-130.0262005218131,6,-128.43176816621013
3824,75,12,-177.53797429426584,12,-177.53797429426584
3825,40,12,-109.61584921025063,6,-90.95329633472858
3826,95,12,-234.86374178545628,20,-232.40560631336535
3827,3,12,-82.73882969802135,1,-7.808756080935194
3828,61,12,-145.41736476856974,12,-145.41736476856974
3829,2,12,-82.65429616947476,1,-7.294070267709967
3830,71,12,-167.68740842638795,12,-167.68740842638795
3831,2,12,-82.65429616947476,1,-7.294070267709967
3832,25,12,-93.14842757160632,3,-54.03884427687615
3833,46,12,-118.32804051309115,6,-106.95269482704867
3834,5,12,-83.00932314367421,1,-9.455237327983067
3835,16,12,-86.91362107098472,1,-33.19107800413937
3836,8,12,-83.66859579030925,1,-13.466492256876304
3837,81,12,-193.3232515767758,12,-193.3232515767758
3838,92,12,-225.4075237139973,12,-225.4075237139973
3839,78,12,-185.27922201012348,12,-185.27922201012348
3840,56,12,-135.54521295910172,12,-135.54521295910172
3841,6,12,-83.19527859488348,1,-10.586867266464079
3842,77,12,-182.66516071256729,12,-182.66516071256729
3843,56,12,-135.54521295910172,12,-135.54521295910172
3844,92,12,-225.4075237139973,12,-225.4075237139973
3845,3,12,-82.73882969802135,1,-7.808756080935194
3846,59,12,-141.367447738551,12,-141.367447738551
3847,4,12,-82.85717276709248,1,-8.529172688515441
3848,0,12,-82.58666666666669,1,-6.8822222222222225
3849,75,12,-177.53797429426584,12,-177.53797429426584
3850,38,12,-106.98157772725399,6,-86.11507655130762
3851,6,12,-83.19527859488348,1,-10.586867266464079
3852,20,12,-89.34693764525149,3,-42.025104283182344
3853,70,12,-165.30890638391594,12,-165.30890638391594
3854,16,12,-86.91362107098472,1,-33.19107800413937
3855,64,12,-151.74483656681207,12,-151.74483656681207
3856,67,12,-158.37537046268577,12,-158.37537046268577
3857,69,12,-162.96406455953235,12,-162.96406455953235
3858,61,12,-145.41736476856974,12,-145.41736476856974
3859,39,12,-108.28184885147208,6,-88.50324560744662
3860,59,12,-141.367447738551,12,-141.367447738551
3861,80,12,-190.60826966535672,12,-190.60826966535672
3862,89,12,-216.25380747683084,12,-216.25380747683084
3863,94,12,-231.6780614823333,20,-230.42240386096492
3864,27,12,-94.90536226632408,3,-59.5898777586643
3865,75,12,-177.53797429426584,12,-177.53797429426584
3866,64,12,-151.74483656681207,12,-151.74483656681207
3867,33,12,-100.9862386241835,6,-75.10271953333199
3868,25,12,-93.14842757160632,3,-54.03884427687615
3869,52,12,-128.2539228413562,6,-125.177939579655
3870,14,12,-85.8996369884651,1,-27.0303393518663
3871,48,12,-121.50183715622016,6,-112.7805402942011
3872,34,12,-102.11783014653936,6,-77.18136743158533
3873,40,12,-109.61584921025063,6,-90.95329633472858
3874,50,12,-124.81047053779731,6,-118.85564190652914
3875,62,12,-147.492844759646,12,-147.492844759646
3876,43,12,-113.8202034116098,6,-98.67466336494121
3877,38,12,-106.98157772725399,6,-86.11507655130762
3878,19,12,-88.68794552856191,3,-39.9420506223111
3879,42,12,-112.38502871842148,6,-96.03901273050752
3880,98,12,-244.6224017175923,20,-238.4808810119756
3881,21,12,-90.03970135905276,3,-44.21475244382181
3882,20,12,-89.34693764525149,3,-42.025104283182344
3883,90,12,-219.27143120512085,12,-219.27143120512085
3884,35,12,-103.28316204691019,6,-79.32193460441326
3885,27,12,-94.90536226632408,3,-59.5898777586643
3886,3,12,-82.73882969802135,1,-7.808756080935194
3887,89,12,-216.25380747683084,12,-216.25380747683084
3888,7,12,-83.41503688796908,1,-11.923979800667436
3889,4,12,-82.85717276709248,1,-8.529172688515441
3890,4,12,-82.85717276709248,1,-8.529172688515441
3891,53,12,-130.0262005218131,6,-128.43176816621013
3892,9,12,-83.95595306941537,1,-15.214321990937147
3893,68,12,-160.6528851776278,12,-160.6528851776278
3894,33,12,-100.9862386241835,6,-75.10271953333199
3895,49,12,-123.13930036828388,6,-115.78718783779036
3896,74,12,-175.02485362057575,12,-175.02485362057575
3897,23,12,-91.52653465497364,3,-48.91374309468091
3898,57,12,-137.45226948237894,12,-137.45226948237894
3899,96,12,-238.08302673965238,20,-234.40975389635224
3900,77,12,-182.66516071256729,12,-182.66516071256729
3901,21,12,-90.03970135905276,3,-44.21475244382181
3902,92,12,-225.4075237139973,12,-225.4075237139973
3903,23,12,-91.52653465497364,3,-48.91374309468091
3904,5,12,-83.00932314367421,1,-9.455237327983067
3905,61,12,-145.41736476856974,12,-145.41736476856974
3906,2,12,-82.65429616947476,1,-7.294070267709967
3907,0,12,-82.58666666666669,1,-6.8822222222222225
3908,9,12,-83.95595306941537,1,-15.214321990937147
3909,71,12,-167.68740842638795,12,-167.68740842638795
3910,29,12,-96.79732089859871,3,-65.56666537455592
3911,21,12,-90.03970135905276,3,-44.21475244382181
3912,80,12,-190.60826966535672,12,-190.60826966535672
3913,78,12,-185.27922201012348,12,-185.27922201012348
3914,83,12,-198.854120452488,12,-198.854120452488
3915,37,12,-105.71503806602566,6,-83.78879668536612
3916,90,12,-219.27143120512085,12,-219.27143120512085
3917,76,12,-180.08474406613544,12,-180.08474406613544
3918,79,12,-187.92692573545764,12,-187.92692573545764
3919,83,12,-198.854120452488,12,-198.854120452488
3920,18,12,-88.0627272398999,3,-37.96561375881964
3921,66,12,-156.13152263937536,12,-156.13152263937536
3922,16,12,-86.91362107098472,1,-33.19107800413937
3923,75,12,-177.53797429426584,12,-177.53797429426584
3924,99,12,-247.94248729970576,20,-240.54785882360903
3925,9,12,-83.95595306941537,1,-15.214321990937147
3926,73,12,-172.54538426876832,12,-172.54538426876832
3927,30,12,-97.79392861672859,3,-68.71466132418306
3928,22,12,-90.76623443917929,3,-46.51097281076241
3929,20,12,-89.34693764525149,3,-42.025104283182344
3930,83,12,-198.854120452488,12,-198.854120452488
3931,68,12,-160.6528851776278,12,-160.6528851776278
3932,79,12,-187.92692573545764,12,-187.92692573545764
3933,33,12,-100.9862386241835,6,-75.10271953333199
3934,64,12,-151.74483656681207,12,-151.74483656681207
3935,15,12,-86.38973765322098,1,-30.008338880137654
3936,77,12,-182.66516071256729,12,-182.66516071256729
3937,9,12,-83.95595306941537,1,-15.214321990937147
3938,49,12,-123.13930036828388,6,-115.78718783779036
3939,10,12,-84.27710649292833,1,-17.167386388250772
3940,34,12,-102.11783014653936,6,-77.18136743158533
3941,39,12,-108.28184885147208,6,-88.50324560744662
3942,48,12,-121.50183715622016,6,-112.7805402942011
3943,44,12,-115.28909842694712,6,-101.37216560238318
3944,1,12,-82.6035744145978,1,-6.9851980409108565
3945,72,12,-170.09956846271837,12,-170.09956846271837
3946,0,12,-82.58666666666669,1,-6.8822222222222225
3947,11,12,-84.63205382862074,1,-19.32560286376086
3948,26,12,-94.01001581178649,3,-56.76113061721671
3949,94,12,-231.6780614823333,20,-230.42240386096492
3950,42,12,-112.38502871842148,6,-96.03901273050752
3951,19,12,-88.68794552856191,3,-39.9420506223111
3952,85,12,-204.51951458063076,12,-204.51951458063076
3953,1,12,-82.6035744145978,1,-6.9851980409108565
3954,60,12,-143.3755650196889,12,-143.3755650196889
3955,82,12,-196.07186924674602,12,-196.07186924674602
3956,92,12,-225.4075237139973,12,-225.4075237139973
3957,62,12,-147.492844759646,12,-147.492844759646
3958,11,12,-84.63205382862074,1,-19.32560286376086
3959,49,12,-123.13930036828388,6,-115.78718783779036
3960,63,12,-149.60200276748782,12,-149.60200276748782
3961,9,12,-83.95595306941537,1,-15.214321990937147
3962,24,12,-92.32059977591312,3,-51.42304101039932
3963,68,12,-160.6528851776278,12,-160.6528851776278
3964,26,12,-94.01001581178649,3,-56.76113061721671
3965,52,12,-128.2539228413562,6,-125.177939579655
3966,54,12,-131.832176252549,6,-131.7473732422173
3967,85,12,-204.51951458063076,12,-204.51951458063076
3968,78,12,-185.27922201012348,12,-185.27922201012348
3969,29,12,-96.79732089859871,3,-65.56666537455592
3970,1,12,-82.6035744145978,1,-6.9851980409108565
3971,78,12,-185.27922201012348,12,-185.27922201012348
3972,0,12,-82.58666666666669,1,-6.8822222222222225
3973,15,12,-86.38973765322098,1,-30.008338880137654
3974,33,12,-100.9862386241835,6,-75.10271953333199
3975,32,12,-99.88838970893231,6,-73.08599843278336
3976,69,12,-162.96406455953235,12,-162.96406455953235
3977,30,12,-97.79392861672859,3,-68.71466132418306
3978,47,12,-119.89808312874094,6,-109.83570678670114
3979,58,12,-139.39301515084207,12,-139.39301515084207
3980,73,12,-172.54538426876832,12,-172.54538426876832
3981,7,12,-83.41503688796908,1,-11.923979800667436
3982,30,12,-97.79392861672859,3,-68.71466132418306
3983,85,12,-204.51951458063076,12,-204.51951458063076
3984,30,12,-97.79392861672859,3,-68.71466132418306
3985,41,12,-110.98357657528959,6,-93.46522121489485
3986,8,12,-83.66859579030925,1,-13.466492256876304
3987,65,12,-153.92134393244743,12,-153.92134393244743
3988,85,12,-204.51951458063076,12,-204.51951458063076
3989,8,12,-83.66859579030925,1,-13.466492256876304
3990,49,12,-123.13930036828388,6,-115.78718783779036
3991,64,12,-151.74483656681207,12,-151.74483656681207
3992,91,12,-222.3226706914009,12,-222.3226706914009
3993,50,12,-124.81047053779731,6,-118.85564190652914
3994,48,12,-121.50183715622016,6,-112.7805402942011
3995,89,12,-216.25380747683084,12,-216.25380747683084
3996,29,12,-96.79732089859871,3,-65.56666537455592
3997,71,12,-167.68740842638795,12,-167.68740842638795
3998,26,12,-94.01001581178649,3,-56.76113061721671
3999,95,12,-234.86374178545628,20,-232.40560631336535
4000,14,12,-85.8996369884651,1,-27.0303393518663
4001,19,12,-88.68794552856191,3,-39.9420506223111
4002,8,12,-83.66859579030925,1,-13.466492256876304
4003,39,12,-108.28184885147208,6,-88.50324560744662
4004,29,12,-96.79732089859871,3,-65.56666537455592
4005,23,12,-91.52653465497364,3,-48.91374309468091
4006,77,12,-182.66516071256729,12,-182.66516071256729
4007,40,12,-109.61584921025063,6,-90.95329633472858
4008,1,12,-82.6035744145978,1,-6.9851980409108565
4009,89,12,-216.25380747683084,12,-216.25380747683084
4010,88,12,-213.26980172825859,12,-213.26980172825859
4011,30,12,-97.79392861672859,3,-68.71466132418306
4012,41,12,-110.98357657528959,6,-93.46522121489485
4013,80,12,-190.60826966535672,12,-190.60826966535672
4014,62,12,-147.492844759646,12,-147.492844759646
4015,75,12,-177.53797429426584,12,-177.53797429426584
4016,71,12,-167.68740842638795,12,-167.68740842638795
4017,85,12,-204.51951458063076,12,-204.51951458063076
4018,88,12,-213.26980172825859,12,-213.26980172825859
4019,37,12,-105.71503806602566,6,-83.78879668536612
4020,43,12,-113.8202034116098,6,-98.67466336494121
4021,59,12,-141.367447738551,12,-141.367447738551
4022,36,12,-104.48223209634578,6,-81.52441352950547
4023,32,12,-99.88838970893231,6,-73.08599843278336
4024,73,12,-172.54538426876832,12,-172.54538426876832
4025,16,12,-86.91362107098472,1,-33.19107800413937
4026,35,12,-103.28316204691019,6,-79.32193460441326
4027,3,12,-82.73882969802135,1,-7.808756080935194
4028,39,12,-108.28184885147208,6,-88.50324560744662
4029,37,12,-105.71503806602566,6,-83.78879668536612
4030,3,12,-82.73882969802135,1,-7.808756080935194
4031,40,12,-109.61584921025063,6,-90.95329633472858
4032,58,12,-139.39301515084207,12,-139.39301515084207
4033,99,12,-247.94248729970576,20,-240.54785882360903
4034,1,12,-82.6035744145978,1,-6.9851980409108565
4035,3,12,-82.73882969802135,1,-7.808756080935194
4036,11,12,-84.63205382862074,1,-19.32560286376086
4037,3,12,-82.73882969802135,1,-7.808756080935194
4038,59,12,-141.367447738551,12,-141.367447738551
4039,12,12,-85.02079284439587,1,-21.68888886194659
4040,96,12,-238.08302673965238,20,-234.40975389635224
4041,39,12,-108.28184885147208,6,-88.50324560744662
4042,50,12,-124.81047053779731,6,-118.85564190652914
4043,0,12,-82.58666666666669,1,-6.8822222222222225
4044,54,12,-131.832176252549,6,-131.7473732422173
4045,54,12,-131.832176252549,6,-131.7473732422173
4046,87,12,-210.3194161813455,12,-210.3194161813455
4047,71,12,-167.68740842638795,12,-167.68740842638795
4048,59,12,-141.367447738551,12,-141.367447738551
4049,65,12,-153.92134393244743,12,-153.92134393244743
4050,98,12,-244.6224017175923,20,-238.4808810119756
4051,13,12,-85.44332130828904,1,-24.257161856809045
4052,56,12,-135.54521295910172,12,-135.54521295910172
4053,30,12,-97.79392861672859,3,-68.71466132418306
4054,85,12,-204.51951458063076,12,-204.51951458063076
4055,81,12,-193.3232515767758,12,-193.3232515767758
4056,23,12,-91.52653465497364,3,-48.91374309468091
4057,35,12,-103.28316204691019,6,-79.32193460441326
4058,33,12,-100.9862386241835,6,-75.10271953333199
4059,6,12,-83.19527859488348,1,-10.586867266464079
4060,24,12,-92.32059977591312,3,-51.42304101039932
4061,34,12,-102.11783014653936,6,-77.18136743158533
4062,57,12,-137.45226948237894,12,-137.45226948237894
4063,73,12,-172.54538426876832,12,-172.54538426876832
4064,24,12,-92.32059977591312,3,-51.42304101039932
4065,93,12,-228.5259880514485,20,-228.46014739973276
4066,5,12,-83.00932314367421,1,-9.455237327983067
4067,48,12,-121.50183715622016,6,-112.7805402942011
4068,25,12,-93.14842757160632,3,-54.03884427687615
4069,68,12,-160.6528851776278,12,-160.6528851776278
4070,38,12,-106.98157772725399,6,-86.11507655130762
4071,0,12,-82.58666666666669,1,-6.8822222222222225
4072,59,12,-141.367447738551,12,-141.367447738551
4073,78,12,-185.27922201012348,12,-185.27922201012348
4074,73,12,-172.54538426876832,12,-172.54538426876832
4075,50,12,-124.81047053779731,6,-118.85564190652914
4076,28,12,-95.83446470521845,3,-62.525063432602536
4077,15,12,-86.38973765322098,1,-30.008338880137654
4078,66,12,-156.13152263937536,12,-156.13152263937536
4079,36,12,-104.48223209634578,6,-81.52441352950547
4080,7,12,-83.41503688796908,1,-11.923979800667436
4081,81,12,-193.3232515767758,12,-193.3232515767758
4082,31,12,-98.82428562999917,6,-71.1312116538696
4083,43,12,-113.8202034116098,6,-98.67466336494121
4084,41,12,-110.98357657528959,6,-93.46522121489485
4085,79,12,-187.92692573545764,12,-187.92692573545764
4086,28,12,-95.83446470521845,3,-62.525063432602536
4087,54,12,-131.832176252549,6,-131.7473732422173
4088,52,12,-128.2539228413562,6,-125.177939579655
4089,42,12,-112.38502871842148,6,-96.03901273050752
4090,31,12,-98.82428562999917,6,-71.1312116538696
4091,86,12,-207.4026530580665,12,-207.4026530580665
4092,57,12,-137.45226948237894,12,-137.45226948237894
4093,23,12,-91.52653465497364,3,-48.91374309468091
4094,68,12,-160.6528851776278,12,-160.6528851776278
4095,64,12,-151.74483656681207,12,-151.74483656681207
4096,17,12,-87.4712850103148,3,-36.095815994462484
4097,70,12,-165.30890638391594,12,-165.30890638391594
4098,68,12,-160.6528851776278,12,-160.6528851776278
4099,75,12,-177.53797429426584,12,-177.53797429426584
4100,96,12,-238.08302673965238,20,-234.40975389635224
4101,80,12,-190.60826966535672,12,-190.60826966535672
4102,2,12,-82.65429616947476,1,-7.294070267709967
4103,74,12,-175.02485362057575,12,-175.02485362057575
4104,39,12,-108.28184885147208,6,-88.50324560744662
4105,38,12,-106.98157772725399,6,-86.11507655130762
4106,54,12,-131.832176252549,6,-131.7473732422173
4107,0,12,-82.58666666666669,1,-6.8822222222222225
4108,9,12,-83.95595306941537,1,-15.214321990937147
4109,75,12,-177.53797429426584,12,-177.53797429426584
4110,44,12,-115.28909842694712,6,-101.37216560238318
4111,52,12,-128.2539228413562,6,-125.177939579655
4112,81,12,-193.3232515767758,12,-193.3232515767758
4113,47,12,-119.89808312874094,6,-109.83570678670114
4114,69,12,-162.96406455953235,12,-162.96406455953235
4115,48,12,-121.50183715622016,6,-112.7805402942011
4116,38,12,-106.98157772725399,6,-86.11507655130762
4117,36,12,-104.48223209634578,6,-81.52441352950547
4118,4,12,-82.85717276709248,1,-8.529172688515441
4119,75,12,-177.53797429426584,12,-177.53797429426584
4120,39,12,-108.28184885147208,6,-88.50324560744662
4121,93,12,-228.5259880514485,20,-228.46014739973276
4122,62,12,-147.492844759646,12,-147.492844759646
4123,45,12,-116.79171153665492,6,-104.13151192781399
4124,75,12,-177.53797429426584,12,-177.53797429426584
4125,42,12,-112.38502871842148,6,-96.03901273050752
4126,32,12,-99.88838970893231,6,-73.08599843278336
4127,1,12,-82.6035744145978,1,-6.9851980409108565
4128,47,12,-119.89808312874094,6,-109.83570678670114
4129,34,12,-102.11783014653936,6,-77.18136743158533
4130,42,12,-112.38502871842148,6,-96.03901273050752
4131,42,12,-112.38502871842148,6,-96.03901273050752
4132,74,12,-175.02485362057575,12,-175.02485362057575
4133,42,12,-112.38502871842148,6,-96.03901273050752
4134,46,12,-118.32804051309115,6,-106.95269482704867
4135,79,12,-187.92692573545764,12,-187.92692573545764
4136,90,12,-219.27143120512085,12,-219.27143120512085
4137,40,12,-109.61584921025063,6,-90.95329633472858
4138,80,12,-190.60826966535672,12,-190.60826966535672
4139,43,12,-113.8202034116098,6,-98.67466336494121
4140,92,12,-225.4075237139973,12,-225.4075237139973
4141,64,12,-151.74483656681207,12,-151.74483656681207
4142,63,12,-149.60200276748782,12,-149.60200276748782
4143,44,12,-115.28909842694712,6,-101.37216560238318
4144,2,12,-82.65429616947476,1,-7.294070267709967
4145,22,12,-90.76623443917929,3,-46.51097281076241
4146,24,12,-92.32059977591312,3,-51.42304101039932
4147,44,12,-115.28909842694712,6,-101.37216560238318
4148,83,12,-198.854120452488,12,-198.854120452488
4149,94,12,-231.6780614823333,20,-230.42240386096492
4150,77,12,-182.66516071256729,12,-182.66516071256729
4151,7,12,-83.41503688796908,1,-11.923979800667436
4152,83,12,-198.854120452488,12,-198.854120452488
4153,99,12,-247.94248729970576,20,-240.54785882360903
4154,53,12,-130.0262005218131,6,-128.43176816621013
4155,62,12,-147.492844759646,12,-147.492844759646
4156,29,12,-96.79732089859871,3,-65.56666537455592
4157,84,12,-201.67000297128635,12,-201.67000297128635
4158,8,12,-83.66859579030925,1,-13.466492256876304
4159,74,12,-175.02485362057575,12,-175.02485362057575
4160,41,12,-110.98357657528959,6,-93.46522121489485
4161,34,12,-102.11783014653936,6,-77.18136743158533
4162,46,12,-118.32804051309115,6,-106.95269482704867
4163,61,12,-145.41736476856974,12,-145.41736476856974
4164,75,12,-177.53797429426584,12,-177.53797429426584
4165,72,12,-170.09956846271837,12,-170.09956846271837
4166,55,12,-133.67184780709107,12,-133.67184780709107
4167,85,12,-204.51951458063076,12,-204.51951458063076
4168,68,12,-160.6528851776278,12,-160.6528851776278
4169,47,12,-119.89808312874094,6,-109.83570678670114
4170,7,12,-83.41503688796908,1,-11.923979800667436
4171,56,12,-135.54521295910172,12,-135.54521295910172
4172,85,12,-204.51951458063076,12,-204.51951458063076
4173,86,12,-207.4026530580665,12,-207.4026530580665
4174,70,12,-165.30890638391594,12,-165.30890638391594
4175,19,12,-88.68794552856191,3,-39.9420506223111
4176,43,12,-113.8202034116098,6,-98.67466336494121
4177,70,12,-165.30890638391594,12,-165.30890638391594
4178,96,12,-238.08302673965238,20,-234.40975389635224
4179,86,12,-207.4026530580665,12,-207.4026530580665
4180,21,12,-90.03970135905276,3,-44.21475244382181
4181,11,12,-84.63205382862074,1,-19.32560286376086
4182,43,12,-113.8202034116098,6,-98.67466336494121
4183,67,12,-158.37537046268577,12,-158.37537046268577
4184,96,12,-238.08302673965238,20,-234.40975389635224
4185,29,12,-96.79732089859871,3,-65.56666537455592
4186,21,12,-90.03970135905276,3,-44.21475244382181
4187,81,12,-193.3232515767758,12,-193.3232515767758
4188,69,12,-162.96406455953235,12,-162.96406455953235
4189,91,12,-222.3226706914009,12,-222.3226706914009
4190,1,12,-82.6035744145978,1,-6.9851980409108565
4191,33,12,-100.9862386241835,6,-75.10271953333199
4192,40,12,-109.61584921025063,6,-90.95329633472858
4193,43,12,-113.8202034116098,6,-98.67466336494121
4194,51,12,-126.51534543777501,6,-121.9858949902555
4195,94,12,-231.6780614823333,20,-230.42240386096492
4196,82,12,-196.07186924674602,12,-196.07186924674602
4197,54,12,-131.832176252549,6,-131.7473732422173
4198,79,12,-187.92692573545764,12,-187.92692573545764
4199,51,12,-126.51534543777501,6,-121.9858949902555
4200,45,12,-116.79171153665492,6,-104.13151192781399
4201,93,12,-228.5259880514485,20,-228.46014739973276
4202,4,12,-82.85717276709248,1,-8.529172688515441
4203,56,12,-135.54521295910172,12,-135.54521295910172
4204,48,12,-121.50183715622016,6,-112.7805402942011
4205,20,12,-89.34693764525149,3,-42.025104283182344
4206,16,12,-86.91362107098472,1,-33.19107800413937
4207,53,12,-130.0262005218131,6,-128.43176816621013
4208,85,12,-204.51951458063076,12,-204.51951458063076
4209,66,12,-156.13152263937536,12,-156.13152263937536
4210,20,12,-89.34693764525149,3,-42.025104283182344
4211,56,12,-135.54521295910172,12,-135.54521295910172
4212,24,12,-92.32059977591312,3,-51.42304101039932
4213,43,12,-113.8202034116098,6,-98.67466336494121
4214,84,12,-201.67000297128635,12,-201.67000297128635
4215,63,12,-149.60200276748782,12,-149.60200276748782
4216,15,12,-86.38973765322098,1,-30.008338880137654
4217,97,12,-241.33591412399238,20,-236.43484574939123
4218,24,12,-92.32059977591312,3,-51.42304101039932
4219,88,12,-213.26980172825859,12,-213.26980172825859
4220,91,12,-222.3226706914009,12,-222.3226706914009
4221,61,12,-145.41736476856974,12,-145.41736476856974
4222,3,12,-82.73882969802135,1,-7.808756080935194
4223,19,12,-88.68794552856191,3,-39.9420506223111
4224,12,12,-85.02079284439587,1,-21.68888886194659
4225,44,12,-115.28909842694712,6,-101.37216560238318
4226,74,12,-175.02485362057575,12,-175.02485362057575
4227,9,12,-83.95595306941537,1,-15.214321990937147
4228,63,12,-149.60200276748782,12,-149.60200276748782
4229,92,12,-225.4075237139973,12,-225.4075237139973
4230,46,12,-118.32804051309115,6,-106.95269482704867
4231,95,12,-234.86374178545628,20,-232.40560631336535
4232,87,12,-210.3194161813455,12,-210.3194161813455
4233,13,12,-85.44332130828904,1,-24.257161856809045
4234,69,12,-162.96406455953235,12,-162.96406455953235
4235,45,12,-116.79171153665492,6,-104.13151192781399
4236,7,12,-83.41503688796908,1,-11.923979800667436
4237,41,12,-110.98357657528959,6,-93.46522121489485
4238,16,12,-86.91362107098472,1,-33.19107800413937
4239,50,12,-124.81047053779731,6,-118.85564190652914
4240,39,12,-108.28184885147208,6,-88.50324560744662
4241,35,12,-103.28316204691019,6,-79.32193460441326
4242,28,12,-95.83446470521845,3,-62.525063432602536
4243,81,12,-193.3232515767758,12,-193.3232515767758
4244,37,12,-105.71503806602566,6,-83.78879668536612
4245,1,12,-82.6035744145978,1,-6.9851980409108565
4246,81,12,-193.3232515767758,12,-193.3232515767758
4247,30,12,-97.79392861672859,3,-68.71466132418306
4248,34,12,-102.11783014653936,6,-77.18136743158533
4249,3,12,-82.73882969802135,1,-7.808756080935194
4250,33,12,-100.9862386241835,6,-75.10271953333199
4251,43,12,-113.8202034116098,6,-98.67466336494121
4252,89,12,-216.25380747683084,12,-216.25380747683084
4253,1,12,-82.6035744145978,1,-6.9851980409108565
4254,98,12,-244.6224017175923,20,-238.4808810119756
4255,56,12,-135.54521295910172,12,-135.54521295910172
4256,49,12,-123.13930036828388,6,-115.78718783779036
4257,40,12,-109.61584921025063,6,-90.95329633472858
4258,82,12,-196.07186924674602,12,-196.07186924674602
4259,41,12,-110.98357657528959,6,-93.46522121489485
4260,54,12,-131.832176252549,6,-131.7473732422173
4261,85,12,-204.51951458063076,12,-204.51951458063076
4262,47,12,-119.89808312874094,6,-109.83570678670114
4263,92,12,-225.4075237139973,12,-225.4075237139973
4264,65,12,-153.92134393244743,12,-153.92134393244743
4265,41,12,-110.98357657528959,6,-93.46522121489485
4266,38,12,-106.98157772725399,6,-86.11507655130762
4267,12,12,-85.02079284439587,1,-21.68888886194659
4268,79,12,-187.92692573545764,12,-187.92692573545764
4269,28,12,-95.83446470521845,3,-62.525063432602536
4270,25,12,-93.14842757160632,3,-54.03884427687615
4271,53,12,-130.0262005218131,6,-128.43176816621013
4272,86,12,-207.4026530580665,12,-207.4026530580665
4273,63,12,-149.60200276748782,12,-149.60200276748782
4274,91,12,-222.3226706914009,12,-222.3226706914009
4275,77,12,-182.66516071256729,12,-182.66516071256729
4276,33,12,-100.9862386241835,6,-75.10271953333199
4277,78,12,-185.27922201012348,12,-185.27922201012348
4278,8,12,-83.66859579030925,1,-13.466492256876304
4279,68,12,-160.6528851776278,12,-160.6528851776278
4280,46,12,-118.32804051309115,6,-106.95269482704867
4281,85,12,-204.51951458063076,12,-204.51951458063076
4282,45,12,-116.79171153665492,6,-104.13151192781399
4283,92,12,-225.4075237139973,12,-225.4075237139973
4284,22,12,-90.76623443917929,3,-46.51097281076241
4285,14,12,-85.8996369884651,1,-27.0303393518663
4286,0,12,-82.58666666666669,1,-6.8822222222222225
4287,50,12,-124.81047053779731,6,-118.85564190652914
4288,54,12,-131.832176252549,6,-131.7473732422173
4289,50,12,-124.81047053779731,6,-118.85564190652914
4290,9,12,-83.95595306941537,1,-15.214321990937147
4291,33,12,-100.9862386241835,6,-75.10271953333199
4292,40,12,-109.61584921025063,6,-90.95329633472858
4293,40,12,-109.61584921025063,6,-90.95329633472858
4294,7,12,-83.41503688796908,1,-11.923979800667436
4295,26,12,-94.01001581178649,3,-56.76113061721671
4296,29,12,-96.79732089859871,3,-65.56666537455592
4297,50,12,-124.81047053779731,6,-118.85564190652914
4298,57,12,-137.45226948237894,12,-137.45226948237894
4299,17,12,-87.4712850103148,3,-36.095815994462484
4300,10,12,-84.27710649292833,1,-17.167386388250772
4301,43,12,-113.8202034116098,6,-98.67466336494121
4302,62,12,-147.492844759646,12,-147.492844759646
4303,97,12,-241.33591412399238,20,-236.43484574939123
4304,65,12,-153.92134393244743,12,-153.92134393244743
4305,19,12,-88.68794552856191,3,-39.9420506223111
4306,93,12,-228.5259880514485,20,-228.46014739973276
4307,6,12,-83.19527859488348,1,-10.586867266464079
4308,5,12,-83.00932314367421,1,-9.455237327983067
4309,68,12,-160.6528851776278,12,-160.6528851776278
4310,66,12,-156.13152263937536,12,-156.13152263937536
4311,40,12,-109.61584921025063,6,-90.95329633472858
4312,80,12,-190.60826966535672,12,-190.60826966535672
4313,71,12,-167.68740842638795,12,-167.68740842638795
4314,40,12,-109.61584921025063,6,-90.95329633472858
4315,24,12,-92.32059977591312,3,-51.42304101039932
4316,87,12,-210.3194161813455,12,-210.3194161813455
4317,52,12,-128.2539228413562,6,-125.177939579655
4318,22,12,-90.76623443917929,3,-46.51097281076241
4319,41,12,-110.98357657528959,6,-93.46522121489485
4320,6,12,-83.19527859488348,1,-10.586867266464079
4321,78,12,-185.27922201012348,12,-185.27922201012348
4322,51,12,-126.51534543777501,6,-121.9858949902555
4323,39,12,-108.28184885147208,6,-88.50324560744662
4324,24,12,-92.32059977591312,3,-51.42304101039932
4325,31,12,-98.82428562999917,6,-71.1312116538696
4326,20,12,-89.34693764525149,3,-42.025104283182344
4327,18,12,-88.0627272398999,3,-37.96561375881964
4328,35,12,-103.28316204691019,6,-79.32193460441326
4329,96,12,-238.08302673965238,20,-234.40975389635224
4330,84,12,-201.67000297128635,12,-201.67000297128635
4331,88,12,-213.26980172825859,12,-213.26980172825859
4332,96,12,-238.08302673965238,20,-234.40975389635224
4333,91,12,-222.3226706914009,12,-222.3226706914009
4334,44,12,-115.28909842694712,6,-101.37216560238318
4335,82,12,-196.07186924674602,12,-196.07186924674602
4336,22,12,-90.76623443917929,3,-46.51097281076241
4337,98,12,-244.6224017175923,20,-238.4808810119756
4338,31,12,-98.82428562999917,6,-71.1312116538696
4339,50,12,-124.81047053779731,6,-118.85564190652914
4340,18,12,-88.0627272398999,3,-37.96561375881964
4341,78,12,-185.27922201012348,12,-185.27922201012348
4342,7,12,-83.41503688796908,1,-11.923979800667436
4343,11,12,-84.63205382862074,1,-19.32560286376086
4344,63,12,-149.60200276748782,12,-149.60200276748782
4345,74,12,-175.02485362057575,12,-175.02485362057575
4346,57,12,-137.45226948237894,12,-137.45226948237894
4347,58,12,-139.39301515084207,12,-139.39301515084207
4348,38,12,-106.98157772725399,6,-86.11507655130762
4349,41,12,-110.98357657528959,6,-93.46522121489485
4350,86,12,-207.4026530580665,12,-207.4026530580665
4351,64,12,-151.74483656681207,12,-151.74483656681207
4352,34,12,-102.11783014653936,6,-77.18136743158533
4353,81,12,-193.3232515767758,12,-193.3232515767758
4354,42,12,-112.38502871842148,6,-96.03901273050752
4355,52,12,-128.2539228413562,6,-125.177939579655
4356,70,12,-165.30890638391594,12,-165.30890638391594
4357,3,12,-82.73882969802135,1,-7.808756080935194
4358,40,12,-109.61584921025063,6,-90.95329633472858
4359,91,12,-222.3226706914009,12,-222.3226706914009
4360,76,12,-180.08474406613544,12,-180.08474406613544
4361,39,12,-108.28184885147208,6,-88.50324560744662
4362,85,12,-204.51951458063076,12,-204.51951458063076
4363,25,12,-93.14842757160632,3,-54.03884427687615
4364,0,12,-82.58666666666669,1,-6.8822222222222225
4365,34,12,-102.11783014653936,6,-77.18136743158533
4366,65,12,-153.92134393244743,12,-153.92134393244743
4367,43,12,-113.8202034116098,6,-98.67466336494121
4368,37,12,-105.71503806602566,6,-83.78879668536612
4369,89,12,-216.25380747683084,12,-216.25380747683084
4370,87,12,-210.3194161813455,12,-210.3194161813455
4371,42,12,-112.38502871842148,6,-96.03901273050752
4372,68,12,-160.6528851776278,12,-160.6528851776278
4373,52,12,-128.2539228413562,6,-125.177939579655
4374,71,12,-167.68740842638795,12,-167.68740842638795
4375,93,12,-228.5259880514485,20,-228.46014739973276
4376,1,12,-82.6035744145978,1,-6.9851980409108565
4377,23,12,-91.52653465497364,3,-48.91374309468091
4378,87,12,-210.3194161813455,12,-210.3194161813455
4379,88,12,-213.26980172825859,12,-213.26980172825859
4380,89,12,-216.25380747683084,12,-216.25380747683084
4381,69,12,-162.96406455953235,12,-162.96406455953235
4382,22,12,-90.76623443917929,3,-46.51097281076241
4383,80,12,-190.60826966535672,12,-190.60826966535672
4384,95,12,-234.86374178545628,20,-232.40560631336535
4385,64,12,-151.74483656681207,12,-151.74483656681207
4386,67,12,-158.37537046268577,12,-158.37537046268577
4387,97,12,-241.33591412399238,20,-236.43484574939123
4388,31,12,-98.82428562999917,6,-71.1312116538696
4389,70,12,-165.30890638391594,12,-165.30890638391594
4390,52,12,-128.2539228413562,6,-125.177939579655
4391,64,12,-151.74483656681207,12,-151.74483656681207
4392,8,12,-83.66859579030925,1,-13.466492256876304
4393,24,12,-92.32059977591312,3,-51.42304101039932
4394,70,12,-165.30890638391594,12,-165.30890638391594
4395,75,12,-177.53797429426584,12,-177.53797429426584
4396,68,12,-160.6528851776278,12,-160.6528851776278
4397,62,12,-147.492844759646,12,-147.492844759646
4398,71,12,-167.68740842638795,12,-167.68740842638795
4399,25,12,-93.14842757160632,3,-54.03884427687615
4400,51,12,-126.51534543777501,6,-121.9858949902555
4401,42,12,-112.38502871842148,6,-96.03901273050752
4402,5,12,-83.00932314367421,1,-9.455237327983067
4403,37,12,-105.71503806602566,6,-83.78879668536612
4404,4,12,-82.85717276709248,1,-8.529172688515441
4405,62,12,-147.492844759646,12,-147.492844759646
4406,42,12,-112.38502871842148,6,-96.03901273050752
4407,12,12,-85.02079284439587,1,-21.68888886194659
4408,16,12,-86.91362107098472,1,-33.19107800413937
4409,57,12,-137.45226948237894,12,-137.45226948237894
4410,69,12,-162.96406455953235,12,-162.96406455953235
4411,13,12,-85.44332130828904,1,-24.257161856809045
4412,11,12,-84.63205382862074,1,-19.32560286376086
4413,86,12,-207.4026530580665,12,-207.4026530580665
4414,39,12,-108.28184885147208,6,-88.50324560744662
4415,0,12,-82.58666666666669,1,-6.8822222222222225
4416,24,12,-92.32059977591312,3,-51.42304101039932
4417,27,12,-94.90536226632408,3,-59.5898777586643
4418,30,12,-97.79392861672859,3,-68.71466132418306
4419,88,12,-213.26980172825859,12,-213.26980172825859
4420,92,12,-225.4075237139973,12,-225.4075237139973
4421,24,12,-92.32059977591312,3,-51.42304101039932
4422,94,12,-231.6780614823333,20,-230.42240386096492
4423,52,12,-128.2539228413562,6,-125.177939579655
4424,32,12,-99.88838970893231,6,-73.08599843278336
4425,62,12,-147.492844759646,12,-147.492844759646
4426,61,12,-145.41736476856974,12,-145.41736476856974
4427,99,12,-247.94248729970576,20,-240.54785882360903
4428,86,12,-207.4026530580665,12,-207.4026530580665
4429,47,12,-119.89808312874094,6,-109.83570678670114
4430,8,12,-83.66859579030925,1,-13.466492256876304
4431,3,12,-82.73882969802135,1,-7.808756080935194
4432,52,12,-128.2539228413562,6,-125.177939579655
4433,78,12,-185.27922201012348,12,-185.27922201012348
4434,60,12,-143.3755650196889,12,-143.3755650196889
4435,59,12,-141.367447738551,12,-141.367447738551
4436,81,12,-193.3232515767758,12,-193.3232515767758
4437,59,12,-141.367447738551,12,-141.367447738551
4438,83,12,-198.854120452488,12,-198.854120452488
4439,88,12,-213.26980172825859,12,-213.26980172825859
4440,88,12,-213.26980172825859,12,-213.26980172825859
4441,99,12,-247.94248729970576,20,-240.54785882360903
4442,65,12,-153.92134393244743,12,-153.92134393244743
4443,76,12,-180.08474406613544,12,-180.08474406613544
4444,84,12,-201.67000297128635,12,-201.67000297128635
4445,7,12,-83.41503688796908,1,-11.923979800667436
4446,86,12,-207.4026530580665,12,-207.4026530580665
4447,44,12,-115.28909842694712,6,-101.37216560238318
4448,79,12,-187.92692573545764,12,-187.92692573545764
4449,32,12,-99.88838970893231,6,-73.08599843278336
4450,33,12,-100.9862386241835,6,-75.10271953333199
4451,77,12,-182.66516071256729,12,-182.66516071256729
4452,1,12,-82.6035744145978,1,-6.9851980409108565
4453,3,12,-82.73882969802135,1,-7.808756080935194
4454,39,12,-108.28184885147208,6,-88.50324560744662
4455,62,12,-147.492844759646,12,-147.492844759646
4456,62,12,-147.492844759646,12,-147.492844759646
4457,27,12,-94.90536226632408,3,-59.5898777586643
4458,58,12,-139.39301515084207,12,-139.39301515084207
4459,98,12,-244.6224017175923,20,-238.4808810119756
4460,47,12,-119.89808312874094,6,-109.83570678670114
4461,25,12,-93.14842757160632,3,-54.03884427687615
4462,80,12,-190.60826966535672,12,-190.60826966535672
4463,73,12,-172.54538426876832,12,-172.54538426876832
4464,25,12,-93.14842757160632,3,-54.03884427687615
4465,64,12,-151.74483656681207,12,-151.74483656681207
4466,15,12,-86.38973765322098,1,-30.008338880137654
4467,80,12,-190.60826966535672,12,-190.60826966535672
4468,7,12,-83.41503688796908,1,-11.923979800667436
4469,23,12,-91.52653465497364,3,-48.91374309468091
4470,40,12,-109.61584921025063,6,-90.95329633472858
4471,38,12,-106.98157772725399,6,-86.11507655130762
4472,37,12,-105.71503806602566,6,-83.78879668536612
4473,68,12,-160.6528851776278,12,-160.6528851776278
4474,98,12,-244.6224017175923,20,-238.4808810119756
4475,86,12,-207.4026530580665,12,-207.4026530580665
4476,60,12,-143.3755650196889,12,-143.3755650196889
4477,49,12,-123.13930036828388,6,-115.78718783779036
4478,30,12,-97.79392861672859,3,-68.71466132418306
4479,97,12,-241.33591412399238,20,-236.43484574939123
4480,91,12,-222.3226706914009,12,-222.3226706914009
4481,71,12,-167.68740842638795,12,-167.68740842638795
4482,77,12,-182.66516071256729,12,-182.66516071256729
4483,89,12,-216.25380747683084,12,-216.25380747683084
4484,37,12,-105.71503806602566,6,-83.78879668536612
4485,31,12,-98.82428562999917,6,-71.1312116538696
4486,49,12,-123.13930036828388,6,-115.78718783779036
4487,47,12,-119.89808312874094,6,-109.83570678670114
4488,53,12,-130.0262005218131,6,-128.43176816621013
4489,8,12,-83.66859579030925,1,-13.466492256876304
4490,18,12,-88.0627272398999,3,-37.96561375881964
4491,84,12,-201.67000297128635,12,-201.67000297128635
4492,25,12,-93.14842757160632,3,-54.03884427687615
4493,39,12,-108.28184885147208,6,-88.50324560744662
4494,93,12,-228.5259880514485,20,-228.46014739973276
4495,2,12,-82.65429616947476,1,-7.294070267709967
4496,50,12,-124.81047053779731,6,-118.85564190652914
4497,81,12,-193.3232515767758,12,-193.3232515767758
4498,97,12,-241.33591412399238,20,-236.43484574939123
4499,3,12,-82.73882969802135,1,-7.808756080935194
4500,26,12,-94.01001581178649,3,-56.76113061721671
4501,53,12,-130.0262005218131,6,-128.43176816621013
4502,88,12,-213.26980172825859,12,-213.26980172825859
4503,63,12,-149.60200276748782,12,-149.60200276748782
4504,94,12,-231.6780614823333,20,-230.42240386096492
4505,57,12,-137.45226948237894,12,-137.45226948237894
4506,65,12,-153.92134393244743,12,-153.92134393244743
4507,82,12,-196.07186924674602,12,-196.07186924674602
4508,71,12,-167.68740842638795,12,-167.68740842638795
4509,43,12,-113.8202034116098,6,-98.67466336494121
4510,69,12,-162.96406455953235,12,-162.96406455953235
4511,58,12,-139.39301515084207,12,-139.39301515084207
4512,40,12,-109.61584921025063,6,-90.95329633472858
4513,19,12,-88.68794552856191,3,-39.9420506223111
4514,34,12,-102.11783014653936,6,-77.18136743158533
4515,85,12,-204.51951458063076,12,-204.51951458063076
4516,88,12,-213.26980172825859,12,-213.26980172825859
4517,94,12,-231.6780614823333,20,-230.42240386096492
4518,65,12,-153.92134393244743,12,-153.92134393244743
4519,0,12,-82.58666666666669,1,-6.8822222222222225
4520,88,12,-213.26980172825859,12,-213.26980172825859
4521,47,12,-119.89808312874094,6,-109.83570678670114
4522,4,12,-82.85717276709248,1,-8.529172688515441
4523,64,12,-151.74483656681207,12,-151.74483656681207
4524,36,12,-104.48223209634578,6,-81.52441352950547
4525,60,12,-143.3755650196889,12,-143.3755650196889
4526,50,12,-124.81047053779731,6,-118.85564190652914
4527,55,12,-133.67184780709107,12,-133.67184780709107
4528,84,12,-201.67000297128635,12,-201.67000297128635
4529,68,12,-160.6528851776278,12,-160.6528851776278
4530,5,12,-83.00932314367421,1,-9.455237327983067
4531,61,12,-145.41736476856974,12,-145.41736476856974
4532,78,12,-185.27922201012348,12,-185.27922201012348
4533,22,12,-90.76623443917929,3,-46.51097281076241
4534,79,12,-187.92692573545764,12,-187.92692573545764
4535,83,12,-198.854120452488,12,-198.854120452488
4536,76,12,-180.08474406613544,12,-180.08474406613544
4537,61,12,-145.41736476856974,12,-145.41736476856974
4538,39,12,-108.28184885147208,6,-88.50324560744662
4539,32,12,-99.88838970893231,6,-73.08599843278336
4540,57,12,-137.45226948237894,12,-137.45226948237894
4541,30,12,-97.79392861672859,3,-68.71466132418306
4542,84,12,-201.67000297128635,12,-201.67000297128635
4543,20,12,-89.34693764525149,3,-42.025104283182344
4544,58,12,-139.39301515084207,12,-139.39301515084207
4545,69,12,-162.96406455953235,12,-162.96406455953235
4546,74,12,-175.02485362057575,12,-175.02485362057575
4547,88,12,-213.26980172825859,12,-213.26980172825859
4548,75,12,-177.53797429426584,12,-177.53797429426584
4549,21,12,-90.03970135905276,3,-44.21475244382181
4550,70,12,-165.30890638391594,12,-165.30890638391594
4551,65,12,-153.92134393244743,12,-153.92134393244743
4552,52,12,-128.2539228413562,6,-125.177939579655
4553,13,12,-85.44332130828904,1,-24.257161856809045
4554,79,12,-187.92692573545764,12,-187.92692573545764
4555,43,12,-113.8202034116098,6,-98.67466336494121
4556,85,12,-204.51951458063076,12,-204.51951458063076
4557,67,12,-158.37537046268577,12,-158.37537046268577
4558,93,12,-228.5259880514485,20,-228.46014739973276
4559,9,12,-83.95595306941537,1,-15.214321990937147
4560,54,12,-131.832176252549,6,-131.7473732422173
4561,88,12,-213.26980172825859,12,-213.26980172825859
4562,55,12,-133.67184780709107,12,-133.67184780709107
4563,55,12,-133.67184780709107,12,-133.67184780709107
4564,56,12,-135.54521295910172,12,-135.54521295910172
4565,49,12,-123.13930036828388,6,-115.78718783779036
4566,20,12,-89.34693764525149,3,-42.025104283182344
4567,37,12,-105.71503806602566,6,-83.78879668536612
4568,53,12,-130.0262005218131,6,-128.43176816621013
4569,61,12,-145.41736476856974,12,-145.41736476856974
4570,83,12,-198.854120452488,12,-198.854120452488
4571,40,12,-109.61584921025063,6,-90.95329633472858
4572,67,12,-158.37537046268577,12,-158.37537046268577
4573,37,12,-105.71503806602566,6,-83.78879668536612
4574,3,12,-82.73882969802135,1,-7.808756080935194
4575,84,12,-201.67000297128635,12,-201.67000297128635
4576,38,12,-106.98157772725399,6,-86.11507655130762
4577,94,12,-231.6780614823333,20,-230.42240386096492
4578,33,12,-100.9862386241835,6,-75.10271953333199
4579,89,12,-216.25380747683084,12,-216.25380747683084
4580,41,12,-110.98357657528959,6,-93.46522121489485
4581,22,12,-90.76623443917929,3,-46.51097281076241
4582,66,12,-156.13152263937536,12,-156.13152263937536
4583,57,12,-137.45226948237894,12,-137.45226948237894
4584,27,12,-94.90536226632408,3,-59.5898777586643
4585,58,12,-139.39301515084207,12,-139.39301515084207
4586,28,12,-95.83446470521845,3,-62.525063432602536
4587,60,12,-143.3755650196889,12,-143.3755650196889
4588,99,12,-247.94248729970576,20,-240.54785882360903
4589,47,12,-119.89808312874094,6,-109.83570678670114
4590,33,12,-100.9862386241835,6,-75.10271953333199
4591,25,12,-93.14842757160632,3,-54.03884427687615
4592,74,12,-175.02485362057575,12,-175.02485362057575
4593,72,12,-170.09956846271837,12,-170.09956846271837
4594,81,12,-193.3232515767758,12,-193.3232515767758
4595,89,12,-216.25380747683084,12,-216.25380747683084
4596,7,12,-83.41503688796908,1,-11.923979800667436
4597,51,12,-126.51534543777501,6,-121.9858949902555
4598,29,12,-96.79732089859871,3,-65.56666537455592
4599,39,12,-108.28184885147208,6,-88.50324560744662
4600,41,12,-110.98357657528959,6,-93.46522121489485
4601,20,12,-89.34693764525149,3,-42.025104283182344
4602,33,12,-100.9862386241835,6,-75.10271953333199
4603,10,12,-84.27710649292833,1,-17.167386388250772
4604,76,12,-180.08474406613544,12,-180.08474406613544
4605,47,12,-119.89808312874094,6,-109.83570678670114
4606,2,12,-82.65429616947476,1,-7.294070267709967
4607,96,12,-238.08302673965238,20,-234.40975389635224
4608,88,12,-213.26980172825859,12,-213.26980172825859
4609,53,12,-130.0262005218131,6,-128.43176816621013
4610,69,12,-162.96406455953235,12,-162.96406455953235
4611,19,12,-88.68794552856191,3,-39.9420506223111
4612,0,12,-82.58666666666669,1,-6.8822222222222225
4613,17,12,-87.4712850103148,3,-36.095815994462484
4614,87,12,-210.3194161813455,12,-210.3194161813455
4615,84,12,-201.67000297128635,12,-201.67000297128635
4616,58,12,-139.39301515084207,12,-139.39301515084207
4617,36,12,-104.48223209634578,6,-81.52441352950547
4618,12,12,-85.02079284439587,1,-21.68888886194659
4619,44,12,-115.28909842694712,6,-101.37216560238318
4620,79,12,-187.92692573545764,12,-187.92692573545764
4621,37,12,-105.71503806602566,6,-83.78879668536612
4622,24,12,-92.32059977591312,3,-51.42304101039932
4623,45,12,-116.79171153665492,6,-104.13151192781399
4624,52,12,-128.2539228413562,6,-125.177939579655
4625,84,12,-201.67000297128635,12,-201.67000297128635
4626,60,12,-143.3755650196889,12,-143.3755650196889
4627,7,12,-83.41503688796908,1,-11.923979800667436
4628,23,12,-91.52653465497364,3,-48.91374309468091
4629,20,12,-89.34693764525149,3,-42.025104283182344
4630,69,12,-162.96406455953235,12,-162.96406455953235
4631,7,12,-83.41503688796908,1,-11.923979800667436
4632,36,12,-104.48223209634578,6,-81.52441352950547
4633,9,12,-83.95595306941537,1,-15.214321990937147
4634,69,12,-162.96406455953235,12,-162.96406455953235
4635,25,12,-93.14842757160632,3,-54.03884427687615
4636,33,12,-100.9862386241835,6,-75.10271953333199
4637,84,12,-201.67000297128635,12,-201.67000297128635
4638,64,12,-151.74483656681207,12,-151.74483656681207
4639,33,12,-100.9862386241835,6,-75.10271953333199
4640,83,12,-198.854120452488,12,-198.854120452488
4641,73,12,-172.54538426876832,12,-172.54538426876832
4642,2,12,-82.65429616947476,1,-7.294070267709967
4643,16,12,-86.91362107098472,1,-33.19107800413937
4644,87,12,-210.3194161813455,12,-210.3194161813455
4645,61,12,-145.41736476856974,12,-145.41736476856974
4646,58,12,-139.39301515084207,12,-139.39301515084207
4647,25,12,-93.14842757160632,3,-54.03884427687615
4648,42,12,-112.38502871842148,6,-96.03901273050752
4649,80,12,-190.60826966535672,12,-190.60826966535672
4650,17,12,-87.4712850103148,3,-36.095815994462484
4651,40,12,-109.61584921025063,6,-90.95329633472858
4652,60,12,-143.3755650196889,12,-143.3755650196889
4653,81,12,-193.3232515767758,12,-193.3232515767758
4654,41,12,-110.98357657528959,6,-93.46522121489485
4655,38,12,-106.98157772725399,6,-86.11507655130762
4656,76,12,-180.08474406613544,12,-180.08474406613544
4657,70,12,-165.30890638391594,12,-165.30890638391594
4658,24,12,-92.32059977591312,3,-51.42304101039932
4659,33,12,-100.9862386241835,6,-75.10271953333199
4660,78,12,-185.27922201012348,12,-185.27922201012348
4661,69,12,-162.96406455953235,12,-162.96406455953235
4662,9,12,-83.95595306941537,1,-15.214321990937147
4663,37,12,-105.71503806602566,6,-83.78879668536612
4664,11,12,-84.63205382862074,1,-19.32560286376086
4665,25,12,-93.14842757160632,3,-54.03884427687615
4666,16,12,-86.91362107098472,1,-33.19107800413937
4667,83,12,-198.854120452488,12,-198.854120452488
4668,61,12,-145.41736476856974,12,-145.41736476856974
4669,23,12,-91.52653465497364,3,-48.91374309468091
4670,50,12,-124.81047053779731,6,-118.85564190652914
4671,9,12,-83.95595306941537,1,-15.214321990937147
4672,42,12,-112.38502871842148,6,-96.03901273050752
4673,41,12,-110.98357657528959,6,-93.46522121489485
4674,26,12,-94.01001581178649,3,-56.76113061721671
4675,42,12,-112.38502871842148,6,-96.03901273050752
4676,62,12,-147.492844759646,12,-147.492844759646
4677,11,12,-84.63205382862074,1,-19.32560286376086
4678,71,12,-167.68740842638795,12,-167.68740842638795
4679,91,12,-222.3226706914009,12,-222.3226706914009
4680,32,12,-99.88838970893231,6,-73.08599843278336
4681,30,12,-97.79392861672859,3,-68.71466132418306
4682,86,12,-207.4026530580665,12,-207.4026530580665
4683,29,12,-96.79732089859871,3,-65.56666537455592
4684,32,12,-99.88838970893231,6,-73.08599843278336
4685,66,12,-156.13152263937536,12,-156.13152263937536
4686,22,12,-90.76623443917929,3,-46.51097281076241
4687,47,12,-119.89808312874094,6,-109.83570678670114
4688,40,12,-109.61584921025063,6,-90.95329633472858
4689,24,12,-92.32059977591312,3,-51.42304101039932
4690,14,12,-85.8996369884651,1,-27.0303393518663
4691,2,12,-82.65429616947476,1,-7.294070267709967
4692,67,12,-158.37537046268577,12,-158.37537046268577
4693,33,12,-100.9862386241835,6,-75.10271953333199
4694,42,12,-112.38502871842148,6,-96.03901273050752
4695,36,12,-104.48223209634578,6,-81.52441352950547
4696,0,12,-82.58666666666669,1,-6.8822222222222225
4697,24,12,-92.32059977591312,3,-51.42304101039932
4698,50,12,-124.81047053779731,6,-118.85564190652914
4699,38,12,-106.98157772725399,6,-86.11507655130762
4700,55,12,-133.67184780709107,12,-133.67184780709107
4701,12,12,-85.02079284439587,1,-21.68888886194659
4702,15,12,-86.38973765322098,1,-30.008338880137654
4703,26,12,-94.01001581178649,3,-56.76113061721671
4704,23,12,-91.52653465497364,3,-48.91374309468091
4705,56,12,-135.54521295910172,12,-135.54521295910172
4706,93,12,-228.5259880514485,20,-228.46014739973276
4707,16,12,-86.91362107098472,1,-33.19107800413937
4708,82,12,-196.07186924674602,12,-196.07186924674602
4709,45,12,-116.79171153665492,6,-104.13151192781399
4710,33,12,-100.9862386241835,6,-75.10271953333199
4711,3,12,-82.73882969802135,1,-7.808756080935194
4712,58,12,-139.39301515084207,12,-139.39301515084207
4713,71,12,-167.68740842638795,12,-167.68740842638795
4714,57,12,-137.45226948237894,12,-137.45226948237894
4715,20,12,-89.34693764525149,3,-42.025104283182344
4716,88,12,-213.26980172825859,12,-213.26980172825859
4717,66,12,-156.13152263937536,12,-156.13152263937536
4718,60,12,-143.3755650196889,12,-143.3755650196889
4719,10,12,-84.27710649292833,1,-17.167386388250772
4720,51,12,-126.51534543777501,6,-121.9858949902555
4721,98,12,-244.6224017175923,20,-238.4808810119756
4722,88,12,-213.26980172825859,12,-213.26980172825859
4723,0,12,-82.58666666666669,1,-6.8822222222222225
4724,70,12,-165.30890638391594,12,-165.30890638391594
4725,13,12,-85.44332130828904,1,-24.257161856809045
4726,25,12,-93.14842757160632,3,-54.03884427687615
4727,91,12,-222.3226706914009,12,-222.3226706914009
4728,47,12,-119.89808312874094,6,-109.83570678670114
4729,69,12,-162.96406455953235,12,-162.96406455953235
4730,23,12,-91.52653465497364,3,-48.91374309468091
4731,51,12,-126.51534543777501,6,-121.9858949902555
4732,54,12,-131.832176252549,6,-131.7473732422173
4733,24,12,-92.32059977591312,3,-51.42304101039932
4734,77,12,-182.66516071256729,12,-182.66516071256729
4735,21,12,-90.03970135905276,3,-44.21475244382181
4736,13,12,-85.44332130828904,1,-24.257161856809045
4737,66,12,-156.13152263937536,12,-156.13152263937536
4738,41,12,-110.98357657528959,6,-93.46522121489485
4739,1,12,-82.6035744145978,1,-6.9851980409108565
4740,58,12,-139.39301515084207,12,-139.39301515084207
4741,52,12,-128.2539228413562,6,-125.177939579655
4742,0,12,-82.58666666666669,1,-6.8822222222222225
4743,57,12,-137.45226948237894,12,-137.45226948237894
4744,14,12,-85.8996369884651,1,-27.0303393518663
4745,7,12,-83.41503688796908,1,-11.923979800667436
4746,48,12,-121.50183715622016,6,-112.7805402942011
4747,73,12,-172.54538426876832,12,-172.54538426876832
4748,49,12,-123.13930036828388,6,-115.78718783779036
4749,4,12,-82.85717276709248,1,-8.529172688515441
4750,16,12,-86.91362107098472,1,-33.19107800413937
4751,16,12,-86.91362107098472,1,-33.19107800413937
4752,63,12,-149.60200276748782,12,-149.60200276748782
4753,16,12,-86.91362107098472,1,-33.19107800413937
4754,67,12,-158.37537046268577,12,-158.37537046268577
4755,54,12,-131.832176252549,6,-131.7473732422173
4756,2,12,-82.65429616947476,1,-7.294070267709967
4757,32,12,-99.88838970893231,6,-73.08599843278336
4758,57,12,-137.45226948237894,12,-137.45226948237894
4759,70,12,-165.30890638391594,12,-165.30890638391594
4760,85,12,-204.51951458063076,12,-204.51951458063076
4761,28,12,-95.83446470521845,3,-62.525063432602536
4762,22,12,-90.76623443917929,3,-46.51097281076241
4763,27,12,-94.90536226632408,3,-59.5898777586643
4764,49,12,-123.13930036828388,6,-115.78718783779036
4765,4,12,-82.85717276709248,1,-8.529172688515441
4766,4,12,-82.85717276709248,1,-8.529172688515441
4767,95,12,-234.86374178545628,20,-232.40560631336535
4768,66,12,-156.13152263937536,12,-156.13152263937536
4769,89,12,-216.25380747683084,12,-216.25380747683084
4770,94,12,-231.6780614823333,20,-230.42240386096492
4771,75,12,-177.53797429426584,12,-177.53797429426584
4772,74,12,-175.02485362057575,12,-175.02485362057575
4773,66,12,-156.13152263937536,12,-156.13152263937536
4774,75,12,-177.53797429426584,12,-177.53797429426584
4775,76,12,-180.08474406613544,12,-180.08474406613544
4776,84,12,-201.67000297128635,12,-201.67000297128635
4777,9,12,-83.95595306941537,1,-15.214321990937147
4778,35,12,-103.28316204691019,6,-79.32193460441326
4779,51,12,-126.51534543777501,6,-121.9858949902555
4780,6,12,-83.19527859488348,1,-10.586867266464079
4781,31,12,-98.82428562999917,6,-71.1312116538696
4782,27,12,-94.90536226632408,3,-59.5898777586643
4783,10,12,-84.27710649292833,1,-17.167386388250772
4784,48,12,-121.50183715622016,6,-112.7805402942011
4785,72,12,-170.09956846271837,12,-170.09956846271837
4786,89,12,-216.25380747683084,12,-216.25380747683084
4787,79,12,-187.92692573545764,12,-187.92692573545764
4788,26,12,-94.01001581178649,3,-56.76113061721671
4789,69,12,-162.96406455953235,12,-162.96406455953235
4790,82,12,-196.07186924674602,12,-196.07186924674602
4791,64,12,-151.74483656681207,12,-151.74483656681207
4792,36,12,-104.48223209634578,6,-81.52441352950547
4793,32,12,-99.88838970893231,6,-73.08599843278336
4794,37,12,-105.71503806602566,6,-83.78879668536612
4795,82,12,-196.07186924674602,12,-196.07186924674602
4796,77,12,-182.66516071256729,12,-182.66516071256729
4797,83,12,-198.854120452488,12,-198.854120452488
4798,66,12,-156.13152263937536,12,-156.13152263937536
4799,40,12,-109.61584921025063,6,-90.95329633472858
4800,0,12,-82.58666666666669,1,-6.8822222222222225
4801,38,12,-106.98157772725399,6,-86.11507655130762
4802,64,12,-151.74483656681207,12,-151.74483656681207
4803,9,12,-83.95595306941537,1,-15.214321990937147
4804,62,12,-147.492844759646,12,-147.492844759646
4805,49,12,-123.13930036828388,6,-115.78718783779036
4806,3,12,-82.73882969802135,1,-7.808756080935194
4807,5,12,-83.00932314367421,1,-9.455237327983067
4808,81,12,-193.3232515767758,12,-193.3232515767758
4809,18,12,-88.0627272398999,3,-37.96561375881964
4810,45,12,-116.79171153665492,6,-104.13151192781399
4811,75,12,-177.53797429426584,12,-177.53797429426584
4812,64,12,-151.74483656681207,12,-151.74483656681207
4813,38,12,-106.98157772725399,6,-86.11507655130762
4814,41,12,-110.98357657528959,6,-93.46522121489485
4815,17,12,-87.4712850103148,3,-36.095815994462484
4816,44,12,-115.28909842694712,6,-101.37216560238318
4817,18,12,-88.0627272398999,3,-37.96561375881964
4818,63,12,-149.60200276748782,12,-149.60200276748782
4819,6,12,-83.19527859488348,1,-10.586867266464079
4820,79,12,-187.92692573545764,12,-187.92692573545764
4821,54,12,-131.832176252549,6,-131.7473732422173
4822,60,12,-143.3755650196889,12,-143.3755650196889
4823,39,12,-108.28184885147208,6,-88.50324560744662
4824,0,12,-82.58666666666669,1,-6.8822222222222225
4825,37,12,-105.71503806602566,6,-83.78879668536612
4826,36,12,-104.48223209634578,6,-81.52441352950547
4827,7,12,-83.41503688796908,1,-11.923979800667436
4828,45,12,-116.79171153665492,6,-104.13151192781399
4829,11,12,-84.63205382862074,1,-19.32560286376086
4830,4,12,-82.85717276709248,1,-8.529172688515441
4831,70,12,-165.30890638391594,12,-165.30890638391594
4832,38,12,-106.98157772725399,6,-86.11507655130762
4833,40,12,-109.61584921025063,6,-90.95329633472858
4834,62,12,-147.492844759646,12,-147.492844759646
4835,70,12,-165.30890638391594,12,-165.30890638391594
4836,80,12,-190.60826966535672,12,-190.60826966535672
4837,34,12,-102.11783014653936,6,-77.18136743158533
4838,80,12,-190.60826966535672,12,-190.60826966535672
4839,96,12,-238.08302673965238,20,-234.40975389635224
4840,28,12,-95.83446470521845,3,-62.525063432602536
4841,32,12,-99.88838970893231,6,-73.08599843278336
4842,49,12,-123.13930036828388,6,-115.78718783779036
4843,8,12,-83.66859579030925,1,-13.466492256876304
4844,21,12,-90.03970135905276,3,-44.21475244382181
4845,50,12,-124.81047053779731,6,-118.85564190652914
4846,24,12,-92.32059977591312,3,-51.42304101039932
4847,16,12,-86.91362107098472,1,-33.19107800413937
4848,85,12,-204.51951458063076,12,-204.51951458063076
4849,10,12,-84.27710649292833,1,-17.167386388250772
4850,32,12,-99.88838970893231,6,-73.08599843278336
4851,8,12,-83.66859579030925,1,-13.466492256876304
4852,59,12,-141.367447738551,12,-141.367447738551
4853,70,12,-165.30890638391594,12,-165.30890638391594
4854,90,12,-219.27143120512085,12,-219.27143120512085
4855,91,12,-222.3226706914009,12,-222.3226706914009
4856,45,12,-116.79171153665492,6,-104.13151192781399
4857,89,12,-216.25380747683084,12,-216.25380747683084
4858,20,12,-89.34693764525149,3,-42.025104283182344
4859,84,12,-201.67000297128635,12,-201.67000297128635
4860,77,12,-182.66516071256729,12,-182.66516071256729
4861,34,12,-102.11783014653936,6,-77.18136743158533
4862,4,12,-82.85717276709248,1,-8.529172688515441
4863,48,12,-121.50183715622016,6,-112.7805402942011
4864,78,12,-185.27922201012348,12,-185.27922201012348
4865,24,12,-92.32059977591312,3,-51.42304101039932
4866,65,12,-153.92134393244743,12,-153.92134393244743
4867,43,12,-113.8202034116098,6,-98.67466336494121
4868,77,12,-182.66516071256729,12,-182.66516071256729
4869,97,12,-241.33591412399238,20,-236.43484574939123
4870,76,12,-180.08474406613544,12,-180.08474406613544
4871,16,12,-86.91362107098472,1,-33.19107800413937
4872,57,12,-137.45226948237894,12,-137.45226948237894
4873,5,12,-83.00932314367421,1,-9.455237327983067
4874,97,12,-241.33591412399238,20,-236.43484574939123
4875,95,12,-234.86374178545628,20,-232.40560631336535
4876,8,12,-83.66859579030925,1,-13.466492256876304
4877,33,12,-100.9862386241835,6,-75.10271953333199
4878,54,12,-131.832176252549,6,-131.7473732422173
4879,64,12,-151.74483656681207,12,-151.74483656681207
4880,32,12,-99.88838970893231,6,-73.08599843278336
4881,95,12,-234.86374178545628,20,-232.40560631336535
4882,2,12,-82.65429616947476,1,-7.294070267709967
4883,27,12,-94.90536226632408,3,-59.5898777586643
4884,80,12,-190.60826966535672,12,-190.60826966535672
4885,87,12,-210.3194161813455,12,-210.3194161813455
4886,66,12,-156.13152263937536,12,-156.13152263937536
4887,71,12,-167.68740842638795,12,-167.68740842638795
4888,45,12,-116.79171153665492,6,-104.13151192781399
4889,20,12,-89.34693764525149,3,-42.025104283182344
4890,64,12,-151.74483656681207,12,-151.74483656681207
4891,7,12,-83.41503688796908,1,-11.923979800667436
4892,89,12,-216.25380747683084,12,-216.25380747683084
4893,24,12,-92.32059977591312,3,-51.42304101039932
4894,65,12,-153.92134393244743,12,-153.92134393244743
4895,99,12,-247.94248729970576,20,-240.54785882360903
4896,62,12,-147.492844759646,12,-147.492844759646
4897,94,12,-231.6780614823333,20,-230.42240386096492
4898,34,12,-102.11783014653936,6,-77.18136743158533
4899,92,12,-225.4075237139973,12,-225.4075237139973
4900,98,12,-244.6224017175923,20,-238.4808810119756
4901,21,12,-90.03970135905276,3,-44.21475244382181
4902,87,12,-210.3194161813455,12,-210.3194161813455
4903,17,12,-87.4712850103148,3,-36.095815994462484
4904,69,12,-162.96406455953235,12,-162.96406455953235
4905,3,12,-82.73882969802135,1,-7.808756080935194
4906,89,12,-216.25380747683084,12,-216.25380747683084
4907,21,12,-90.03970135905276,3,-44.21475244382181
4908,59,12,-141.367447738551,12,-141.367447738551
4909,6,12,-83.19527859488348,1,-10.586867266464079
4910,61,12,-145.41736476856974,12,-145.41736476856974
4911,83,12,-198.854120452488,12,-198.854120452488
4912,22,12,-90.76623443917929,3,-46.51097281076241
4913,23,12,-91.52653465497364,3,-48.91374309468091
4914,85,12,-204.51951458063076,12,-204.51951458063076
4915,76,12,-180.08474406613544,12,-180.08474406613544
4916,22,12,-90.76623443917929,3,-46.51097281076241
4917,60,12,-143.3755650196889,12,-143.3755650196889
4918,10,12,-84.27710649292833,1,-17.167386388250772
4919,78,12,-185.27922201012348,12,-185.27922201012348
4920,57,12,-137.45226948237894,12,-137.45226948237894
4921,41,12,-110.98357657528959,6,-93.46522121489485
4922,69,12,-162.96406455953235,12,-162.96406455953235
4923,39,12,-108.28184885147208,6,-88.50324560744662
4924,74,12,-175.02485362057575,12,-175.02485362057575
4925,61,12,-145.41736476856974,12,-145.41736476856974
4926,90,12,-219.27143120512085,12,-219.27143120512085
4927,26,12,-94.01001581178649,3,-56.76113061721671
4928,83,12,-198.854120452488,12,-198.854120452488
4929,46,12,-118.32804051309115,6,-106.95269482704867
4930,16,12,-86.91362107098472,1,-33.19107800413937
4931,1,12,-82.6035744145978,1,-6.9851980409108565
4932,83,12,-198.854120452488,12,-198.854120452488
4933,78,12,-185.27922201012348,12,-185.27922201012348
4934,9,12,-83.95595306941537,1,-15.214321990937147
4935,63,12,-149.60200276748782,12,-149.60200276748782
4936,63,12,-149.60200276748782,12,-149.60200276748782
4937,60,12,-143.3755650196889,12,-143.3755650196889
4938,35,12,-103.28316204691019,6,-79.32193460441326
4939,99,12,-247.94248729970576,20,-240.54785882360903
4940,8,12,-83.66859579030925,1,-13.466492256876304
4941,90,12,-219.27143120512085,12,-219.27143120512085
4942,56,12,-135.54521295910172,12,-135.54521295910172
4943,45,12,-116.79171153665492,6,-104.13151192781399
4944,77,12,-182.66516071256729,12,-182.66516071256729
4945,61,12,-145.41736476856974,12,-145.41736476856974
4946,89,12,-216.25380747683084,12,-216.25380747683084
4947,44,12,-115.28909842694712,6,-101.37216560238318
4948,52,12,-128.2539228413562,6,-125.177939579655
4949,14,12,-85.8996369884651,1,-27.0303393518663
4950,13,12,-85.44332130828904,1,-24.257161856809045
4951,58,12,-139.39301515084207,12,-139.39301515084207
4952,6,12,-83.19527859488348,1,-10.586867266464079
4953,72,12,-170.09956846271837,12,-170.09956846271837
4954,51,12,-126.51534543777501,6,-121.9858949902555
4955,14,12,-85.8996369884651,1,-27.0303393518663
4956,28,12,-95.83446470521845,3,-62.525063432602536
4957,29,12,-96.79732089859871,3,-65.56666537455592
4958,95,12,-234.86374178545628,20,-232.40560631336535
4959,94,12,-231.6780614823333,20,-230.42240386096492
4960,8,12,-83.66859579030925,1,-13.466492256876304
4961,66,12,-156.13152263937536,12,-156.13152263937536
4962,56,12,-135.54521295910172,12,-135.54521295910172
4963,79,12,-187.92692573545764,12,-187.92692573545764
4964,56,12,-135.54521295910172,12,-135.54521295910172
4965,56,12,-135.54521295910172,12,-135.54521295910172
4966,92,12,-225.4075237139973,12,-225.4075237139973
4967,98,12,-244.6224017175923,20,-238.4808810119756
4968,37,12,-105.71503806602566,6,-83.78879668536612
4969,42,12,-112.38502871842148,6,-96.03901273050752
4970,88,12,-213.26980172825859,12,-213.26980172825859
4971,5,12,-83.00932314367421,1,-9.455237327983067
4972,14,12,-85.8996369884651,1,-27.0303393518663
4973,56,12,-135.54521295910172,12,-135.54521295910172
4974,98,12,-244.6224017175923,20,-238.4808810119756
4975,11,12,-84.63205382862074,1,-19.32560286376086
4976,16,12,-86.91362107098472,1,-33.19107800413937
4977,31,12,-98.82428562999917,6,-71.1312116538696
4978,76,12,-180.08474406613544,12,-180.08474406613544
4979,58,12,-139.39301515084207,12,-139.39301515084207
4980,59,12,-141.367447738551,12,-141.367447738551
4981,64,12,-151.74483656681207,12,-151.74483656681207
4982,61,12,-145.41736476856974,12,-145.41736476856974
4983,98,12,-244.6224017175923,20,-238.4808810119756
4984,64,12,-151.74483656681207,12,-151.74483656681207
4985,57,12,-137.45226948237894,12,-137.45226948237894
4986,16,12,-86.91362107098472,1,-33.19107800413937
4987,4,12,-82.85717276709248,1,-8.529172688515441
4988,3,12,-82.73882969802135,1,-7.808756080935194
4989,5,12,-83.00932314367421,1,-9.455237327983067
4990,94,12,-231.6780614823333,20,-230.42240386096492
4991,50,12,-124.81047053779731,6,-118.85564190652914
4992,42,12,-112.38502871842148,6,-96.03901273050752
4993,84,12,-201.67000297128635,12,-201.67000297128635
4994,48,12,-121.50183715622016,6,-112.7805402942011
4995,45,12,-116.79171153665492,6,-104.13151192781399
4996,15,12,-86.38973765322098,1,-30.008338880137654
4997,92,12,-225.4075237139973,12,-225.4075237139973
4998,91,12,-222.3226706914009,12,-222.3226706914009
4999,55,12,-133.67184780709107,12,-133.67184780709107
5000,59,12,-141.367447738551,12,-141.367447738551
5001,55,12,-133.67184780709107,12,-133.67184780709107
5002,33,12,-100.9862386241835,6,-75.10271953333199
5003,11,12,-84.63205382862074,1,-19.32560286376086
5004,91,12,-222.3226706914009,12,-222.3226706914009
5005,34,12,-102.11783014653936,6,-77.18136743158533
5006,88,12,-213.26980172825859,12,-213.26980172825859
5007,13,12,-85.44332130828904,1,-24.257161856809045
5008,7,12,-83.41503688796908,1,-11.923979800667436
5009,24,12,-92.32059977591312,3,-51.42304101039932
5010,65,12,-153.92134393244743,12,-153.92134393244743
5011,99,12,-247.94248729970576,20,-240.54785882360903
5012,82,12,-196.07186924674602,12,-196.07186924674602
5013,40,12,-109.61584921025063,6,-90.95329633472858
5014,55,12,-133.67184780709107,12,-133.67184780709107
5015,65,12,-153.92134393244743,12,-153.92134393244743
5016,27,12,-94.90536226632408,3,-59.5898777586643
5017,15,12,-86.38973765322098,1,-30.008338880137654
5018,15,12,-86.38973765322098,1,-30.008338880137654
5019,41,12,-110.98357657528959,6,-93.46522121489485
5020,77,12,-182.66516071256729,12,-182.66516071256729
5021,6,12,-83.19527859488348,1,-10.586867266464079
5022,96,12,-238.08302673965238,20,-234.40975389635224
5023,92,12,-225.4075237139973,12,-225.4075237139973
5024,56,12,-135.54521295910172,12,-135.54521295910172
5025,52,12,-128.2539228413562,6,-125.177939579655
5026,6,12,-83.19527859488348,1,-10.586867266464079
5027,78,12,-185.27922201012348,12,-185.27922201012348
5028,31,12,-98.82428562999917,6,-71.1312116538696
5029,6,12,-83.19527859488348,1,-10.586867266464079
5030,33,12,-100.9862386241835,6,-75.10271953333199
5031,58,12,-139.39301515084207,12,-139.39301515084207
5032,46,12,-118.32804051309115,6,-106.95269482704867
5033,26,12,-94.01001581178649,3,-56.76113061721671
5034,51,12,-126.51534543777501,6,-121.9858949902555
5035,32,12,-99.88838970893231,6,-73.08599843278336
5036,60,12,-143.3755650196889,12,-143.3755650196889
5037,46,12,-118.32804051309115,6,-106.95269482704867
5038,95,12,-234.86374178545628,20,-232.40560631336535
5039,7,12,-83.41503688796908,1,-11.923979800667436
5040,49,12,-123.13930036828388,6,-115.78718783779036
5041,39,12,-108.28184885147208,6,-88.50324560744662
5042,65,12,-153.92134393244743,12,-153.92134393244743
5043,5,12,-83.00932314367421,1,-9.455237327983067
5044,27,12,-94.90536226632408,3,-59.5898777586643
5045,38,12,-106.98157772725399,6,-86.11507655130762
5046,45,12,-116.79171153665492,6,-104.13151192781399
5047,23,12,-91.52653465497364,3,-48.91374309468091
5048,12,12,-85.02079284439587,1,-21.68888886194659
5049,9,12,-83.95595306941537,1,-15.214321990937147
5050,29,12,-96.79732089859871,3,-65.56666537455592
5051,29,12,-96.79732089859871,3,-65.56666537455592
5052,13,12,-85.44332130828904,1,-24.257161856809045
5053,87,12,-210.3194161813455,12,-210.3194161813455
5054,24,12,-92.32059977591312,3,-51.42304101039932
5055,9,12,-83.95595306941537,1,-15.214321990937147
5056,68,12,-160.6528851776278,12,-160.6528851776278
5057,37,12,-105.71503806602566,6,-83.78879668536612
5058,56,12,-135.54521295910172,12,-135.54521295910172
5059,75,12,-177.53797429426584,12,-177.53797429426584
5060,86,12,-207.4026530580665,12,-207.4026530580665
5061,60,12,-143.3755650196889,12,-143.3755650196889
5062,24,12,-92.32059977591312,3,-51.42304101039932
5063,52,12,-128.2539228413562,6,-125.177939579655
5064,53,12,-130.0262005218131,6,-128.43176816621013
5065,98,12,-244.6224017175923,20,-238.4808810119756
5066,46,12,-118.32804051309115,6,-106.95269482704867
5067,33,12,-100.9862386241835,6,-75.10271953333199
5068,13,12,-85.44332130828904,1,-24.257161856809045
5069,97,12,-241.33591412399238,20,-236.43484574939123
5070,71,12,-167.68740842638795,12,-167.68740842638795
5071,12,12,-85.02079284439587,1,-21.68888886194659
5072,73,12,-172.54538426876832,12,-172.54538426876832
5073,46,12,-118.32804051309115,6,-106.95269482704867
5074,29,12,-96.79732089859871,3,-65.56666537455592
5075,12,12,-85.02079284439587,1,-21.68888886194659
5076,55,12,-133.67184780709107,12,-133.67184780709107
5077,48,12,-121.50183715622016,6,-112.7805402942011
5078,35,12,-103.28316204691019,6,-79.32193460441326
5079,34,12,-102.11783014653936,6,-77.18136743158533
5080,58,12,-139.39301515084207,12,-139.39301515084207
5081,60,12,-143.3755650196889,12,-143.3755650196889
5082,1,12,-82.6035744145978,1,-6.9851980409108565
5083,17,12,-87.4712850103148,3,-36.095815994462484
5084,43,12,-113.8202034116098,6,-98.67466336494121
5085,55,12,-133.67184780709107,12,-133.67184780709107
5086,9,12,-83.95595306941537,1,-15.214321990937147
5087,55,12,-133.67184780709107,12,-133.67184780709107
5088,16,12,-86.91362107098472,1,-33.19107800413937
5089,67,12,-158.37537046268577,12,-158.37537046268577
5090,41,12,-110.98357657528959,6,-93.46522121489485
5091,86,12,-207.4026530580665,12,-207.4026530580665
5092,47,12,-119.89808312874094,6,-109.83570678670114
5093,84,12,-201.67000297128635,12,-201.67000297128635
5094,88,12,-213.26980172825859,12,-213.26980172825859
5095,97,12,-241.33591412399238,20,-236.43484574939123
5096,58,12,-139.39301515084207,12,-139.39301515084207
5097,84,12,-201.67000297128635,12,-201.67000297128635
5098,85,12,-204.51951458063076,12,-204.51951458063076
5099,36,12,-104.48223209634578,6,-81.52441352950547
5100,12,12,-85.02079284439587,1,-21.68888886194659
5101,26,12,-94.01001581178649,3,-56.76113061721671
5102,2,12,-82.65429616947476,1,-7.294070267709967
5103,22,12,-90.76623443917929,3,-46.51097281076241
5104,46,12,-118.32804051309115,6,-106.95269482704867
5105,83,12,-198.854120452488,12,-198.854120452488
5106,18,12,-88.0627272398999,3,-37.96561375881964
5107,34,12,-102.11783014653936,6,-77.18136743158533
5108,95,12,-234.86374178545628,20,-232.40560631336535
5109,67,12,-158.37537046268577,12,-158.37537046268577
5110,0,12,-82.58666666666669,1,-6.8822222222222225
5111,27,12,-94.90536226632408,3,-59.5898777586643
5112,48,12,-121.50183715622016,6,-112.7805402942011
5113,86,12,-207.4026530580665,12,-207.4026530580665
5114,3,12,-82.73882969802135,1,-7.808756080935194
5115,96,12,-238.08302673965238,20,-234.40975389635224
5116,11,12,-84.63205382862074,1,-19.32560286376086
5117,88,12,-213.26980172825859,12,-213.26980172825859
5118,28,12,-95.83446470521845,3,-62.525063432602536
5119,40,12,-109.61584921025063,6,-90.95329633472858
5120,73,12,-172.54538426876832,12,-172.54538426876832
5121,2,12,-82.65429616947476,1,-7.294070267709967
5122,78,12,-185.27922201012348,12,-185.27922201012348
5123,59,12,-141.367447738551,12,-141.367447738551
5124,10,12,-84.27710649292833,1,-17.167386388250772
5125,4,12,-82.85717276709248,1,-8.529172688515441
5126,73,12,-172.54538426876832,12,-172.54538426876832
5127,90,12,-219.27143120512085,12,-219.27143120512085
5128,8,12,-83.66859579030925,1,-13.466492256876304
5129,37,12,-105.71503806602566,6,-83.78879668536612
5130,98,12,-244.6224017175923,20,-238.4808810119756
5131,91,12,-222.3226706914009,12,-222.3226706914009
5132,58,12,-139.39301515084207,12,-139.39301515084207
5133,58,12,-139.39301515084207,12,-139.39301515084207
5134,49,12,-123.13930036828388,6,-115.78718783779036
5135,19,12,-88.68794552856191,3,-39.9420506223111
5136,35,12,-103.28316204691019,6,-79.32193460441326
5137,36,12,-104.48223209634578,6,-81.52441352950547
5138,74,12,-175.02485362057575,12,-175.02485362057575
5139,49,12,-123.13930036828388,6,-115.78718783779036
5140,18,12,-88.0627272398999,3,-37.96561375881964
5141,4,12,-82.85717276709248,1,-8.529172688515441
5142,88,12,-213.26980172825859,12,-213.26980172825859
5143,79,12,-187.92692573545764,12,-187.92692573545764
5144,49,12,-123.13930036828388,6,-115.78718783779036
5145,94,12,-231.6780614823333,20,-230.42240386096492
5146,13,12,-85.44332130828904,1,-24.257161856809045
5147,51,12,-126.51534543777501,6,-121.9858949902555
5148,16,12,-86.91362107098472,1,-33.19107800413937
5149,55,12,-133.67184780709107,12,-133.67184780709107
5150,75,12,-177.53797429426584,12,-177.53797429426584
5151,61,12,-145.41736476856974,12,-145.41736476856974
5152,98,12,-244.6224017175923,20,-238.4808810119756
5153,17,12,-87.4712850103148,3,-36.095815994462484
5154,70,12,-165.30890638391594,12,-165.30890638391594
5155,24,12,-92.32059977591312,3,-51.42304101039932
5156,93,12,-228.5259880514485,20,-228.46014739973276
5157,93,12,-228.5259880514485,20,-228.46014739973276
5158,66,12,-156.13152263937536,12,-156.13152263937536
5159,75,12,-177.53797429426584,12,-177.53797429426584
5160,46,12,-118.32804051309115,6,-106.95269482704867
5161,40,12,-109.61584921025063,6,-90.95329633472858
5162,81,12,-193.3232515767758,12,-193.3232515767758
5163,39,12,-108.28184885147208,6,-88.50324560744662
5164,9,12,-83.95595306941537,1,-15.214321990937147
5165,26,12,-94.01001581178649,3,-56.76113061721671
5166,20,12,-89.34693764525149,3,-42.025104283182344
5167,57,12,-137.45226948237894,12,-137.45226948237894
5168,68,12,-160.6528851776278,12,-160.6528851776278
5169,66,12,-156.13152263937536,12,-156.13152263937536
5170,52,12,-128.2539228413562,6,-125.177939579655
5171,39,12,-108.28184885147208,6,-88.50324560744662
5172,83,12,-198.854120452488,12,-198.854120452488
5173,63,12,-149.60200276748782,12,-149.60200276748782
5174,7,12,-83.41503688796908,1,-11.923979800667436
5175,31,12,-98.82428562999917,6,-71.1312116538696
5176,96,12,-238.08302673965238,20,-234.40975389635224
5177,68,12,-160.6528851776278,12,-160.6528851776278
5178,27,12,-94.90536226632408,3,-59.5898777586643
5179,24,12,-92.32059977591312,3,-51.42304101039932
5180,55,12,-133.67184780709107,12,-133.67184780709107
5181,8,12,-83.66859579030925,1,-13.466492256876304
5182,44,12,-115.28909842694712,6,-101.37216560238318
5183,53,12,-130.0262005218131,6,-128.43176816621013
5184,90,12,-219.27143120512085,12,-219.27143120512085
5185,38,12,-106.98157772725399,6,-86.11507655130762
5186,27,12,-94.90536226632408,3,-59.5898777586643
5187,98,12,-244.6224017175923,20,-238.4808810119756
5188,43,12,-113.8202034116098,6,-98.67466336494121
5189,76,12,-180.08474406613544,12,-180.08474406613544
5190,8,12,-83.66859579030925,1,-13.466492256876304
5191,40,12,-109.61584921025063,6,-90.95329633472858
5192,32,12,-99.88838970893231,6,-73.08599843278336
5193,64,12,-151.74483656681207,12,-151.74483656681207
5194,81,12,-193.3232515767758,12,-193.3232515767758
5195,76,12,-180.08474406613544,12,-180.08474406613544
5196,16,12,-86.91362107098472,1,-33.19107800413937
5197,75,12,-177.53797429426584,12,-177.53797429426584
5198,79,12,-187.92692573545764,12,-187.92692573545764
5199,92,12,-225.4075237139973,12,-225.4075237139973
5200,51,12,-126.51534543777501,6,-121.9858949902555
5201,64,12,-151.74483656681207,12,-151.74483656681207
5202,92,12,-225.4075237139973,12,-225.4075237139973
5203,36,12,-104.48223209634578,6,-81.52441352950547
5204,60,12,-143.3755650196889,12,-143.3755650196889
5205,18,12,-88.0627272398999,3,-37.96561375881964
5206,81,12,-193.3232515767758,12,-193.3232515767758
5207,25,12,-93.14842757160632,3,-54.03884427687615
5208,40,12,-109.61584921025063,6,-90.95329633472858
5209,25,12,-93.14842757160632,3,-54.03884427687615
5210,4,12,-82.85717276709248,1,-8.529172688515441
5211,10,12,-84.27710649292833,1,-17.167386388250772
5212,97,12,-241.33591412399238,20,-236.43484574939123
5213,86,12,-207.4026530580665,12,-207.4026530580665
5214,97,12,-241.33591412399238,20,-236.43484574939123
5215,82,12,-196.07186924674602,12,-196.07186924674602
5216,35,12,-103.28316204691019,6,-79.32193460441326
5217,84,12,-201.67000297128635,12,-201.67000297128635
5218,5,12,-83.00932314367421,1,-9.455237327983067
5219,58,12,-139.39301515084207,12,-139.39301515084207
5220,99,12,-247.94248729970576,20,-240.54785882360903
5221,47,12,-119.89808312874094,6,-109.83570678670114
5222,77,12,-182.66516071256729,12,-182.66516071256729
5223,30,12,-97.79392861672859,3,-68.71466132418306
5224,11,12,-84.63205382862074,1,-19.32560286376086
5225,8,12,-83.66859579030925,1,-13.466492256876304
5226,26,12,-94.01001581178649,3,-56.76113061721671
5227,95,12,-234.86374178545628,20,-232.40560631336535
5228,90,12,-219.27143120512085,12,-219.27143120512085
5229,50,12,-124.81047053779731,6,-118.85564190652914
5230,19,12,-88.68794552856191,3,-39.9420506223111
5231,55,12,-133.67184780709107,12,-133.67184780709107
5232,31,12,-98.82428562999917,6,-71.1312116538696
5233,70,12,-165.30890638391594,12,-165.30890638391594
5234,51,12,-126.51534543777501,6,-121.9858949902555
5235,37,12,-105.71503806602566,6,-83.78879668536612
5236,11,12,-84.63205382862074,1,-19.32560286376086
5237,79,12,-187.92692573545764,12,-187.92692573545764
5238,44,12,-115.28909842694712,6,-101.37216560238318
5239,53,12,-130.0262005218131,6,-128.43176816621013
5240,4,12,-82.85717276709248,1,-8.529172688515441
5241,99,12,-247.94248729970576,20,-240.54785882360903
5242,17,12,-87.4712850103148,3,-36.095815994462484
5243,25,12,-93.14842757160632,3,-54.03884427687615
5244,54,12,-131.832176252549,6,-131.7473732422173
5245,76,12,-180.08474406613544,12,-180.08474406613544
5246,0,12,-82.58666666666669,1,-6.8822222222222225
5247,96,12,-238.08302673965238,20,-234.40975389635224
5248,70,12,-165.30890638391594,12,-165.30890638391594
5249,99,12,-247.94248729970576,20,-240.54785882360903
5250,41,12,-110.98357657528959,6,-93.46522121489485
5251,83,12,-198.854120452488,12,-198.854120452488
5252,99,12,-247.94248729970576,20,-240.54785882360903
5253,93,12,-228.5259880514485,20,-228.46014739973276
5254,87,12,-210.3194161813455,12,-210.3194161813455
5255,25,12,-93.14842757160632,3,-54.03884427687615
5256,84,12,-201.67000297128635,12,-201.67000297128635
5257,44,12,-115.28909842694712,6,-101.37216560238318
5258,72,12,-170.09956846271837,12,-170.09956846271837
5259,38,12,-106.98157772725399,6,-86.11507655130762
5260,86,12,-207.4026530580665,12,-207.4026530580665
5261,50,12,-124.81047053779731,6,-118.85564190652914
5262,15,12,-86.38973765322098,1,-30.008338880137654
5263,4,12,-82.85717276709248,1,-8.529172688515441
5264,75,12,-177.53797429426584,12,-177.53797429426584
5265,26,12,-94.01001581178649,3,-56.76113061721671
5266,75,12,-177.53797429426584,12,-177.53797429426584
5267,26,12,-94.01001581178649,3,-56.76113061721671
5268,76,12,-180.08474406613544,12,-180.08474406613544
5269,28,12,-95.83446470521845,3,-62.525063432602536
5270,0,12,-82.58666666666669,1,-6.8822222222222225
5271,69,12,-162.96406455953235,12,-162.96406455953235
5272,57,12,-137.45226948237894,12,-137.45226948237894
5273,13,12,-85.44332130828904,1,-24.257161856809045
5274,22,12,-90.76623443917929,3,-46.51097281076241
5275,88,12,-213.26980172825859,12,-213.26980172825859
5276,61,12,-145.41736476856974,12,-145.41736476856974
5277,90,12,-219.27143120512085,12,-219.27143120512085
5278,62,12,-147.492844759646,12,-147.492844759646
5279,5,12,-83.00932314367421,1,-9.455237327983067
5280,82,12,-196.07186924674602,12,-196.07186924674602
5281,44,12,-115.28909842694712,6,-101.37216560238318
5282,92,12,-225.4075237139973,12,-225.4075237139973
5283,67,12,-158.37537046268577,12,-158.37537046268577
5284,23,12,-91.52653465497364,3,-48.91374309468091
5285,9,12,-83.95595306941537,1,-15.214321990937147
5286,51,12,-126.51534543777501,6,-121.9858949902555
5287,5,12,-83.00932314367421,1,-9.455237327983067
5288,90,12,-219.27143120512085,12,-219.27143120512085
5289,33,12,-100.9862386241835,6,-75.10271953333199
5290,1,12,-82.6035744145978,1,-6.9851980409108565
5291,63,12,-149.60200276748782,12,-149.60200276748782
5292,96,12,-238.08302673965238,20,-234.40975389635224
5293,84,12,-201.67000297128635,12,-201.67000297128635
5294,61,12,-145.41736476856974,12,-145.41736476856974
5295,91,12,-222.3226706914009,12,-222.3226706914009
5296,76,12,-180.08474406613544,12,-180.08474406613544
5297,31,12,-98.82428562999917,6,-71.1312116538696
5298,91,12,-222.3226706914009,12,-222.3226706914009
5299,58,12,-139.39301515084207,12,-139.39301515084207
5300,3,12,-82.73882969802135,1,-7.808756080935194
5301,84,12,-201.67000297128635,12,-201.67000297128635
5302,10,12,-84.27710649292833,1,-17.167386388250772
5303,51,12,-126.51534543777501,6,-121.9858949902555
5304,73,12,-172.54538426876832,12,-172.54538426876832
5305,69,12,-162.96406455953235,12,-162.96406455953235
5306,13,12,-85.44332130828904,1,-24.257161856809045
5307,60,12,-143.3755650196889,12,-143.3755650196889
5308,81,12,-193.3232515767758,12,-193.3232515767758
5309,58,12,-139.39301515084207,12,-139.39301515084207
5310,45,12,-116.79171153665492,6,-104.13151192781399
5311,25,12,-93.14842757160632,3,-54.03884427687615
5312,3,12,-82.73882969802135,1,-7.808756080935194
5313,64,12,-151.74483656681207,12,-151.74483656681207
5314,78,12,-185.27922201012348,12,-185.27922201012348
5315,14,12,-85.8996369884651,1,-27.0303393518663
5316,87,12,-210.3194161813455,12,-210.3194161813455
5317,70,12,-165.30890638391594,12,-165.30890638391594
5318,15,12,-86.38973765322098,1,-30.008338880137654
5319,5,12,-83.00932314367421,1,-9.455237327983067
5320,54,12,-131.832176252549,6,-131.7473732422173
5321,0,12,-82.58666666666669,1,-6.8822222222222225
5322,71,12,-167.68740842638795,12,-167.68740842638795
5323,61,12,-145.41736476856974,12,-145.41736476856974
5324,81,12,-193.3232515767758,12,-193.3232515767758
5325,32,12,-99.88838970893231,6,-73.08599843278336
5326,58,12,-139.39301515084207,12,-139.39301515084207
5327,29,12,-96.79732089859871,3,-65.56666537455592
5328,31,12,-98.82428562999917,6,-71.1312116538696
5329,79,12,-187.92692573545764,12,-187.92692573545764
5330,75,12,-177.53797429426584,12,-177.53797429426584
5331,31,12,-98.82428562999917,6,-71.1312116538696
5332,18,12,-88.0627272398999,3,-37.96561375881964
5333,86,12,-207.4026530580665,12,-207.4026530580665
5334,71,12,-167.68740842638795,12,-167.68740842638795
5335,99,12,-247.94248729970576,20,-240.54785882360903
5336,62,12,-147.492844759646,12,-147.492844759646
5337,19,12,-88.68794552856191,3,-39.9420506223111
5338,69,12,-162.96406455953235,12,-162.96406455953235
5339,49,12,-123.13930036828388,6,-115.78718783779036
5340,64,12,-151.74483656681207,12,-151.74483656681207
5341,1,12,-82.6035744145978,1,-6.9851980409108565
5342,50,12,-124.81047053779731,6,-118.85564190652914
5343,53,12,-130.0262005218131,6,-128.43176816621013
5344,60,12,-143.3755650196889,12,-143.3755650196889
5345,58,12,-139.39301515084207,12,-139.39301515084207
5346,78,12,-185.27922201012348,12,-185.27922201012348
5347,57,12,-137.45226948237894,12,-137.45226948237894
5348,18,12,-88.0627272398999,3,-37.96561375881964
5349,41,12,-110.98357657528959,6,-93.46522121489485
5350,6,12,-83.19527859488348,1,-10.586867266464079
5351,43,12,-113.8202034116098,6,-98.67466336494121
5352,32,12,-99.88838970893231,6,-73.08599843278336
5353,75,12,-177.53797429426584,12,-177.53797429426584
5354,87,12,-210.3194161813455,12,-210.3194161813455
5355,24,12,-92.32059977591312,3,-51.42304101039932
5356,50,12,-124.81047053779731,6,-118.85564190652914
5357,8,12,-83.66859579030925,1,-13.466492256876304
5358,83,12,-198.854120452488,12,-198.854120452488
5359,2,12,-82.65429616947476,1,-7.294070267709967
5360,28,12,-95.83446470521845,3,-62.525063432602536
5361,38,12,-106.98157772725399,6,-86.11507655130762
5362,46,12,-118.32804051309115,6,-106.95269482704867
5363,43,12,-113.8202034116098,6,-98.67466336494121
5364,97,12,-241.33591412399238,20,-236.43484574939123
5365,13,12,-85.44332130828904,1,-24.257161856809045
5366,45,12,-116.79171153665492,6,-104.13151192781399
5367,33,12,-100.9862386241835,6,-75.10271953333199
5368,10,12,-84.27710649292833,1,-17.167386388250772
5369,87,12,-210.3194161813455,12,-210.3194161813455
5370,77,12,-182.66516071256729,12,-182.66516071256729
5371,30,12,-97.79392861672859,3,-68.71466132418306
5372,64,12,-151.74483656681207,12,-151.74483656681207
5373,71,12,-167.68740842638795,12,-167.68740842638795
5374,67,12,-158.37537046268577,12,-158.37537046268577
5375,0,12,-82.58666666666669,1,-6.8822222222222225
5376,95,12,-234.86374178545628,20,-232.40560631336535
5377,8,12,-83.66859579030925,1,-13.466492256876304
5378,67,12,-158.37537046268577,12,-158.37537046268577
5379,11,12,-84.63205382862074,1,-19.32560286376086
5380,23,12,-91.52653465497364,3,-48.91374309468091
5381,20,12,-89.34693764525149,3,-42.025104283182344
5382,1,12,-82.6035744145978,1,-6.9851980409108565
5383,70,12,-165.30890638391594,12,-165.30890638391594
5384,68,12,-160.6528851776278,12,-160.6528851776278
5385,42,12,-112.38502871842148,6,-96.03901273050752
5386,99,12,-247.94248729970576,20,-240.54785882360903
5387,22,12,-90.76623443917929,3,-46.51097281076241
5388,30,12,-97.79392861672859,3,-68.71466132418306
5389,38,12,-106.98157772725399,6,-86.11507655130762
5390,75,12,-177.53797429426584,12,-177.53797429426584
5391,52,12,-128.2539228413562,6,-125.177939579655
5392,98,12,-244.6224017175923,20,-238.4808810119756
5393,67,12,-158.37537046268577,12,-158.37537046268577
5394,64,12,-151.74483656681207,12,-151.74483656681207
5395,6,12,-83.19527859488348,1,-10.586867266464079
5396,33,12,-100.9862386241835,6,-75.10271953333199
5397,29,12,-96.79732089859871,3,-65.56666537455592
5398,85,12,-204.51951458063076,12,-204.51951458063076
5399,14,12,-85.8996369884651,1,-27.0303393518663
5400,52,12,-128.2539228413562,6,-125.177939579655
5401,86,12,-207.4026530580665,12,-207.4026530580665
5402,91,12,-222.3226706914009,12,-222.3226706914009
5403,67,12,-158.37537046268577,12,-158.37537046268577
5404,94,12,-231.6780614823333,20,-230.42240386096492
5405,46,12,-118.32804051309115,6,-106.95269482704867
5406,87,12,-210.3194161813455,12,-210.3194161813455
5407,24,12,-92.32059977591312,3,-51.42304101039932
5408,13,12,-85.44332130828904,1,-24.257161856809045
5409,32,12,-99.88838970893231,6,-73.08599843278336
5410,32,12,-99.88838970893231,6,-73.08599843278336
5411,25,12,-93.14842757160632,3,-54.03884427687615
5412,73,12,-172.54538426876832,12,-172.54538426876832
5413,17,12,-87.4712850103148,3,-36.095815994462484
5414,23,12,-91.52653465497364,3,-48.91374309468091
5415,35,12,-103.28316204691019,6,-79.32193460441326
5416,35,12,-103.28316204691019,6,-79.32193460441326
5417,34,12,-102.11783014653936,6,-77.18136743158533
5418,84,12,-201.67000297128635,12,-201.67000297128635
5419,69,12,-162.96406455953235,12,-162.96406455953235
5420,20,12,-89.34693764525149,3,-42.025104283182344
5421,6,12,-83.19527859488348,1,-10.586867266464079
5422,8,12,-83.66859579030925,1,-13.466492256876304
5423,0,12,-82.58666666666669,1,-6.8822222222222225
5424,61,12,-145.41736476856974,12,-145.41736476856974
5425,89,12,-216.25380747683084,12,-216.25380747683084
5426,71,12,-167.68740842638795,12,-167.68740842638795
5427,73,12,-172.54538426876832,12,-172.54538426876832
5428,6,12,-83.19527859488348,1,-10.586867266464079
5429,93,12,-228.5259880514485,20,-228.46014739973276
5430,69,12,-162.96406455953235,12,-162.96406455953235
5431,36,12,-104.48223209634578,6,-81.52441352950547
5432,29,12,-96.79732089859871,3,-65.56666537455592
5433,19,12,-88.68794552856191,3,-39.9420506223111
5434,47,12,-119.89808312874094,6,-109.83570678670114
5435,22,12,-90.76623443917929,3,-46.51097281076241
5436,67,12,-158.37537046268577,12,-158.37537046268577
5437,7,12,-83.41503688796908,1,-11.923979800667436
5438,56,12,-135.54521295910172,12,-135.54521295910172
5439,93,12,-228.5259880514485,20,-228.46014739973276
5440,84,12,-201.67000297128635,12,-201.67000297128635
5441,72,12,-170.09956846271837,12,-170.09956846271837
5442,18,12,-88.0627272398999,3,-37.96561375881964
5443,22,12,-90.76623443917929,3,-46.51097281076241
5444,22,12,-90.76623443917929,3,-46.51097281076241
5445,85,12,-204.51951458063076,12,-204.51951458063076
5446,46,12,-118.32804051309115,6,-106.95269482704867
5447,39,12,-108.28184885147208,6,-88.50324560744662
5448,56,12,-135.54521295910172,12,-135.54521295910172
5449,34,12,-102.11783014653936,6,-77.18136743158533
5450,60,12,-143.3755650196889,12,-143.3755650196889
5451,98,12,-244.6224017175923,20,-238.4808810119756
5452,80,12,-190.60826966535672,12,-190.60826966535672
5453,13,12,-85.44332130828904,1,-24.257161856809045
5454,28,12,-95.83446470521845,3,-62.525063432602536
5455,59,12,-141.367447738551,12,-141.367447738551
5456,13,12,-85.44332130828904,1,-24.257161856809045
5457,33,12,-100.9862386241835,6,-75.10271953333199
5458,26,12,-94.01001581178649,3,-56.76113061721671
5459,77,12,-182.66516071256729,12,-182.66516071256729
5460,57,12,-137.45226948237894,12,-137.45226948237894
5461,74,12,-175.02485362057575,12,-175.02485362057575
5462,87,12,-210.3194161813455,12,-210.3194161813455
5463,85,12,-204.51951458063076,12,-204.51951458063076
5464,91,12,-222.3226706914009,12,-222.3226706914009
5465,55,12,-133.67184780709107,12,-133.67184780709107
5466,85,12,-204.51951458063076,12,-204.51951458063076
5467,95,12,-234.86374178545628,20,-232.40560631336535
5468,82,12,-196.07186924674602,12,-196.07186924674602
5469,91,12,-222.3226706914009,12,-222.3226706914009
5470,90,12,-219.27143120512085,12,-219.27143120512085
5471,23,12,-91.52653465497364,3,-48.91374309468091
5472,71,12,-167.68740842638795,12,-167.68740842638795
5473,13,12,-85.44332130828904,1,-24.257161856809045
5474,20,12,-89.34693764525149,3,-42.025104283182344
5475,94,12,-231.6780614823333,20,-230.42240386096492
5476,35,12,-103.28316204691019,6,-79.32193460441326
5477,74,12,-175.02485362057575,12,-175.02485362057575
5478,35,12,-103.28316204691019,6,-79.32193460441326
5479,69,12,-162.96406455953235,12,-162.96406455953235
5480,37,12,-105.71503806602566,6,-83.78879668536612
5481,22,12,-90.76623443917929,3,-46.51097281076241
5482,33,12,-100.9862386241835,6,-75.10271953333199
5483,18,12,-88.0627272398999,3,-37.96561375881964
5484,0,12,-82.58666666666669,1,-6.8822222222222225
5485,31,12,-98.82428562999917,6,-71.1312116538696
5486,30,12,-97.79392861672859,3,-68.71466132418306
5487,45,12,-116.79171153665492,6,-104.13151192781399
5488,2,12,-82.65429616947476,1,-7.294070267709967
5489,21,12,-90.03970135905276,3,-44.21475244382181
5490,18,12,-88.0627272398999,3,-37.96561375881964
5491,80,12,-190.60826966535672,12,-190.60826966535672
5492,99,12,-247.94248729970576,20,-240.54785882360903
5493,12,12,-85.02079284439587,1,-21.68888886194659
5494,72,12,-170.09956846271837,12,-170.09956846271837
5495,90,12,-219.27143120512085,12,-219.27143120512085
5496,60,12,-143.3755650196889,12,-143.3755650196889
5497,99,12,-247.94248729970576,20,-240.54785882360903
5498,9,12,-83.95595306941537,1,-15.214321990937147
5499,31,12,-98.82428562999917,6,-71.1312116538696
5500,49,12,-123.13930036828388,6,-115.78718783779036
5501,63,12,-149.60200276748782,12,-149.60200276748782
5502,47,12,-119.89808312874094,6,-109.83570678670114
5503,0,12,-82.58666666666669,1,-6.8822222222222225
5504,45,12,-116.79171153665492,6,-104.13151192781399
5505,54,12,-131.832176252549,6,-131.7473732422173
5506,84,12,-201.67000297128635,12,-201.67000297128635
5507,92,12,-225.4075237139973,12,-225.4075237139973
5508,38,12,-106.98157772725399,6,-86.11507655130762
5509,36,12,-104.48223209634578,6,-81.52441352950547
5510,30,12,-97.79392861672859,3,-68.71466132418306
5511,33,12,-100.9862386241835,6,-75.10271953333199
5512,99,12,-247.94248729970576,20,-240.54785882360903
5513,26,12,-94.01001581178649,3,-56.76113061721671
5514,46,12,-118.32804051309115,6,-106.95269482704867
5515,18,12,-88.0627272398999,3,-37.96561375881964
5516,88,12,-213.26980172825859,12,-213.26980172825859
5517,88,12,-213.26980172825859,12,-213.26980172825859
5518,78,12,-185.27922201012348,12,-185.27922201012348
5519,92,12,-225.4075237139973,12,-225.4075237139973
5520,41,12,-110.98357657528959,6,-93.46522121489485
5521,19,12,-88.68794552856191,3,-39.9420506223111
5522,2,12,-82.65429616947476,1,-7.294070267709967
5523,42,12,-112.38502871842148,6,-96.03901273050752
5524,49,12,-123.13930036828388,6,-115.78718783779036
5525,29,12,-96.79732089859871,3,-65.56666537455592
5526,65,12,-153.92134393244743,12,-153.92134393244743
5527,21,12,-90.03970135905276,3,-44.21475244382181
5528,81,12,-193.3232515767758,12,-193.3232515767758
5529,89,12,-216.25380747683084,12,-216.25380747683084
5530,78,12,-185.27922201012348,12,-185.27922201012348
5531,86,12,-207.4026530580665,12,-207.4026530580665
5532,79,12,-187.92692573545764,12,-187.92692573545764
5533,82,12,-196.07186924674602,12,-196.07186924674602
5534,11,12,-84.63205382862074,1,-19.32560286376086
5535,54,12,-131.832176252549,6,-131.7473732422173
5536,24,12,-92.32059977591312,3,-51.42304101039932
5537,69,12,-162.96406455953235,12,-162.96406455953235
5538,6,12,-83.19527859488348,1,-10.586867266464079
5539,61,12,-145.41736476856974,12,-145.41736476856974
5540,41,12,-110.98357657528959,6,-93.46522121489485
5541,60,12,-143.3755650196889,12,-143.3755650196889
5542,47,12,-119.89808312874094,6,-109.83570678670114
5543,12,12,-85.02079284439587,1,-21.68888886194659
5544,12,12,-85.02079284439587,1,-21.68888886194659
5545,45,12,-116.79171153665492,6,-104.13151192781399
5546,37,12,-105.71503806602566,6,-83.78879668536612
5547,82,12,-196.07186924674602,12,-196.07186924674602
5548,73,12,-172.54538426876832,12,-172.54538426876832
5549,72,12,-170.09956846271837,12,-170.09956846271837
5550,53,12,-130.0262005218131,6,-128.43176816621013
5551,40,12,-109.61584921025063,6,-90.95329633472858
5552,8,12,-83.66859579030925,1,-13.466492256876304
5553,0,12,-82.58666666666669,1,-6.8822222222222225
5554,32,12,-99.88838970893231,6,-73.08599843278336
5555,12,12,-85.02079284439587,1,-21.68888886194659
5556,20,12,-89.34693764525149,3,-42.025104283182344
5557,15,12,-86.38973765322098,1,-30.008338880137654
5558,23,12,-91.52653465497364,3,-48.91374309468091
5559,62,12,-147.492844759646,12,-147.492844759646
5560,54,12,-131.832176252549,6,-131.7473732422173
5561,81,12,-193.3232515767758,12,-193.3232515767758
5562,87,12,-210.3194161813455,12,-210.3194161813455
5563,9,12,-83.95595306941537,1,-15.214321990937147
5564,98,12,-244.6224017175923,20,-238.4808810119756
5565,96,12,-238.08302673965238,20,-234.40975389635224
5566,70,12,-165.30890638391594,12,-165.30890638391594
5567,91,12,-222.3226706914009,12,-222.3226706914009
5568,35,12,-103.28316204691019,6,-79.32193460441326
5569,83,12,-198.854120452488,12,-198.854120452488
5570,38,12,-106.98157772725399,6,-86.11507655130762
5571,65,12,-153.92134393244743,12,-153.92134393244743
5572,33,12,-100.9862386241835,6,-75.10271953333199
5573,97,12,-241.33591412399238,20,-236.43484574939123
5574,33,12,-100.9862386241835,6,-75.10271953333199
5575,3,12,-82.73882969802135,1,-7.808756080935194
5576,86,12,-207.4026530580665,12,-207.4026530580665
5577,50,12,-124.81047053779731,6,-118.85564190652914
5578,33,12,-100.9862386241835,6,-75.10271953333199
5579,3,12,-82.73882969802135,1,-7.808756080935194
5580,77,12,-182.66516071256729,12,-182.66516071256729
5581,34,12,-102.11783014653936,6,-77.18136743158533
5582,79,12,-187.92692573545764,12,-187.92692573545764
5583,43,12,-113.8202034116098,6,-98.67466336494121
5584,97,12,-241.33591412399238,20,-236.43484574939123
5585,30,12,-97.79392861672859,3,-68.71466132418306
5586,41,12,-110.98357657528959,6,-93.46522121489485
5587,28,12,-95.83446470521845,3,-62.525063432602536
5588,9,12,-83.95595306941537,1,-15.214321990937147
5589,11,12,-84.63205382862074,1,-19.32560286376086
5590,25,12,-93.14842757160632,3,-54.03884427687615
5591,57,12,-137.45226948237894,12,-137.45226948237894
5592,73,12,-172.54538426876832,12,-172.54538426876832
5593,62,12,-147.492844759646,12,-147.492844759646
5594,96,12,-238.08302673965238,20,-234.40975389635224
5595,21,12,-90.03970135905276,3,-44.21475244382181
5596,75,12,-177.53797429426584,12,-177.53797429426584
5597,35,12,-103.28316204691019,6,-79.32193460441326
5598,56,12,-135.54521295910172,12,-135.54521295910172
5599,44,12,-115.28909842694712,6,-101.37216560238318
5600,66,12,-156.13152263937536,12,-156.13152263937536
5601,96,12,-238.08302673965238,20,-234.40975389635224
5602,92,12,-225.4075237139973,12,-225.4075237139973
5603,74,12,-175.02485362057575,12,-175.02485362057575
5604,99,12,-247.94248729970576,20,-240.54785882360903
5605,29,12,-96.79732089859871,3,-65.56666537455592
5606,61,12,-145.41736476856974,12,-145.41736476856974
5607,41,12,-110.98357657528959,6,-93.46522121489485
5608,87,12,-210.3194161813455,12,-210.3194161813455
5609,37,12,-105.71503806602566,6,-83.78879668536612
5610,63,12,-149.60200276748782,12,-149.60200276748782
5611,29,12,-96.79732089859871,3,-65.56666537455592
5612,97,12,-241.33591412399238,20,-236.43484574939123
5613,35,12,-103.28316204691019,6,-79.32193460441326
5614,80,12,-190.60826966535672,12,-190.60826966535672
5615,84,12,-201.67000297128635,12,-201.67000297128635
5616,33,12,-100.9862386241835,6,-75.10271953333199
5617,3,12,-82.73882969802135,1,-7.808756080935194
5618,95,12,-234.86374178545628,20,-232.40560631336535
5619,72,12,-170.09956846271837,12,-170.09956846271837
5620,88,12,-213.26980172825859,12,-213.26980172825859
5621,62,12,-147.492844759646,12,-147.492844759646
5622,25,12,-93.14842757160632,3,-54.03884427687615
5623,89,12,-216.25380747683084,12,-216.25380747683084
5624,37,12,-105.71503806602566,6,-83.78879668536612
5625,74,12,-175.02485362057575,12,-175.02485362057575
5626,96,12,-238.08302673965238,20,-234.40975389635224
5627,67,12,-158.37537046268577,12,-158.37537046268577
5628,63,12,-149.60200276748782,12,-149.60200276748782
5629,85,12,-204.51951458063076,12,-204.51951458063076
5630,77,12,-182.66516071256729,12,-182.66516071256729
5631,96,12,-238.08302673965238,20,-234.40975389635224
5632,5,12,-83.00932314367421,1,-9.455237327983067
5633,21,12,-90.03970135905276,3,-44.21475244382181
5634,40,12,-109.61584921025063,6,-90.95329633472858
5635,13,12,-85.44332130828904,1,-24.257161856809045
5636,27,12,-94.90536226632408,3,-59.5898777586643
5637,34,12,-102.11783014653936,6,-77.18136743158533
5638,0,12,-82.58666666666669,1,-6.8822222222222225
5639,55,12,-133.67184780709107,12,-133.67184780709107
5640,44,12,-115.28909842694712,6,-101.37216560238318
5641,48,12,-121.50183715622016,6,-112.7805402942011
5642,51,12,-126.51534543777501,6,-121.9858949902555
5643,59,12,-141.367447738551,12,-141.367447738551
5644,17,12,-87.4712850103148,3,-36.095815994462484
5645,96,12,-238.08302673965238,20,-234.40975389635224
5646,96,12,-238.08302673965238,20,-234.40975389635224
5647,11,12,-84.63205382862074,1,-19.32560286376086
5648,42,12,-112.38502871842148,6,-96.03901273050752
5649,70,12,-165.30890638391594,12,-165.30890638391594
5650,82,12,-196.07186924674602,12,-196.07186924674602
5651,33,12,-100.9862386241835,6,-75.10271953333199
5652,51,12,-126.51534543777501,6,-121.9858949902555
5653,52,12,-128.2539228413562,6,-125.177939579655
5654,69,12,-162.96406455953235,12,-162.96406455953235
5655,81,12,-193.3232515767758,12,-193.3232515767758
5656,54,12,-131.832176252549,6,-131.7473732422173
5657,10,12,-84.27710649292833,1,-17.167386388250772
5658,76,12,-180.08474406613544,12,-180.08474406613544
5659,41,12,-110.98357657528959,6,-93.46522121489485
5660,81,12,-193.3232515767758,12,-193.3232515767758
5661,31,12,-98.82428562999917,6,-71.1312116538696
5662,3,12,-82.73882969802135,1,-7.808756080935194
5663,98,12,-244.6224017175923,20,-238.4808810119756
5664,42,12,-112.38502871842148,6,-96.03901273050752
5665,94,12,-231.6780614823333,20,-230.42240386096492
5666,6,12,-83.19527859488348,1,-10.586867266464079
5667,64,12,-151.74483656681207,12,-151.74483656681207
5668,4,12,-82.85717276709248,1,-8.529172688515441
5669,4,12,-82.85717276709248,1,-8.529172688515441
5670,63,12,-149.60200276748782,12,-149.60200276748782
5671,64,12,-151.74483656681207,12,-151.74483656681207
5672,99,12,-247.94248729970576,20,-240.54785882360903
5673,86,12,-207.4026530580665,12,-207.4026530580665
5674,94,12,-231.6780614823333,20,-230.42240386096492
5675,29,12,-96.79732089859871,3,-65.56666537455592
5676,22,12,-90.76623443917929,3,-46.51097281076241
5677,87,12,-210.3194161813455,12,-210.3194161813455
5678,49,12,-123.13930036828388,6,-115.78718783779036
5679,26,12,-94.01001581178649,3,-56.76113061721671
5680,56,12,-135.54521295910172,12,-135.54521295910172
5681,11,12,-84.63205382862074,1,-19.32560286376086
5682,2,12,-82.65429616947476,1,-7.294070267709967
5683,85,12,-204.51951458063076,12,-204.51951458063076
5684,12,12,-85.02079284439587,1,-21.68888886194659
5685,80,12,-190.60826966535672,12,-190.60826966535672
5686,2,12,-82.65429616947476,1,-7.294070267709967
5687,91,12,-222.3226706914009,12,-222.3226706914009
5688,76,12,-180.08474406613544,12,-180.08474406613544
5689,35,12,-103.28316204691019,6,-79.32193460441326
5690,0,12,-82.58666666666669,1,-6.8822222222222225
5691,61,12,-145.41736476856974,12,-145.41736476856974
5692,77,12,-182.66516071256729,12,-182.66516071256729
5693,18,12,-88.0627272398999,3,-37.96561375881964
5694,35,12,-103.28316204691019,6,-79.32193460441326
5695,10,12,-84.27710649292833,1,-17.167386388250772
5696,19,12,-88.68794552856191,3,-39.9420506223111
5697,27,12,-94.90536226632408,3,-59.5898777586643
5698,9,12,-83.95595306941537,1,-15.214321990937147
5699,38,12,-106.98157772725399,6,-86.11507655130762
5700,12,12,-85.02079284439587,1,-21.68888886194659
5701,69,12,-162.96406455953235,12,-162.96406455953235
5702,86,12,-207.4026530580665,12,-207.4026530580665
5703,62,12,-147.492844759646,12,-147.492844759646
5704,12,12,-85.02079284439587,1,-21.68888886194659
5705,66,12,-156.13152263937536,12,-156.13152263937536
5706,59,12,-141.367447738551,12,-141.367447738551
5707,0,12,-82.58666666666669,1,-6.8822222222222225
5708,24,12,-92.32059977591312,3,-51.42304101039932
5709,93,12,-228.5259880514485,20,-228.46014739973276
5710,92,12,-225.4075237139973,12,-225.4075237139973
5711,96,12,-238.08302673965238,20,-234.40975389635224
5712,4,12,-82.85717276709248,1,-8.529172688515441
5713,72,12,-170.09956846271837,12,-170.09956846271837
5714,18,12,-88.0627272398999,3,-37.96561375881964
5715,45,12,-116.79171153665492,6,-104.13151192781399
5716,92,12,-225.4075237139973,12,-225.4075237139973
5717,71,12,-167.68740842638795,12,-167.68740842638795
5718,72,12,-170.09956846271837,12,-170.09956846271837
5719,16,12,-86.91362107098472,1,-33.19107800413937
5720,86,12,-207.4026530580665,12,-207.4026530580665
5721,79,12,-187.92692573545764,12,-187.92692573545764
5722,20,12,-89.34693764525149,3,-42.025104283182344
5723,48,12,-121.50183715622016,6,-112.7805402942011
5724,85,12,-204.51951458063076,12,-204.51951458063076
5725,87,12,-210.3194161813455,12,-210.3194161813455
5726,97,12,-241.33591412399238,20,-236.43484574939123
5727,66,12,-156.13152263937536,12,-156.13152263937536
5728,48,12,-121.50183715622016,6,-112.7805402942011
5729,90,12,-219.27143120512085,12,-219.27143120512085
5730,11,12,-84.63205382862074,1,-19.32560286376086
5731,24,12,-92.32059977591312,3,-51.42304101039932
5732,15,12,-86.38973765322098,1,-30.008338880137654
5733,25,12,-93.14842757160632,3,-54.03884427687615
5734,5,12,-83.00932314367421,1,-9.455237327983067
5735,22,12,-90.76623443917929,3,-46.51097281076241
5736,54,12,-131.832176252549,6,-131.7473732422173
5737,51,12,-126.51534543777501,6,-121.9858949902555
5738,34,12,-102.11783014653936,6,-77.18136743158533
5739,29,12,-96.79732089859871,3,-65.56666537455592
5740,12,12,-85.02079284439587,1,-21.68888886194659
5741,44,12,-115.28909842694712,6,-101.37216560238318
5742,58,12,-139.39301515084207,12,-139.39301515084207
5743,20,12,-89.34693764525149,3,-42.025104283182344
5744,63,12,-149.60200276748782,12,-149.60200276748782
5745,46,12,-118.32804051309115,6,-106.95269482704867
5746,97,12,-241.33591412399238,20,-236.43484574939123
5747,75,12,-177.53797429426584,12,-177.53797429426584
5748,46,12,-118.32804051309115,6,-106.95269482704867
5749,94,12,-231.6780614823333,20,-230.42240386096492
5750,11,12,-84.63205382862074,1,-19.32560286376086
5751,70,12,-165.30890638391594,12,-165.30890638391594
5752,95,12,-234.86374178545628,20,-232.40560631336535
5753,34,12,-102.11783014653936,6,-77.18136743158533
5754,41,12,-110.98357657528959,6,-93.46522121489485
5755,21,12,-90.03970135905276,3,-44.21475244382181
5756,74,12,-175.02485362057575,12,-175.02485362057575
5757,91,12,-222.3226706914009,12,-222.3226706914009
5758,81,12,-193.3232515767758,12,-193.3232515767758
5759,57,12,-137.45226948237894,12,-137.45226948237894
5760,6,12,-83.19527859488348,1,-10.586867266464079
5761,11,12,-84.63205382862074,1,-19.32560286376086
5762,61,12,-145.41736476856974,12,-145.41736476856974
5763,93,12,-228.5259880514485,20,-228.46014739973276
5764,77,12,-182.66516071256729,12,-182.66516071256729
5765,19,12,-88.68794552856191,3,-39.9420506223111
5766,7,12,-83.41503688796908,1,-11.923979800667436
5767,57,12,-137.45226948237894,12,-137.45226948237894
5768,16,12,-86.91362107098472,1,-33.19107800413937
5769,70,12,-165.30890638391594,12,-165.30890638391594
5770,40,12,-109.61584921025063,6,-90.95329633472858
5771,79,12,-187.92692573545764,12,-187.92692573545764
5772,62,12,-147.492844759646,12,-147.492844759646
5773,66,12,-156.13152263937536,12,-156.13152263937536
5774,10,12,-84.27710649292833,1,-17.167386388250772
5775,41,12,-110.98357657528959,6,-93.46522121489485
5776,42,12,-112.38502871842148,6,-96.03901273050752
5777,40,12,-109.61584921025063,6,-90.95329633472858
5778,29,12,-96.79732089859871,3,-65.56666537455592
5779,74,12,-175.02485362057575,12,-175.02485362057575
5780,74,12,-175.02485362057575,12,-175.02485362057575
5781,31,12,-98.82428562999917,6,-71.1312116538696
5782,81,12,-193.3232515767758,12,-193.3232515767758
5783,99,12,-247.94248729970576,20,-240.54785882360903
5784,36,12,-104.48223209634578,6,-81.52441352950547
5785,61,12,-145.41736476856974,12,-145.41736476856974
5786,81,12,-193.3232515767758,12,-193.3232515767758
5787,85,12,-204.51951458063076,12,-204.51951458063076
5788,27,12,-94.90536226632408,3,-59.5898777586643
5789,25,12,-93.14842757160632,3,-54.03884427687615
5790,47,12,-119.89808312874094,6,-109.83570678670114
5791,54,12,-131.832176252549,6,-131.7473732422173
5792,72,12,-170.09956846271837,12,-170.09956846271837
5793,97,12,-241.33591412399238,20,-236.43484574939123
5794,73,12,-172.54538426876832,12,-172.54538426876832
5795,11,12,-84.63205382862074,1,-19.32560286376086
5796,48,12,-121.50183715622016,6,-112.7805402942011
5797,92,12,-225.4075237139973,12,-225.4075237139973
5798,16,12,-86.91362107098472,1,-33.19107800413937
5799,66,12,-156.13152263937536,12,-156.13152263937536
5800,72,12,-170.09956846271837,12,-170.09956846271837
5801,33,12,-100.9862386241835,6,-75.10271953333199
5802,48,12,-121.50183715622016,6,-112.7805402942011
5803,14,12,-85.8996369884651,1,-27.0303393518663
5804,40,12,-109.61584921025063,6,-90.95329633472858
5805,65,12,-153.92134393244743,12,-153.92134393244743
5806,46,12,-118.32804051309115,6,-106.95269482704867
5807,95,12,-234.86374178545628,20,-232.40560631336535
5808,22,12,-90.76623443917929,3,-46.51097281076241
5809,64,12,-151.74483656681207,12,-151.74483656681207
5810,76,12,-180.08474406613544,12,-180.08474406613544
5811,40,12,-109.61584921025063,6,-90.95329633472858
5812,64,12,-151.74483656681207,12,-151.74483656681207
5813,92,12,-225.4075237139973,12,-225.4075237139973
5814,31,12,-98.82428562999917,6,-71.1312116538696
5815,60,12,-143.3755650196889,12,-143.3755650196889
5816,28,12,-95.83446470521845,3,-62.525063432602536
5817,57,12,-137.45226948237894,12,-137.45226948237894
5818,83,12,-198.854120452488,12,-198.854120452488
5819,96,12,-238.08302673965238,20,-234.40975389635224
5820,43,12,-113.8202034116098,6,-98.67466336494121
5821,68,12,-160.6528851776278,12,-160.6528851776278
5822,81,12,-193.3232515767758,12,-193.3232515767758
5823,93,12,-228.5259880514485,20,-228.46014739973276
5824,26,12,-94.01001581178649,3,-56.76113061721671
5825,89,12,-216.25380747683084,12,-216.25380747683084
5826,82,12,-196.07186924674602,12,-196.07186924674602
5827,51,12,-126.51534543777501,6,-121.9858949902555
5828,84,12,-201.67000297128635,12,-201.67000297128635
5829,47,12,-119.89808312874094,6,-109.83570678670114
5830,57,12,-137.45226948237894,12,-137.45226948237894
5831,41,12,-110.98357657528959,6,-93.46522121489485
5832,71,12,-167.68740842638795,12,-167.68740842638795
5833,98,12,-244.6224017175923,20,-238.4808810119756
5834,28,12,-95.83446470521845,3,-62.525063432602536
5835,32,12,-99.88838970893231,6,-73.08599843278336
5836,12,12,-85.02079284439587,1,-21.68888886194659
5837,88,12,-213.26980172825859,12,-213.26980172825859
5838,71,12,-167.68740842638795,12,-167.68740842638795
5839,73,12,-172.54538426876832,12,-172.54538426876832
5840,60,12,-143.3755650196889,12,-143.3755650196889
5841,39,12,-108.28184885147208,6,-88.50324560744662
5842,45,12,-116.79171153665492,6,-104.13151192781399
5843,33,12,-100.9862386241835,6,-75.10271953333199
5844,94,12,-231.6780614823333,20,-230.42240386096492
5845,99,12,-247.94248729970576,20,-240.54785882360903
5846,60,12,-143.3755650196889,12,-143.3755650196889
5847,34,12,-102.11783014653936,6,-77.18136743158533
5848,66,12,-156.13152263937536,12,-156.13152263937536
5849,29,12,-96.79732089859871,3,-65.56666537455592
5850,39,12,-108.28184885147208,6,-88.50324560744662
5851,63,12,-149.60200276748782,12,-149.60200276748782
5852,22,12,-90.76623443917929,3,-46.51097281076241
5853,99,12,-247.94248729970576,20,-240.54785882360903
5854,53,12,-130.0262005218131,6,-128.43176816621013
5855,64,12,-151.74483656681207,12,-151.74483656681207
5856,26,12,-94.01001581178649,3,-56.76113061721671
5857,68,12,-160.6528851776278,12,-160.6528851776278
5858,43,12,-113.8202034116098,6,-98.67466336494121
5859,47,12,-119.89808312874094,6,-109.83570678670114
5860,9,12,-83.95595306941537,1,-15.214321990937147
5861,70,12,-165.30890638391594,12,-165.30890638391594
5862,29,12,-96.79732089859871,3,-65.56666537455592
5863,5,12,-83.00932314367421,1,-9.455237327983067
5864,1,12,-82.6035744145978,1,-6.9851980409108565
5865,86,12,-207.4026530580665,12,-207.4026530580665
5866,26,12,-94.01001581178649,3,-56.76113061721671
5867,93,12,-228.5259880514485,20,-228.46014739973276
5868,5,12,-83.00932314367421,1,-9.455237327983067
5869,16,12,-86.91362107098472,1,-33.19107800413937
5870,26,12,-94.01001581178649,3,-56.76113061721671
5871,44,12,-115.28909842694712,6,-101.37216560238318
5872,26,12,-94.01001581178649,3,-56.76113061721671
5873,78,12,-185.27922201012348,12,-185.27922201012348
5874,88,12,-213.26980172825859,12,-213.26980172825859
5875,8,12,-83.66859579030925,1,-13.466492256876304
5876,19,12,-88.68794552856191,3,-39.9420506223111
5877,93,12,-228.5259880514485,20,-228.46014739973276
5878,59,12,-141.367447738551,12,-141.367447738551
5879,75,12,-177.53797429426584,12,-177.53797429426584
5880,46,12,-118.32804051309115,6,-106.95269482704867
5881,21,12,-90.03970135905276,3,-44.21475244382181
5882,66,12,-156.13152263937536,12,-156.13152263937536
5883,61,12,-145.41736476856974,12,-145.41736476856974
5884,57,12,-137.45226948237894,12,-137.45226948237894
5885,26,12,-94.01001581178649,3,-56.76113061721671
5886,53,12,-130.0262005218131,6,-128.43176816621013
5887,68,12,-160.6528851776278,12,-160.6528851776278
5888,22,12,-90.76623443917929,3,-46.51097281076241
5889,82,12,-196.07186924674602,12,-196.07186924674602
5890,38,12,-106.98157772725399,6,-86.11507655130762
5891,65,12,-153.92134393244743,12,-153.92134393244743
5892,4,12,-82.85717276709248,1,-8.529172688515441
5893,19,12,-88.68794552856191,3,-39.9420506223111
5894,91,12,-222.3226706914009,12,-222.3226706914009
5895,7,12,-83.41503688796908,1,-11.923979800667436
5896,93,12,-228.5259880514485,20,-228.46014739973276
5897,98,12,-244.6224017175923,20,-238.4808810119756
5898,88,12,-213.26980172825859,12,-213.26980172825859
5899,57,12,-137.45226948237894,12,-137.45226948237894
5900,76,12,-180.08474406613544,12,-180.08474406613544
5901,69,12,-162.96406455953235,12,-162.96406455953235
5902,44,12,-115.28909842694712,6,-101.37216560238318
5903,13,12,-85.44332130828904,1,-24.257161856809045
5904,38,12,-106.98157772725399,6,-86.11507655130762
5905,79,12,-187.92692573545764,12,-187.92692573545764
5906,0,12,-82.58666666666669,1,-6.8822222222222225
5907,51,12,-126.51534543777501,6,-121.9858949902555
5908,68,12,-160.6528851776278,12,-160.6528851776278
5909,45,12,-116.79171153665492,6,-104.13151192781399
5910,22,12,-90.76623443917929,3,-46.51097281076241
5911,30,12,-97.79392861672859,3,-68.71466132418306
5912,32,12,-99.88838970893231,6,-73.08599843278336
5913,95,12,-234.86374178545628,20,-232.40560631336535
5914,45,12,-116.79171153665492,6,-104.13151192781399
5915,3,12,-82.73882969802135,1,-7.808756080935194
5916,60,12,-143.3755650196889,12,-143.3755650196889
5917,35,12,-103.28316204691019,6,-79.32193460441326
5918,19,12,-88.68794552856191,3,-39.9420506223111
5919,98,12,-244.6224017175923,20,-238.4808810119756
5920,17,12,-87.4712850103148,3,-36.095815994462484
5921,3,12,-82.73882969802135,1,-7.808756080935194
5922,60,12,-143.3755650196889,12,-143.3755650196889
5923,72,12,-170.09956846271837,12,-170.09956846271837
5924,65,12,-153.92134393244743,12,-153.92134393244743
5925,15,12,-86.38973765322098,1,-30.008338880137654
5926,8,12,-83.66859579030925,1,-13.466492256876304
5927,52,12,-128.2539228413562,6,-125.177939579655
5928,22,12,-90.76623443917929,3,-46.51097281076241
5929,10,12,-84.27710649292833,1,-17.167386388250772
5930,44,12,-115.28909842694712,6,-101.37216560238318
5931,12,12,-85.02079284439587,1,-21.68888886194659
5932,3,12,-82.73882969802135,1,-7.808756080935194
5933,22,12,-90.76623443917929,3,-46.51097281076241
5934,12,12,-85.02079284439587,1,-21.68888886194659
5935,25,12,-93.14842757160632,3,-54.03884427687615
5936,53,12,-130.0262005218131,6,-128.43176816621013
5937,90,12,-219.27143120512085,12,-219.27143120512085
5938,40,12,-109.61584921025063,6,-90.95329633472858
5939,41,12,-110.98357657528959,6,-93.46522121489485
5940,0,12,-82.58666666666669,1,-6.8822222222222225
5941,55,12,-133.67184780709107,12,-133.67184780709107
5942,59,12,-141.367447738551,12,-141.367447738551
5943,52,12,-128.2539228413562,6,-125.177939579655
5944,27,12,-94.90536226632408,3,-59.5898777586643
5945,40,12,-109.61584921025063,6,-90.95329633472858
5946,85,12,-204.51951458063076,12,-204.51951458063076
5947,21,12,-90.03970135905276,3,-44.21475244382181
5948,70,12,-165.30890638391594,12,-165.30890638391594
5949,76,12,-180.08474406613544,12,-180.08474406613544
5950,7,12,-83.41503688796908,1,-11.923979800667436
5951,3,12,-82.73882969802135,1,-7.808756080935194
5952,74,12,-175.02485362057575,12,-175.02485362057575
5953,27,12,-94.90536226632408,3,-59.5898777586643
5954,57,12,-137.45226948237894,12,-137.45226948237894
5955,88,12,-213.26980172825859,12,-213.26980172825859
5956,49,12,-123.13930036828388,6,-115.78718783779036
5957,46,12,-118.32804051309115,6,-106.95269482704867
5958,73,12,-172.54538426876832,12,-172.54538426876832
5959,36,12,-104.48223209634578,6,-81.52441352950547
5960,8,12,-83.66859579030925,1,-13.466492256876304
5961,9,12,-83.95595306941537,1,-15.214321990937147
5962,99,12,-247.94248729970576,20,-240.54785882360903
5963,1,12,-82.6035744145978,1,-6.9851980409108565
5964,38,12,-106.98157772725399,6,-86.11507655130762
5965,20,12,-89.34693764525149,3,-42.025104283182344
5966,45,12,-116.79171153665492,6,-104.13151192781399
5967,89,12,-216.25380747683084,12,-216.25380747683084
5968,44,12,-115.28909842694712,6,-101.37216560238318
5969,89,12,-216.25380747683084,12,-216.25380747683084
5970,69,12,-162.96406455953235,12,-162.96406455953235
5971,64,12,-151.74483656681207,12,-151.74483656681207
5972,58,12,-139.39301515084207,12,-139.39301515084207
5973,70,12,-165.30890638391594,12,-165.30890638391594
5974,70,12,-165.30890638391594,12,-165.30890638391594
5975,17,12,-87.4712850103148,3,-36.095815994462484
5976,11,12,-84.63205382862074,1,-19.32560286376086
5977,17,12,-87.4712850103148,3,-36.095815994462484
5978,37,12,-105.71503806602566,6,-83.78879668536612
5979,94,12,-231.6780614823333,20,-230.42240386096492
5980,57,12,-137.45226948237894,12,-137.45226948237894
5981,73,12,-172.54538426876832,12,-172.54538426876832
5982,12,12,-85.02079284439587,1,-21.68888886194659
5983,17,12,-87.4712850103148,3,-36.095815994462484
5984,36,12,-104.48223209634578,6,-81.52441352950547
5985,32,12,-99.88838970893231,6,-73.08599843278336
5986,3,12,-82.73882969802135,1,-7.808756080935194
5987,76,12,-180.08474406613544,12,-180.08474406613544
5988,37,12,-105.71503806602566,6,-83.78879668536612
5989,71,12,-167.68740842638795,12,-167.68740842638795
5990,61,12,-145.41736476856974,12,-145.41736476856974
5991,5,12,-83.00932314367421,1,-9.455237327983067
5992,17,12,-87.4712850103148,3,-36.095815994462484
5993,18,12,-88.0627272398999,3,-37.96561375881964
5994,18,12,-88.0627272398999,3,-37.96561375881964
5995,81,12,-193.3232515767758,12,-193.3232515767758
5996,33,12,-100.9862386241835,6,-75.10271953333199
5997,10,12,-84.27710649292833,1,-17.167386388250772
5998,49,12,-123.13930036828388,6,-115.78718783779036
5999,9,12,-83.95595306941537,1,-15.214321990937147
6000,26,12,-94.01001581178649,3,-56.76113061721671
6001,4,12,-82.85717276709248,1,-8.529172688515441
6002,89,12,-216.25380747683084,12,-216.25380747683084
6003,71,12,-167.68740842638795,12,-167.68740842638795
6004,97,12,-241.33591412399238,20,-236.43484574939123
6005,17,12,-87.4712850103148,3,-36.095815994462484
6006,17,12,-87.4712850103148,3,-36.095815994462484
6007,72,12,-170.09956846271837,12,-170.09956846271837
6008,58,12,-139.39301515084207,12,-139.39301515084207
6009,87,12,-210.3194161813455,12,-210.3194161813455
6010,55,12,-133.67184780709107,12,-133.67184780709107
6011,34,12,-102.11783014653936,6,-77.18136743158533
6012,91,12,-222.3226706914009,12,-222.3226706914009
6013,68,12,-160.6528851776278,12,-160.6528851776278
6014,2,12,-82.65429616947476,1,-7.294070267709967
6015,25,12,-93.14842757160632,3,-54.03884427687615
6016,70,12,-165.30890638391594,12,-165.30890638391594
6017,10,12,-84.27710649292833,1,-17.167386388250772
6018,19,12,-88.68794552856191,3,-39.9420506223111
6019,45,12,-116.79171153665492,6,-104.13151192781399
6020,79,12,-187.92692573545764,12,-187.92692573545764
6021,84,12,-201.67000297128635,12,-201.67000297128635
6022,53,12,-130.0262005218131,6,-128.43176816621013
6023,79,12,-187.92692573545764,12,-187.92692573545764
6024,54,12,-131.832176252549,6,-131.7473732422173
6025,35,12,-103.28316204691019,6,-79.32193460441326
6026,47,12,-119.89808312874094,6,-109.83570678670114
6027,71,12,-167.68740842638795,12,-167.68740842638795
6028,60,12,-143.3755650196889,12,-143.3755650196889
6029,36,12,-104.48223209634578,6,-81.52441352950547
6030,28,12,-95.83446470521845,3,-62.525063432602536
6031,44,12,-115.28909842694712,6,-101.37216560238318
6032,46,12,-118.32804051309115,6,-106.95269482704867
6033,9,12,-83.95595306941537,1,-15.214321990937147
6034,87,12,-210.3194161813455,12,-210.3194161813455
6035,35,12,-103.28316204691019,6,-79.32193460441326
6036,92,12,-225.4075237139973,12,-225.4075237139973
6037,18,12,-88.0627272398999,3,-37.96561375881964
6038,78,12,-185.27922201012348,12,-185.27922201012348
6039,20,12,-89.34693764525149,3,-42.025104283182344
6040,36,12,-104.48223209634578,6,-81.52441352950547
6041,72,12,-170.09956846271837,12,-170.09956846271837
6042,13,12,-85.44332130828904,1,-24.257161856809045
6043,21,12,-90.03970135905276,3,-44.21475244382181
6044,59,12,-141.367447738551,12,-141.367447738551
6045,61,12,-145.41736476856974,12,-145.41736476856974
6046,96,12,-238.08302673965238,20,-234.40975389635224
6047,32,12,-99.88838970893231,6,-73.08599843278336
6048,30,12,-97.79392861672859,3,-68.71466132418306
6049,73,12,-172.54538426876832,12,-172.54538426876832
6050,91,12,-222.3226706914009,12,-222.3226706914009
6051,61,12,-145.41736476856974,12,-145.41736476856974
6052,28,12,-95.83446470521845,3,-62.525063432602536
6053,56,12,-135.54521295910172,12,-135.54521295910172
6054,23,12,-91.52653465497364,3,-48.91374309468091
6055,92,12,-225.4075237139973,12,-225.4075237139973
6056,56,12,-135.54521295910172,12,-135.54521295910172
6057,66,12,-156.13152263937536,12,-156.13152263937536
6058,20,12,-89.34693764525149,3,-42.025104283182344
6059,86,12,-207.4026530580665,12,-207.4026530580665
6060,96,12,-238.08302673965238,20,-234.40975389635224
6061,7,12,-83.41503688796908,1,-11.923979800667436
6062,56,12,-135.54521295910172,12,-135.54521295910172
6063,21,12,-90.03970135905276,3,-44.21475244382181
6064,84,12,-201.67000297128635,12,-201.67000297128635
6065,19,12,-88.68794552856191,3,-39.9420506223111
6066,89,12,-216.25380747683084,12,-216.25380747683084
6067,47,12,-119.89808312874094,6,-109.83570678670114
6068,37,12,-105.71503806602566,6,-83.78879668536612
6069,88,12,-213.26980172825859,12,-213.26980172825859
6070,83,12,-198.854120452488,12,-198.854120452488
6071,55,12,-133.67184780709107,12,-133.67184780709107
6072,42,12,-112.38502871842148,6,-96.03901273050752
6073,13,12,-85.44332130828904,1,-24.257161856809045
6074,44,12,-115.28909842694712,6,-101.37216560238318
6075,91,12,-222.3226706914009,12,-222.3226706914009
6076,86,12,-207.4026530580665,12,-207.4026530580665
6077,91,12,-222.3226706914009,12,-222.3226706914009
6078,3,12,-82.73882969802135,1,-7.808756080935194
6079,57,12,-137.45226948237894,12,-137.45226948237894
6080,33,12,-100.9862386241835,6,-75.10271953333199
6081,29,12,-96.79732089859871,3,-65.56666537455592
6082,85,12,-204.51951458063076,12,-204.51951458063076
6083,66,12,-156.13152263937536,12,-156.13152263937536
6084,38,12,-106.98157772725399,6,-86.11507655130762
6085,24,12,-92.32059977591312,3,-51.42304101039932
6086,81,12,-193.3232515767758,12,-193.3232515767758
6087,77,12,-182.66516071256729,12,-182.66516071256729
6088,73,12,-172.54538426876832,12,-172.54538426876832
6089,25,12,-93.14842757160632,3,-54.03884427687615
6090,37,12,-105.71503806602566,6,-83.78879668536612
6091,14,12,-85.8996369884651,1,-27.0303393518663
6092,29,12,-96.79732089859871,3,-65.56666537455592
6093,7,12,-83.41503688796908,1,-11.923979800667436
6094,58,12,-139.39301515084207,12,-139.39301515084207
6095,27,12,-94.90536226632408,3,-59.5898777586643
6096,28,12,-95.83446470521845,3,-62.525063432602536
6097,86,12,-207.4026530580665,12,-207.4026530580665
6098,68,12,-160.6528851776278,12,-160.6528851776278
6099,67,12,-158.37537046268577,12,-158.37537046268577
6100,24,12,-92.32059977591312,3,-51.42304101039932
6101,26,12,-94.01001581178649,3,-56.76113061721671
6102,9,12,-83.95595306941537,1,-15.214321990937147
6103,59,12,-141.367447738551,12,-141.367447738551
6104,55,12,-133.67184780709107,12,-133.67184780709107
6105,71,12,-167.68740842638795,12,-167.68740842638795
6106,84,12,-201.67000297128635,12,-201.67000297128635
6107,11,12,-84.63205382862074,1,-19.32560286376086
6108,70,12,-165.30890638391594,12,-165.30890638391594
6109,92,12,-225.4075237139973,12,-225.4075237139973
6110,2,12,-82.65429616947476,1,-7.294070267709967
6111,39,12,-108.28184885147208,6,-88.50324560744662
6112,57,12,-137.45226948237894,12,-137.45226948237894
6113,27,12,-94.90536226632408,3,-59.5898777586643
6114,31,12,-98.82428562999917,6,-71.1312116538696
6115,35,12,-103.28316204691019,6,-79.32193460441326
6116,12,12,-85.02079284439587,1,-21.68888886194659
6117,64,12,-151.74483656681207,12,-151.74483656681207
6118,23,12,-91.52653465497364,3,-48.91374309468091
6119,5,12,-83.00932314367421,1,-9.455237327983067
6120,55,12,-133.67184780709107,12,-133.67184780709107
6121,64,12,-151.74483656681207,12,-151.74483656681207
6122,35,12,-103.28316204691019,6,-79.32193460441326
6123,10,12,-84.27710649292833,1,-17.167386388250772
6124,29,12,-96.79732089859871,3,-65.56666537455592
6125,63,12,-149.60200276748782,12,-149.60200276748782
6126,81,12,-193.3232515767758,12,-193.3232515767758
6127,48,12,-121.50183715622016,6,-112.7805402942011
6128,82,12,-196.07186924674602,12,-196.07186924674602
6129,59,12,-141.367447738551,12,-141.367447738551
6130,47,12,-119.89808312874094,6,-109.83570678670114
6131,61,12,-145.41736476856974,12,-145.41736476856974
6132,10,12,-84.27710649292833,1,-17.167386388250772
6133,19,12,-88.68794552856191,3,-39.9420506223111
6134,77,12,-182.66516071256729,12,-182.66516071256729
6135,57,12,-137.45226948237894,12,-137.45226948237894
6136,67,12,-158.37537046268577,12,-158.37537046268577
6137,36,12,-104.48223209634578,6,-81.52441352950547
6138,3,12,-82.73882969802135,1,-7.808756080935194
6139,35,12,-103.28316204691019,6,-79.32193460441326
6140,71,12,-167.68740842638795,12,-167.68740842638795
6141,74,12,-175.02485362057575,12,-175.02485362057575
6142,84,12,-201.67000297128635,12,-201.67000297128635
6143,92,12,-225.4075237139973,12,-225.4075237139973
6144,72,12,-170.09956846271837,12,-170.09956846271837
6145,8,12,-83.66859579030925,1,-13.466492256876304
6146,81,12,-193.3232515767758,12,-193.3232515767758
6147,81,12,-193.3232515767758,12,-193.3232515767758
6148,69,12,-162.96406455953235,12,-162.96406455953235
6149,95,12,-234.86374178545628,20,-232.40560631336535
6150,93,12,-228.5259880514485,20,-228.46014739973276
6151,59,12,-141.367447738551,12,-141.367447738551
6152,80,12,-190.60826966535672,12,-190.60826966535672
6153,57,12,-137.45226948237894,12,-137.45226948237894
6154,86,12,-207.4026530580665,12,-207.4026530580665
6155,99,12,-247.94248729970576,20,-240.54785882360903
6156,50,12,-124.81047053779731,6,-118.85564190652914
6157,99,12,-247.94248729970576,20,-240.54785882360903
6158,80,12,-190.60826966535672,12,-190.60826966535672
6159,27,12,-94.90536226632408,3,-59.5898777586643
6160,96,12,-238.08302673965238,20,-234.40975389635224
6161,47,12,-119.89808312874094,6,-109.83570678670114
6162,66,12,-156.13152263937536,12,-156.13152263937536
6163,11,12,-84.63205382862074,1,-19.32560286376086
6164,82,12,-196.07186924674602,12,-196.07186924674602
6165,88,12,-213.26980172825859,12,-213.26980172825859
6166,24,12,-92.32059977591312,3,-51.42304101039932
6167,0,12,-82.58666666666669,1,-6.8822222222222225
6168,60,12,-143.3755650196889,12,-143.3755650196889
6169,72,12,-170.09956846271837,12,-170.09956846271837
6170,87,12,-210.3194161813455,12,-210.3194161813455
6171,1,12,-82.6035744145978,1,-6.9851980409108565
6172,93,12,-228.5259880514485,20,-228.46014739973276
6173,47,12,-119.89808312874094,6,-109.83570678670114
6174,50,12,-124.81047053779731,6,-118.85564190652914
6175,81,12,-193.3232515767758,12,-193.3232515767758
6176,83,12,-198.854120452488,12,-198.854120452488
6177,89,12,-216.25380747683084,12,-216.25380747683084
6178,69,12,-162.96406455953235,12,-162.96406455953235
6179,85,12,-204.51951458063076,12,-204.51951458063076
6180,34,12,-102.11783014653936,6,-77.18136743158533
6181,97,12,-241.33591412399238,20,-236.43484574939123
6182,38,12,-106.98157772725399,6,-86.11507655130762
6183,91,12,-222.3226706914009,12,-222.3226706914009
6184,49,12,-123.13930036828388,6,-115.78718783779036
6185,4,12,-82.85717276709248,1,-8.529172688515441
6186,83,12,-198.854120452488,12,-198.854120452488
6187,51,12,-126.51534543777501,6,-121.9858949902555
6188,33,12,-100.9862386241835,6,-75.10271953333199
6189,85,12,-204.51951458063076,12,-204.51951458063076
6190,4,12,-82.85717276709248,1,-8.529172688515441
6191,51,12,-126.51534543777501,6,-121.9858949902555
6192,89,12,-216.25380747683084,12,-216.25380747683084
6193,71,12,-167.68740842638795,12,-167.68740842638795
6194,56,12,-135.54521295910172,12,-135.54521295910172
6195,36,12,-104.48223209634578,6,-81.52441352950547
6196,51,12,-126.51534543777501,6,-121.9858949902555
6197,95,12,-234.86374178545628,20,-232.40560631336535
6198,61,12,-145.41736476856974,12,-145.41736476856974
6199,61,12,-145.41736476856974,12,-145.41736476856974
6200,66,12,-156.13152263937536,12,-156.13152263937536
6201,57,12,-137.45226948237894,12,-137.45226948237894
6202,25,12,-93.14842757160632,3,-54.03884427687615
6203,12,12,-85.02079284439587,1,-21.68888886194659
6204,61,12,-145.41736476856974,12,-145.41736476856974
6205,5,12,-83.00932314367421,1,-9.455237327983067
6206,35,12,-103.28316204691019,6,-79.32193460441326
6207,94,12,-231.6780614823333,20,-230.42240386096492
6208,52,12,-128.2539228413562,6,-125.177939579655
6209,9,12,-83.95595306941537,1,-15.214321990937147
6210,49,12,-123.13930036828388,6,-115.78718783779036
6211,81,12,-193.3232515767758,12,-193.3232515767758
6212,56,12,-135.54521295910172,12,-135.54521295910172
6213,29,12,-96.79732089859871,3,-65.56666537455592
6214,75,12,-177.53797429426584,12,-177.53797429426584
6215,61,12,-145.41736476856974,12,-145.41736476856974
6216,34,12,-102.11783014653936,6,-77.18136743158533
6217,43,12,-113.8202034116098,6,-98.67466336494121
6218,33,12,-100.9862386241835,6,-75.10271953333199
6219,28,12,-95.83446470521845,3,-62.525063432602536
6220,22,12,-90.76623443917929,3,-46.51097281076241
6221,89,12,-216.25380747683084,12,-216.25380747683084
6222,91,12,-222.3226706914009,12,-222.3226706914009
6223,17,12,-87.4712850103148,3,-36.095815994462484
6224,33,12,-100.9862386241835,6,-75.10271953333199
6225,97,12,-241.33591412399238,20,-236.43484574939123
6226,89,12,-216.25380747683084,12,-216.25380747683084
6227,84,12,-201.67000297128635,12,-201.67000297128635
6228,7,12,-83.41503688796908,1,-11.923979800667436
6229,64,12,-151.74483656681207,12,-151.74483656681207
6230,12,12,-85.02079284439587,1,-21.68888886194659
6231,71,12,-167.68740842638795,12,-167.68740842638795
6232,44,12,-115.28909842694712,6,-101.37216560238318
6233,87,12,-210.3194161813455,12,-210.3194161813455
6234,38,12,-106.98157772725399,6,-86.11507655130762
6235,2,12,-82.65429616947476,1,-7.294070267709967
6236,59,12,-141.367447738551,12,-141.367447738551
6237,73,12,-172.54538426876832,12,-172.54538426876832
6238,30,12,-97.79392861672859,3,-68.71466132418306
6239,62,12,-147.492844759646,12,-147.492844759646
6240,50,12,-124.81047053779731,6,-118.85564190652914
6241,26,12,-94.01001581178649,3,-56.76113061721671
6242,12,12,-85.02079284439587,1,-21.68888886194659
6243,18,12,-88.0627272398999,3,-37.96561375881964
6244,29,12,-96.79732089859871,3,-65.56666537455592
6245,58,12,-139.39301515084207,12,-139.39301515084207
6246,38,12,-106.98157772725399,6,-86.11507655130762
6247,70,12,-165.30890638391594,12,-165.30890638391594
6248,66,12,-156.13152263937536,12,-156.13152263937536
6249,49,12,-123.13930036828388,6,-115.78718783779036
6250,77,12,-182.66516071256729,12,-182.66516071256729
6251,51,12,-126.51534543777501,6,-121.9858949902555
6252,80,12,-190.60826966535672,12,-190.60826966535672
6253,31,12,-98.82428562999917,6,-71.1312116538696
6254,8,12,-83.66859579030925,1,-13.466492256876304
6255,31,12,-98.82428562999917,6,-71.1312116538696
6256,25,12,-93.14842757160632,3,-54.03884427687615
6257,18,12,-88.0627272398999,3,-37.96561375881964
6258,83,12,-198.854120452488,12,-198.854120452488
6259,92,12,-225.4075237139973,12,-225.4075237139973
6260,65,12,-153.92134393244743,12,-153.92134393244743
6261,57,12,-137.45226948237894,12,-137.45226948237894
6262,90,12,-219.27143120512085,12,-219.27143120512085
6263,30,12,-97.79392861672859,3,-68.71466132418306
6264,21,12,-90.03970135905276,3,-44.21475244382181
6265,75,12,-177.53797429426584,12,-177.53797429426584
6266,35,12,-103.28316204691019,6,-79.32193460441326
6267,98,12,-244.6224017175923,20,-238.4808810119756
6268,54,12,-131.832176252549,6,-131.7473732422173
6269,64,12,-151.74483656681207,12,-151.74483656681207
6270,63,12,-149.60200276748782,12,-149.60200276748782
6271,88,12,-213.26980172825859,12,-213.26980172825859
6272,46,12,-118.32804051309115,6,-106.95269482704867
6273,96,12,-238.08302673965238,20,-234.40975389635224
6274,40,12,-109.61584921025063,6,-90.95329633472858
6275,58,12,-139.39301515084207,12,-139.39301515084207
6276,68,12,-160.6528851776278,12,-160.6528851776278
6277,29,12,-96.79732089859871,3,-65.56666537455592
6278,51,12,-126.51534543777501,6,-121.9858949902555
6279,54,12,-131.832176252549,6,-131.7473732422173
6280,56,12,-135.54521295910172,12,-135.54521295910172
6281,82,12,-196.07186924674602,12,-196.07186924674602
6282,52,12,-128.2539228413562,6,-125.177939579655
6283,66,12,-156.13152263937536,12,-156.13152263937536
6284,33,12,-100.9862386241835,6,-75.10271953333199
6285,89,12,-216.25380747683084,12,-216.25380747683084
6286,27,12,-94.90536226632408,3,-59.5898777586643
6287,86,12,-207.4026530580665,12,-207.4026530580665
6288,42,12,-112.38502871842148,6,-96.03901273050752
6289,6,12,-83.19527859488348,1,-10.586867266464079
6290,53,12,-130.0262005218131,6,-128.43176816621013
6291,93,12,-228.5259880514485,20,-228.46014739973276
6292,32,12,-99.88838970893231,6,-73.08599843278336
6293,23,12,-91.52653465497364,3,-48.91374309468091
6294,37,12,-105.71503806602566,6,-83.78879668536612
6295,10,12,-84.27710649292833,1,-17.167386388250772
6296,9,12,-83.95595306941537,1,-15.214321990937147
6297,65,12,-153.92134393244743,12,-153.92134393244743
6298,64,12,-151.74483656681207,12,-151.74483656681207
6299,3,12,-82.73882969802135,1,-7.808756080935194
6300,25,12,-93.14842757160632,3,-54.03884427687615
6301,61,12,-145.41736476856974,12,-145.41736476856974
6302,76,12,-180.08474406613544,12,-180.08474406613544
6303,67,12,-158.37537046268577,12,-158.37537046268577
6304,98,12,-244.6224017175923,20,-238.4808810119756
6305,91,12,-222.3226706914009,12,-222.3226706914009
6306,49,12,-123.13930036828388,6,-115.78718783779036
6307,1,12,-82.6035744145978,1,-6.9851980409108565
6308,8,12,-83.66859579030925,1,-13.466492256876304
6309,97,12,-241.33591412399238,20,-236.43484574939123
6310,95,12,-234.86374178545628,20,-232.40560631336535
6311,29,12,-96.79732089859871,3,-65.56666537455592
6312,48,12,-121.50183715622016,6,-112.7805402942011
6313,60,12,-143.3755650196889,12,-143.3755650196889
6314,77,12,-182.66516071256729,12,-182.66516071256729
6315,78,12,-185.27922201012348,12,-185.27922201012348
6316,28,12,-95.83446470521845,3,-62.525063432602536
6317,80,12,-190.60826966535672,12,-190.60826966535672
6318,99,12,-247.94248729970576,20,-240.54785882360903
6319,88,12,-213.26980172825859,12,-213.26980172825859
6320,45,12,-116.79171153665492,6,-104.13151192781399
6321,6,12,-83.19527859488348,1,-10.586867266464079
6322,18,12,-88.0627272398999,3,-37.96561375881964
6323,56,12,-135.54521295910172,12,-135.54521295910172
6324,33,12,-100.9862386241835,6,-75.10271953333199
6325,8,12,-83.66859579030925,1,-13.466492256876304
6326,78,12,-185.27922201012348,12,-185.27922201012348
6327,18,12,-88.0627272398999,3,-37.96561375881964
6328,59,12,-141.367447738551,12,-141.367447738551
6329,39,12,-108.28184885147208,6,-88.50324560744662
6330,24,12,-92.32059977591312,3,-51.42304101039932
6331,12,12,-85.02079284439587,1,-21.68888886194659
6332,9,12,-83.95595306941537,1,-15.214321990937147
6333,97,12,-241.33591412399238,20,-236.43484574939123
6334,49,12,-123.13930036828388,6,-115.78718783779036
6335,97,12,-241.33591412399238,20,-236.43484574939123
6336,50,12,-124.81047053779731,6,-118.85564190652914
6337,88,12,-213.26980172825859,12,-213.26980172825859
6338,15,12,-86.38973765322098,1,-30.008338880137654
6339,39,12,-108.28184885147208,6,-88.50324560744662
6340,70,12,-165.30890638391594,12,-165.30890638391594
6341,61,12,-145.41736476856974,12,-145.41736476856974
6342,17,12,-87.4712850103148,3,-36.095815994462484
6343,8,12,-83.66859579030925,1,-13.466492256876304
6344,65,12,-153.92134393244743,12,-153.92134393244743
6345,7,12,-83.41503688796908,1,-11.923979800667436
6346,20,12,-89.34693764525149,3,-42.025104283182344
6347,40,12,-109.61584921025063,6,-90.95329633472858
6348,72,12,-170.09956846271837,12,-170.09956846271837
6349,0,12,-82.58666666666669,1,-6.8822222222222225
6350,41,12,-110.98357657528959,6,-93.46522121489485
6351,2,12,-82.65429616947476,1,-7.294070267709967
6352,32,12,-99.88838970893231,6,-73.08599843278336
6353,86,12,-207.4026530580665,12,-207.4026530580665
6354,10,12,-84.27710649292833,1,-17.167386388250772
6355,94,12,-231.6780614823333,20,-230.42240386096492
6356,8,12,-83.66859579030925,1,-13.466492256876304
6357,21,12,-90.03970135905276,3,-44.21475244382181
6358,57,12,-137.45226948237894,12,-137.45226948237894
6359,45,12,-116.79171153665492,6,-104.13151192781399
6360,67,12,-158.37537046268577,12,-158.37537046268577
6361,69,12,-162.96406455953235,12,-162.96406455953235
6362,27,12,-94.90536226632408,3,-59.5898777586643
6363,90,12,-219.27143120512085,12,-219.27143120512085
6364,12,12,-85.02079284439587,1,-21.68888886194659
6365,64,12,-151.74483656681207,12,-151.74483656681207
6366,3,12,-82.73882969802135,1,-7.808756080935194
6367,61,12,-145.41736476856974,12,-145.41736476856974
6368,43,12,-113.8202034116098,6,-98.67466336494121
6369,96,12,-238.08302673965238,20,-234.40975389635224
6370,40,12,-109.61584921025063,6,-90.95329633472858
6371,20,12,-89.34693764525149,3,-42.025104283182344
6372,14,12,-85.8996369884651,1,-27.0303393518663
6373,24,12,-92.32059977591312,3,-51.42304101039932
6374,67,12,-158.37537046268577,12,-158.37537046268577
6375,32,12,-99.88838970893231,6,-73.08599843278336
6376,73,12,-172.54538426876832,12,-172.54538426876832
6377,70,12,-165.30890638391594,12,-165.30890638391594
6378,67,12,-158.37537046268577,12,-158.37537046268577
6379,58,12,-139.39301515084207,12,-139.39301515084207
6380,28,12,-95.83446470521845,3,-62.525063432602536
6381,3,12,-82.73882969802135,1,-7.808756080935194
6382,79,12,-187.92692573545764,12,-187.92692573545764
6383,96,12,-238.08302673965238,20,-234.40975389635224
6384,38,12,-106.98157772725399,6,-86.11507655130762
6385,92,12,-225.4075237139973,12,-225.4075237139973
6386,69,12,-162.96406455953235,12,-162.96406455953235
6387,1,12,-82.6035744145978,1,-6.9851980409108565
6388,17,12,-87.4712850103148,3,-36.095815994462484
6389,62,12,-147.492844759646,12,-147.492844759646
6390,47,12,-119.89808312874094,6,-109.83570678670114
6391,8,12,-83.66859579030925,1,-13.466492256876304
6392,73,12,-172.54538426876832,12,-172.54538426876832
6393,52,12,-128.2539228413562,6,-125.177939579655
6394,13,12,-85.44332130828904,1,-24.257161856809045
6395,41,12,-110.98357657528959,6,-93.46522121489485
6396,24,12,-92.32059977591312,3,-51.42304101039932
6397,63,12,-149.60200276748782,12,-149.60200276748782
6398,68,12,-160.6528851776278,12,-160.6528851776278
6399,71,12,-167.68740842638795,12,-167.68740842638795
6400,69,12,-162.96406455953235,12,-162.96406455953235
6401,20,12,-89.34693764525149,3,-42.025104283182344
6402,67,12,-158.37537046268577,12,-158.37537046268577
6403,65,12,-153.92134393244743,12,-153.92134393244743
6404,73,12,-172.54538426876832,12,-172.54538426876832
6405,90,12,-219.27143120512085,12,-219.27143120512085
6406,65,12,-153.92134393244743,12,-153.92134393244743
6407,40,12,-109.61584921025063,6,-90.95329633472858
6408,46,12,-118.32804051309115,6,-106.95269482704867
6409,21,12,-90.03970135905276,3,-44.21475244382181
6410,76,12,-180.08474406613544,12,-180.08474406613544
6411,70,12,-165.30890638391594,12,-165.30890638391594
6412,32,12,-99.88838970893231,6,-73.08599843278336
6413,42,12,-112.38502871842148,6,-96.03901273050752
6414,84,12,-201.67000297128635,12,-201.67000297128635
6415,76,12,-180.08474406613544,12,-180.08474406613544
6416,86,12,-207.4026530580665,12,-207.4026530580665
6417,20,12,-89.34693764525149,3,-42.025104283182344
6418,33,12,-100.9862386241835,6,-75.10271953333199
6419,32,12,-99.88838970893231,6,-73.08599843278336
6420,9,12,-83.95595306941537,1,-15.214321990937147
6421,59,12,-141.367447738551,12,-141.367447738551
6422,3,12,-82.73882969802135,1,-7.808756080935194
6423,63,12,-149.60200276748782,12,-149.60200276748782
6424,62,12,-147.492844759646,12,-147.492844759646
6425,8,12,-83.66859579030925,1,-13.466492256876304
6426,28,12,-95.83446470521845,3,-62.525063432602536
6427,13,12,-85.44332130828904,1,-24.257161856809045
6428,87,12,-210.3194161813455,12,-210.3194161813455
6429,71,12,-167.68740842638795,12,-167.68740842638795
6430,12,12,-85.02079284439587,1,-21.68888886194659
6431,2,12,-82.65429616947476,1,-7.294070267709967
6432,77,12,-182.66516071256729,12,-182.66516071256729
6433,23,12,-91.52653465497364,3,-48.91374309468091
6434,59,12,-141.367447738551,12,-141.367447738551
6435,73,12,-172.54538426876832,12,-172.54538426876832
6436,79,12,-187.92692573545764,12,-187.92692573545764
6437,11,12,-84.63205382862074,1,-19.32560286376086
6438,9,12,-83.95595306941537,1,-15.214321990937147
6439,62,12,-147.492844759646,12,-147.492844759646
6440,65,12,-153.92134393244743,12,-153.92134393244743
6441,90,12,-219.27143120512085,12,-219.27143120512085
6442,11,12,-84.63205382862074,1,-19.32560286376086
6443,95,12,-234.86374178545628,20,-232.40560631336535
6444,48,12,-121.50183715622016,6,-112.7805402942011
6445,58,12,-139.39301515084207,12,-139.39301515084207
6446,75,12,-177.53797429426584,12,-177.53797429426584
6447,1,12,-82.6035744145978,1,-6.9851980409108565
6448,72,12,-170.09956846271837,12,-170.09956846271837
6449,25,12,-93.14842757160632,3,-54.03884427687615
6450,30,12,-97.79392861672859,3,-68.71466132418306
6451,33,12,-100.9862386241835,6,-75.10271953333199
6452,87,12,-210.3194161813455,12,-210.3194161813455
6453,20,12,-89.34693764525149,3,-42.025104283182344
6454,49,12,-123.13930036828388,6,-115.78718783779036
6455,8,12,-83.66859579030925,1,-13.466492256876304
6456,64,12,-151.74483656681207,12,-151.74483656681207
6457,34,12,-102.11783014653936,6,-77.18136743158533
6458,30,12,-97.79392861672859,3,-68.71466132418306
6459,84,12,-201.67000297128635,12,-201.67000297128635
6460,37,12,-105.71503806602566,6,-83.78879668536612
6461,22,12,-90.76623443917929,3,-46.51097281076241
6462,61,12,-145.41736476856974,12,-145.41736476856974
6463,42,12,-112.38502871842148,6,-96.03901273050752
6464,48,12,-121.50183715622016,6,-112.7805402942011
6465,86,12,-207.4026530580665,12,-207.4026530580665
6466,20,12,-89.34693764525149,3,-42.025104283182344
6467,43,12,-113.8202034116098,6,-98.67466336494121
6468,7,12,-83.41503688796908,1,-11.923979800667436
6469,65,12,-153.92134393244743,12,-153.92134393244743
6470,45,12,-116.79171153665492,6,-104.13151192781399
6471,30,12,-97.79392861672859,3,-68.71466132418306
6472,12,12,-85.02079284439587,1,-21.68888886194659
6473,69,12,-162.96406455953235,12,-162.96406455953235
6474,56,12,-135.54521295910172,12,-135.54521295910172
6475,21,12,-90.03970135905276,3,-44.21475244382181
6476,69,12,-162.96406455953235,12,-162.96406455953235
6477,16,12,-86.91362107098472,1,-33.19107800413937
6478,43,12,-113.8202034116098,6,-98.67466336494121
6479,23,12,-91.52653465497364,3,-48.91374309468091
6480,40,12,-109.61584921025063,6,-90.95329633472858
6481,37,12,-105.71503806602566,6,-83.78879668536612
6482,48,12,-121.50183715622016,6,-112.7805402942011
6483,39,12,-108.28184885147208,6,-88.50324560744662
6484,38,12,-106.98157772725399,6,-86.11507655130762
6485,43,12,-113.8202034116098,6,-98.67466336494121
6486,48,12,-121.50183715622016,6,-112.7805402942011
6487,0,12,-82.58666666666669,1,-6.8822222222222225
6488,9,12,-83.95595306941537,1,-15.214321990937147
6489,15,12,-86.38973765322098,1,-30.008338880137654
6490,52,12,-128.2539228413562,6,-125.177939579655
6491,53,12,-130.0262005218131,6,-128.43176816621013
6492,4,12,-82.85717276709248,1,-8.529172688515441
6493,28,12,-95.83446470521845,3,-62.525063432602536
6494,35,12,-103.28316204691019,6,-79.32193460441326
6495,20,12,-89.34693764525149,3,-42.025104283182344
6496,6,12,-83.19527859488348,1,-10.586867266464079
6497,41,12,-110.98357657528959,6,-93.46522121489485
6498,31,12,-98.82428562999917,6,-71.1312116538696
6499,89,12,-216.25380747683084,12,-216.25380747683084
6500,80,12,-190.60826966535672,12,-190.60826966535672
6501,68,12,-160.6528851776278,12,-160.6528851776278
6502,13,12,-85.44332130828904,1,-24.257161856809045
6503,33,12,-100.9862386241835,6,-75.10271953333199
6504,17,12,-87.4712850103148,3,-36.095815994462484
6505,65,12,-153.92134393244743,12,-153.92134393244743
6506,89,12,-216.25380747683084,12,-216.25380747683084
6507,47,12,-119.89808312874094,6,-109.83570678670114
6508,86,12,-207.4026530580665,12,-207.4026530580665
6509,42,12,-112.38502871842148,6,-96.03901273050752
6510,22,12,-90.76623443917929,3,-46.51097281076241
6511,81,12,-193.3232515767758,12,-193.3232515767758
6512,67,12,-158.37537046268577,12,-158.37537046268577
6513,19,12,-88.68794552856191,3,-39.9420506223111
6514,46,12,-118.32804051309115,6,-106.95269482704867
6515,29,12,-96.79732089859871,3,-65.56666537455592
6516,68,12,-160.6528851776278,12,-160.6528851776278
6517,84,12,-201.67000297128635,12,-201.67000297128635
6518,30,12,-97.79392861672859,3,-68.71466132418306
6519,44,12,-115.28909842694712,6,-101.37216560238318
6520,79,12,-187.92692573545764,12,-187.92692573545764
6521,33,12,-100.9862386241835,6,-75.10271953333199
6522,4,12,-82.85717276709248,1,-8.529172688515441
6523,83,12,-198.854120452488,12,-198.854120452488
6524,37,12,-105.71503806602566,6,-83.78879668536612
6525,52,12,-128.2539228413562,6,-125.177939579655
6526,64,12,-151.74483656681207,12,-151.74483656681207
6527,17,12,-87.4712850103148,3,-36.095815994462484
6528,17,12,-87.4712850103148,3,-36.095815994462484
6529,39,12,-108.28184885147208,6,-88.50324560744662
6530,18,12,-88.0627272398999,3,-37.96561375881964
6531,5,12,-83.00932314367421,1,-9.455237327983067
6532,98,12,-244.6224017175923,20,-238.4808810119756
6533,3,12,-82.73882969802135,1,-7.808756080935194
6534,58,12,-139.39301515084207,12,-139.39301515084207
6535,0,12,-82.58666666666669,1,-6.8822222222222225
6536,35,12,-103.28316204691019,6,-79.32193460441326
6537,25,12,-93.14842757160632,3,-54.03884427687615
6538,84,12,-201.67000297128635,12,-201.67000297128635
6539,93,12,-228.5259880514485,20,-228.46014739973276
6540,65,12,-153.92134393244743,12,-153.92134393244743
6541,14,12,-85.8996369884651,1,-27.0303393518663
6542,44,12,-115.28909842694712,6,-101.37216560238318
6543,4,12,-82.85717276709248,1,-8.529172688515441
6544,70,12,-165.30890638391594,12,-165.30890638391594
6545,17,12,-87.4712850103148,3,-36.095815994462484
6546,93,12,-228.5259880514485,20,-228.46014739973276
6547,61,12,-145.41736476856974,12,-145.41736476856974
6548,56,12,-135.54521295910172,12,-135.54521295910172
6549,1,12,-82.6035744145978,1,-6.9851980409108565
6550,16,12,-86.91362107098472,1,-33.19107800413937
6551,66,12,-156.13152263937536,12,-156.13152263937536
6552,78,12,-185.27922201012348,12,-185.27922201012348
6553,49,12,-123.13930036828388,6,-115.78718783779036
6554,24,12,-92.32059977591312,3,-51.42304101039932
6555,69,12,-162.96406455953235,12,-162.96406455953235
6556,21,12,-90.03970135905276,3,-44.21475244382181
6557,8,12,-83.66859579030925,1,-13.466492256876304
6558,72,12,-170.09956846271837,12,-170.09956846271837
6559,33,12,-100.9862386241835,6,-75.10271953333199
6560,69,12,-162.96406455953235,12,-162.96406455953235
6561,96,12,-238.08302673965238,20,-234.40975389635224
6562,0,12,-82.58666666666669,1,-6.8822222222222225
6563,43,12,-113.8202034116098,6,-98.67466336494121
6564,6,12,-83.19527859488348,1,-10.586867266464079
6565,14,12,-85.8996369884651,1,-27.0303393518663
6566,37,12,-105.71503806602566,6,-83.78879668536612
6567,92,12,-225.4075237139973,12,-225.4075237139973
6568,80,12,-190.60826966535672,12,-190.60826966535672
6569,53,12,-130.0262005218131,6,-128.43176816621013
6570,29,12,-96.79732089859871,3,-65.56666537455592
6571,82,12,-196.07186924674602,12,-196.07186924674602
6572,93,12,-228.5259880514485,20,-228.46014739973276
6573,3,12,-82.73882969802135,1,-7.808756080935194
6574,74,12,-175.02485362057575,12,-175.02485362057575
6575,41,12,-110.98357657528959,6,-93.46522121489485
6576,39,12,-108.28184885147208,6,-88.50324560744662
6577,96,12,-238.08302673965238,20,-234.40975389635224
6578,32,12,-99.88838970893231,6,-73.08599843278336
6579,28,12,-95.83446470521845,3,-62.525063432602536
6580,14,12,-85.8996369884651,1,-27.0303393518663
6581,95,12,-234.86374178545628,20,-232.40560631336535
6582,98,12,-244.6224017175923,20,-238.4808810119756
6583,62,12,-147.492844759646,12,-147.492844759646
6584,61,12,-145.41736476856974,12,-145.41736476856974
6585,99,12,-247.94248729970576,20,-240.54785882360903
6586,67,12,-158.37537046268577,12,-158.37537046268577
6587,13,12,-85.44332130828904,1,-24.257161856809045
6588,18,12,-88.0627272398999,3,-37.96561375881964
6589,81,12,-193.3232515767758,12,-193.3232515767758
6590,61,12,-145.41736476856974,12,-145.41736476856974
6591,34,12,-102.11783014653936,6,-77.18136743158533
6592,98,12,-244.6224017175923,20,-238.4808810119756
6593,83,12,-198.854120452488,12,-198.854120452488
6594,68,12,-160.6528851776278,12,-160.6528851776278
6595,75,12,-177.53797429426584,12,-177.53797429426584
6596,21,12,-90.03970135905276,3,-44.21475244382181
6597,3,12,-82.73882969802135,1,-7.808756080935194
6598,34,12,-102.11783014653936,6,-77.18136743158533
6599,83,12,-198.854120452488,12,-198.854120452488
6600,90,12,-219.27143120512085,12,-219.27143120512085
6601,72,12,-170.09956846271837,12,-170.09956846271837
6602,78,12,-185.27922201012348,12,-185.27922201012348
6603,35,12,-103.28316204691019,6,-79.32193460441326
6604,76,12,-180.08474406613544,12,-180.08474406613544
6605,81,12,-193.3232515767758,12,-193.3232515767758
6606,87,12,-210.3194161813455,12,-210.3194161813455
6607,81,12,-193.3232515767758,12,-193.3232515767758
6608,96,12,-238.08302673965238,20,-234.40975389635224
6609,49,12,-123.13930036828388,6,-115.78718783779036
6610,11,12,-84.63205382862074,1,-19.32560286376086
6611,66,12,-156.13152263937536,12,-156.13152263937536
6612,22,12,-90.76623443917929,3,-46.51097281076241
6613,68,12,-160.6528851776278,12,-160.6528851776278
6614,41,12,-110.98357657528959,6,-93.46522121489485
6615,42,12,-112.38502871842148,6,-96.03901273050752
6616,15,12,-86.38973765322098,1,-30.008338880137654
6617,59,12,-141.367447738551,12,-141.367447738551
6618,60,12,-143.3755650196889,12,-143.3755650196889
6619,81,12,-193.3232515767758,12,-193.3232515767758
6620,77,12,-182.66516071256729,12,-182.66516071256729
6621,95,12,-234.86374178545628,20,-232.40560631336535
6622,99,12,-247.94248729970576,20,-240.54785882360903
6623,3,12,-82.73882969802135,1,-7.808756080935194
6624,45,12,-116.79171153665492,6,-104.13151192781399
6625,25,12,-93.14842757160632,3,-54.03884427687615
6626,51,12,-126.51534543777501,6,-121.9858949902555
6627,28,12,-95.83446470521845,3,-62.525063432602536
6628,82,12,-196.07186924674602,12,-196.07186924674602
6629,95,12,-234.86374178545628,20,-232.40560631336535
6630,23,12,-91.52653465497364,3,-48.91374309468091
6631,10,12,-84.27710649292833,1,-17.167386388250772
6632,13,12,-85.44332130828904,1,-24.257161856809045
6633,77,12,-182.66516071256729,12,-182.66516071256729
6634,13,12,-85.44332130828904,1,-24.257161856809045
6635,83,12,-198.854120452488,12,-198.854120452488
6636,65,12,-153.92134393244743,12,-153.92134393244743
6637,3,12,-82.73882969802135,1,-7.808756080935194
6638,12,12,-85.02079284439587,1,-21.68888886194659
6639,8,12,-83.66859579030925,1,-13.466492256876304
6640,10,12,-84.27710649292833,1,-17.167386388250772
6641,6,12,-83.19527859488348,1,-10.586867266464079
6642,52,12,-128.2539228413562,6,-125.177939579655
6643,31,12,-98.82428562999917,6,-71.1312116538696
6644,43,12,-113.8202034116098,6,-98.67466336494121
6645,95,12,-234.86374178545628,20,-232.40560631336535
6646,21,12,-90.03970135905276,3,-44.21475244382181
6647,13,12,-85.44332130828904,1,-24.257161856809045
6648,71,12,-167.68740842638795,12,-167.68740842638795
6649,45,12,-116.79171153665492,6,-104.13151192781399
6650,28,12,-95.83446470521845,3,-62.525063432602536
6651,82,12,-196.07186924674602,12,-196.07186924674602
6652,29,12,-96.79732089859871,3,-65.56666537455592
6653,61,12,-145.41736476856974,12,-145.41736476856974
6654,26,12,-94.01001581178649,3,-56.76113061721671
6655,50,12,-124.81047053779731,6,-118.85564190652914
6656,15,12,-86.38973765322098,1,-30.008338880137654
6657,46,12,-118.32804051309115,6,-106.95269482704867
6658,65,12,-153.92134393244743,12,-153.92134393244743
6659,51,12,-126.51534543777501,6,-121.9858949902555
6660,25,12,-93.14842757160632,3,-54.03884427687615
6661,18,12,-88.0627272398999,3,-37.96561375881964
6662,39,12,-108.28184885147208,6,-88.50324560744662
6663,48,12,-121.50183715622016,6,-112.7805402942011
6664,45,12,-116.79171153665492,6,-104.13151192781399
6665,22,12,-90.76623443917929,3,-46.51097281076241
6666,27,12,-94.90536226632408,3,-59.5898777586643
6667,75,12,-177.53797429426584,12,-177.53797429426584
6668,44,12,-115.28909842694712,6,-101.37216560238318
6669,38,12,-106.98157772725399,6,-86.11507655130762
6670,0,12,-82.58666666666669,1,-6.8822222222222225
6671,9,12,-83.95595306941537,1,-15.214321990937147
6672,22,12,-90.76623443917929,3,-46.51097281076241
6673,69,12,-162.96406455953235,12,-162.96406455953235
6674,23,12,-91.52653465497364,3,-48.91374309468091
6675,70,12,-165.30890638391594,12,-165.30890638391594
6676,86,12,-207.4026530580665,12,-207.4026530580665
6677,87,12,-210.3194161813455,12,-210.3194161813455
6678,65,12,-153.92134393244743,12,-153.92134393244743
6679,55,12,-133.67184780709107,12,-133.67184780709107
6680,55,12,-133.67184780709107,12,-133.67184780709107
6681,26,12,-94.01001581178649,3,-56.76113061721671
6682,31,12,-98.82428562999917,6,-71.1312116538696
6683,19,12,-88.68794552856191,3,-39.9420506223111
6684,61,12,-145.41736476856974,12,-145.41736476856974
6685,25,12,-93.14842757160632,3,-54.03884427687615
6686,71,12,-167.68740842638795,12,-167.68740842638795
6687,11,12,-84.63205382862074,1,-19.32560286376086
6688,57,12,-137.45226948237894,12,-137.45226948237894
6689,55,12,-133.67184780709107,12,-133.67184780709107
6690,17,12,-87.4712850103148,3,-36.095815994462484
6691,54,12,-131.832176252549,6,-131.7473732422173
6692,0,12,-82.58666666666669,1,-6.8822222222222225
6693,11,12,-84.63205382862074,1,-19.32560286376086
6694,36,12,-104.48223209634578,6,-81.52441352950547
6695,99,12,-247.94248729970576,20,-240.54785882360903
6696,77,12,-182.66516071256729,12,-182.66516071256729
6697,8,12,-83.66859579030925,1,-13.466492256876304
6698,63,12,-149.60200276748782,12,-149.60200276748782
6699,10,12,-84.27710649292833,1,-17.167386388250772
6700,89,12,-216.25380747683084,12,-216.25380747683084
6701,9,12,-83.95595306941537,1,-15.214321990937147
6702,84,12,-201.67000297128635,12,-201.67000297128635
6703,4,12,-82.85717276709248,1,-8.529172688515441
6704,59,12,-141.367447738551,12,-141.367447738551
6705,39,12,-108.28184885147208,6,-88.50324560744662
6706,80,12,-190.60826966535672,12,-190.60826966535672
6707,82,12,-196.07186924674602,12,-196.07186924674602
6708,78,12,-185.27922201012348,12,-185.27922201012348
6709,87,12,-210.3194161813455,12,-210.3194161813455
6710,52,12,-128.2539228413562,6,-125.177939579655
6711,99,12,-247.94248729970576,20,-240.54785882360903
6712,48,12,-121.50183715622016,6,-112.7805402942011
6713,30,12,-97.79392861672859,3,-68.71466132418306
6714,3,12,-82.73882969802135,1,-7.808756080935194
6715,10,12,-84.27710649292833,1,-17.167386388250772
6716,32,12,-99.88838970893231,6,-73.08599843278336
6717,21,12,-90.03970135905276,3,-44.21475244382181
6718,41,12,-110.98357657528959,6,-93.46522121489485
6719,97,12,-241.33591412399238,20,-236.43484574939123
6720,18,12,-88.0627272398999,3,-37.96561375881964
6721,97,12,-241.33591412399238,20,-236.43484574939123
6722,51,12,-126.51534543777501,6,-121.9858949902555
6723,76,12,-180.08474406613544,12,-180.08474406613544
6724,63,12,-149.60200276748782,12,-149.60200276748782
6725,52,12,-128.2539228413562,6,-125.177939579655
6726,66,12,-156.13152263937536,12,-156.13152263937536
6727,89,12,-216.25380747683084,12,-216.25380747683084
6728,94,12,-231.6780614823333,20,-230.42240386096492
6729,51,12,-126.51534543777501,6,-121.9858949902555
6730,92,12,-225.4075237139973,12,-225.4075237139973
6731,41,12,-110.98357657528959,6,-93.46522121489485
6732,17,12,-87.4712850103148,3,-36.095815994462484
6733,14,12,-85.8996369884651,1,-27.0303393518663
6734,59,12,-141.367447738551,12,-141.367447738551
6735,60,12,-143.3755650196889,12,-143.3755650196889
6736,13,12,-85.44332130828904,1,-24.257161856809045
6737,97,12,-241.33591412399238,20,-236.43484574939123
6738,22,12,-90.76623443917929,3,-46.51097281076241
6739,61,12,-145.41736476856974,12,-145.41736476856974
6740,88,12,-213.26980172825859,12,-213.26980172825859
6741,30,12,-97.79392861672859,3,-68.71466132418306
6742,10,12,-84.27710649292833,1,-17.167386388250772
6743,3,12,-82.73882969802135,1,-7.808756080935194
6744,31,12,-98.82428562999917,6,-71.1312116538696
6745,32,12,-99.88838970893231,6,-73.08599843278336
6746,13,12,-85.44332130828904,1,-24.257161856809045
6747,49,12,-123.13930036828388,6,-115.78718783779036
6748,39,12,-108.28184885147208,6,-88.50324560744662
6749,0,12,-82.58666666666669,1,-6.8822222222222225
6750,24,12,-92.32059977591312,3,-51.42304101039932
6751,84,12,-201.67000297128635,12,-201.67000297128635
6752,43,12,-113.8202034116098,6,-98.67466336494121
6753,90,12,-219.27143120512085,12,-219.27143120512085
6754,91,12,-222.3226706914009,12,-222.3226706914009
6755,87,12,-210.3194161813455,12,-210.3194161813455
6756,90,12,-219.27143120512085,12,-219.27143120512085
6757,73,12,-172.54538426876832,12,-172.54538426876832
6758,97,12,-241.33591412399238,20,-236.43484574939123
6759,90,12,-219.27143120512085,12,-219.27143120512085
6760,41,12,-110.98357657528959,6,-93.46522121489485
6761,31,12,-98.82428562999917,6,-71.1312116538696
6762,40,12,-109.61584921025063,6,-90.95329633472858
6763,95,12,-234.86374178545628,20,-232.40560631336535
6764,8,12,-83.66859579030925,1,-13.466492256876304
6765,49,12,-123.13930036828388,6,-115.78718783779036
6766,36,12,-104.48223209634578,6,-81.52441352950547
6767,81,12,-193.3232515767758,12,-193.3232515767758
6768,94,12,-231.6780614823333,20,-230.42240386096492
6769,1,12,-82.6035744145978,1,-6.9851980409108565
6770,58,12,-139.39301515084207,12,-139.39301515084207
6771,29,12,-96.79732089859871,3,-65.56666537455592
6772,80,12,-190.60826966535672,12,-190.60826966535672
6773,84,12,-201.67000297128635,12,-201.67000297128635
6774,8,12,-83.66859579030925,1,-13.466492256876304
6775,36,12,-104.48223209634578,6,-81.52441352950547
6776,93,12,-228.5259880514485,20,-228.46014739973276
6777,59,12,-141.367447738551,12,-141.367447738551
6778,15,12,-86.38973765322098,1,-30.008338880137654
6779,13,12,-85.44332130828904,1,-24.257161856809045
6780,25,12,-93.14842757160632,3,-54.03884427687615
6781,80,12,-190.60826966535672,12,-190.60826966535672
6782,50,12,-124.81047053779731,6,-118.85564190652914
6783,11,12,-84.63205382862074,1,-19.32560286376086
6784,46,12,-118.32804051309115,6,-106.95269482704867
6785,2,12,-82.65429616947476,1,-7.294070267709967
6786,33,12,-100.9862386241835,6,-75.10271953333199
6787,92,12,-225.4075237139973,12,-225.4075237139973
6788,90,12,-219.27143120512085,12,-219.27143120512085
6789,41,12,-110.98357657528959,6,-93.46522121489485
6790,1,12,-82.6035744145978,1,-6.9851980409108565
6791,26,12,-94.01001581178649,3,-56.76113061721671
6792,72,12,-170.09956846271837,12,-170.09956846271837
6793,83,12,-198.854120452488,12,-198.854120452488
6794,27,12,-94.90536226632408,3,-59.5898777586643
6795,99,12,-247.94248729970576,20,-240.54785882360903
6796,22,12,-90.76623443917929,3,-46.51097281076241
6797,89,12,-216.25380747683084,12,-216.25380747683084
6798,88,12,-213.26980172825859,12,-213.26980172825859
6799,84,12,-201.67000297128635,12,-201.67000297128635
6800,36,12,-104.48223209634578,6,-81.52441352950547
6801,24,12,-92.32059977591312,3,-51.42304101039932
6802,30,12,-97.79392861672859,3,-68.71466132418306
6803,12,12,-85.02079284439587,1,-21.68888886194659
6804,52,12,-128.2539228413562,6,-125.177939579655
6805,56,12,-135.54521295910172,12,-135.54521295910172
6806,92,12,-225.4075237139973,12,-225.4075237139973
6807,68,12,-160.6528851776278,12,-160.6528851776278
6808,65,12,-153.92134393244743,12,-153.92134393244743
6809,69,12,-162.96406455953235,12,-162.96406455953235
6810,44,12,-115.28909842694712,6,-101.37216560238318
6811,85,12,-204.51951458063076,12,-204.51951458063076
6812,24,12,-92.32059977591312,3,-51.42304101039932
6813,8,12,-83.66859579030925,1,-13.466492256876304
6814,30,12,-97.79392861672859,3,-68.71466132418306
6815,32,12,-99.88838970893231,6,-73.08599843278336
6816,85,12,-204.51951458063076,12,-204.51951458063076
6817,67,12,-158.37537046268577,12,-158.37537046268577
6818,57,12,-137.45226948237894,12,-137.45226948237894
6819,84,12,-201.67000297128635,12,-201.67000297128635
6820,81,12,-193.3232515767758,12,-193.3232515767758
6821,17,12,-87.4712850103148,3,-36.095815994462484
6822,75,12,-177.53797429426584,12,-177.53797429426584
6823,18,12,-88.0627272398999,3,-37.96561375881964
6824,35,12,-103.28316204691019,6,-79.32193460441326
6825,58,12,-139.39301515084207,12,-139.39301515084207
6826,85,12,-204.51951458063076,12,-204.51951458063076
6827,43,12,-113.8202034116098,6,-98.67466336494121
6828,63,12,-149.60200276748782,12,-149.60200276748782
6829,98,12,-244.6224017175923,20,-238.4808810119756
6830,97,12,-241.33591412399238,20,-236.43484574939123
6831,73,12,-172.54538426876832,12,-172.54538426876832
6832,27,12,-94.90536226632408,3,-59.5898777586643
6833,87,12,-210.3194161813455,12,-210.3194161813455
6834,63,12,-149.60200276748782,12,-149.60200276748782
6835,51,12,-126.51534543777501,6,-121.9858949902555
6836,59,12,-141.367447738551,12,-141.367447738551
6837,36,12,-104.48223209634578,6,-81.52441352950547
6838,48,12,-121.50183715622016,6,-112.7805402942011
6839,97,12,-241.33591412399238,20,-236.43484574939123
6840,11,12,-84.63205382862074,1,-19.32560286376086
6841,72,12,-170.09956846271837,12,-170.09956846271837
6842,93,12,-228.5259880514485,20,-228.46014739973276
6843,33,12,-100.9862386241835,6,-75.10271953333199
6844,47,12,-119.89808312874094,6,-109.83570678670114
6845,14,12,-85.8996369884651,1,-27.0303393518663
6846,94,12,-231.6780614823333,20,-230.42240386096492
6847,31,12,-98.82428562999917,6,-71.1312116538696
6848,87,12,-210.3194161813455,12,-210.3194161813455
6849,63,12,-149.60200276748782,12,-149.60200276748782
6850,43,12,-113.8202034116098,6,-98.67466336494121
6851,21,12,-90.03970135905276,3,-44.21475244382181
6852,2,12,-82.65429616947476,1,-7.294070267709967
6853,26,12,-94.01001581178649,3,-56.76113061721671
6854,9,12,-83.95595306941537,1,-15.214321990937147
6855,1,12,-82.6035744145978,1,-6.9851980409108565
6856,56,12,-135.54521295910172,12,-135.54521295910172
6857,67,12,-158.37537046268577,12,-158.37537046268577
6858,81,12,-193.3232515767758,12,-193.3232515767758
6859,1,12,-82.6035744145978,1,-6.9851980409108565
6860,30,12,-97.79392861672859,3,-68.71466132418306
6861,34,12,-102.11783014653936,6,-77.18136743158533
6862,97,12,-241.33591412399238,20,-236.43484574939123
6863,47,12,-119.89808312874094,6,-109.83570678670114
6864,48,12,-121.50183715622016,6,-112.7805402942011
6865,10,12,-84.27710649292833,1,-17.167386388250772
6866,6,12,-83.19527859488348,1,-10.586867266464079
6867,5,12,-83.00932314367421,1,-9.455237327983067
6868,42,12,-112.38502871842148,6,-96.03901273050752
6869,70,12,-165.30890638391594,12,-165.30890638391594
6870,38,12,-106.98157772725399,6,-86.11507655130762
6871,5,12,-83.00932314367421,1,-9.455237327983067
6872,60,12,-143.3755650196889,12,-143.3755650196889
6873,30,12,-97.79392861672859,3,-68.71466132418306
6874,59,12,-141.367447738551,12,-141.367447738551
6875,8,12,-83.66859579030925,1,-13.466492256876304
6876,63,12,-149.60200276748782,12,-149.60200276748782
6877,81,12,-193.3232515767758,12,-193.3232515767758
6878,86,12,-207.4026530580665,12,-207.4026530580665
6879,3,12,-82.73882969802135,1,-7.808756080935194
6880,15,12,-86.38973765322098,1,-30.008338880137654
6881,94,12,-231.6780614823333,20,-230.42240386096492
6882,6,12,-83.19527859488348,1,-10.586867266464079
6883,93,12,-228.5259880514485,20,-228.46014739973276
6884,22,12,-90.76623443917929,3,-46.51097281076241
6885,10,12,-84.27710649292833,1,-17.167386388250772
6886,28,12,-95.83446470521845,3,-62.525063432602536
6887,7,12,-83.41503688796908,1,-11.923979800667436
6888,91,12,-222.3226706914009,12,-222.3226706914009
6889,83,12,-198.854120452488,12,-198.854120452488
6890,2,12,-82.65429616947476,1,-7.294070267709967
6891,71,12,-167.68740842638795,12,-167.68740842638795
6892,76,12,-180.08474406613544,12,-180.08474406613544
6893,51,12,-126.51534543777501,6,-121.9858949902555
6894,19,12,-88.68794552856191,3,-39.9420506223111
6895,94,12,-231.6780614823333,20,-230.42240386096492
6896,30,12,-97.79392861672859,3,-68.71466132418306
6897,27,12,-94.90536226632408,3,-59.5898777586643
6898,15,12,-86.38973765322098,1,-30.008338880137654
6899,47,12,-119.89808312874094,6,-109.83570678670114
6900,23,12,-91.52653465497364,3,-48.91374309468091
6901,58,12,-139.39301515084207,12,-139.39301515084207
6902,94,12,-231.6780614823333,20,-230.42240386096492
6903,83,12,-198.854120452488,12,-198.854120452488
6904,8,12,-83.66859579030925,1,-13.466492256876304
6905,13,12,-85.44332130828904,1,-24.257161856809045
6906,38,12,-106.98157772725399,6,-86.11507655130762
6907,38,12,-106.98157772725399,6,-86.11507655130762
6908,2,12,-82.65429616947476,1,-7.294070267709967
6909,42,12,-112.38502871842148,6,-96.03901273050752
6910,51,12,-126.51534543777501,6,-121.9858949902555
6911,68,12,-160.6528851776278,12,-160.6528851776278
6912,38,12,-106.98157772725399,6,-86.11507655130762
6913,69,12,-162.96406455953235,12,-162.96406455953235
6914,59,12,-141.367447738551,12,-141.367447738551
6915,63,12,-149.60200276748782,12,-149.60200276748782
6916,53,12,-130.0262005218131,6,-128.43176816621013
6917,62,12,-147.492844759646,12,-147.492844759646
6918,33,12,-100.9862386241835,6,-75.10271953333199
6919,88,12,-213.26980172825859,12,-213.26980172825859
6920,92,12,-225.4075237139973,12,-225.4075237139973
6921,85,12,-204.51951458063076,12,-204.51951458063076
6922,44,12,-115.28909842694712,6,-101.37216560238318
6923,14,12,-85.8996369884651,1,-27.0303393518663
6924,68,12,-160.6528851776278,12,-160.6528851776278
6925,81,12,-193.3232515767758,12,-193.3232515767758
6926,79,12,-187.92692573545764,12,-187.92692573545764
6927,25,12,-93.14842757160632,3,-54.03884427687615
6928,63,12,-149.60200276748782,12,-149.60200276748782
6929,36,12,-104.48223209634578,6,-81.52441352950547
6930,12,12,-85.02079284439587,1,-21.68888886194659
6931,38,12,-106.98157772725399,6,-86.11507655130762
6932,59,12,-141.367447738551,12,-141.367447738551
6933,93,12,-228.5259880514485,20,-228.46014739973276
6934,30,12,-97.79392861672859,3,-68.71466132418306
6935,98,12,-244.6224017175923,20,-238.4808810119756
6936,83,12,-198.854120452488,12,-198.854120452488
6937,83,12,-198.854120452488,12,-198.854120452488
6938,31,12,-98.82428562999917,6,-71.1312116538696
6939,75,12,-177.53797429426584,12,-177.53797429426584
6940,7,12,-83.41503688796908,1,-11.923979800667436
6941,69,12,-162.96406455953235,12,-162.96406455953235
6942,77,12,-182.66516071256729,12,-182.66516071256729
6943,62,12,-147.492844759646,12,-147.492844759646
6944,98,12,-244.6224017175923,20,-238.4808810119756
6945,46,12,-118.32804051309115,6,-106.95269482704867
6946,32,12,-99.88838970893231,6,-73.08599843278336
6947,32,12,-99.88838970893231,6,-73.08599843278336
6948,28,12,-95.83446470521845,3,-62.525063432602536
6949,12,12,-85.02079284439587,1,-21.68888886194659
6950,93,12,-228.5259880514485,20,-228.46014739973276
6951,74,12,-175.02485362057575,12,-175.02485362057575
6952,55,12,-133.67184780709107,12,-133.67184780709107
6953,73,12,-172.54538426876832,12,-172.54538426876832
6954,49,12,-123.13930036828388,6,-115.78718783779036
6955,19,12,-88.68794552856191,3,-39.9420506223111
6956,86,12,-207.4026530580665,12,-207.4026530580665
6957,23,12,-91.52653465497364,3,-48.91374309468091
6958,30,12,-97.79392861672859,3,-68.71466132418306
6959,60,12,-143.3755650196889,12,-143.3755650196889
6960,52,12,-128.2539228413562,6,-125.177939579655
6961,13,12,-85.44332130828904,1,-24.257161856809045
6962,31,12,-98.82428562999917,6,-71.1312116538696
6963,58,12,-139.39301515084207,12,-139.39301515084207
6964,16,12,-86.91362107098472,1,-33.19107800413937
6965,18,12,-88.0627272398999,3,-37.96561375881964
6966,1,12,-82.6035744145978,1,-6.9851980409108565
6967,15,12,-86.38973765322098,1,-30.008338880137654
6968,32,12,-99.88838970893231,6,-73.08599843278336
6969,78,12,-185.27922201012348,12,-185.27922201012348
6970,73,12,-172.54538426876832,12,-172.54538426876832
6971,6,12,-83.19527859488348,1,-10.586867266464079
6972,67,12,-158.37537046268577,12,-158.37537046268577
6973,70,12,-165.30890638391594,12,-165.30890638391594
6974,79,12,-187.92692573545764,12,-187.92692573545764
6975,93,12,-228.5259880514485,20,-228.46014739973276
6976,85,12,-204.51951458063076,12,-204.51951458063076
6977,51,12,-126.51534543777501,6,-121.9858949902555
6978,74,12,-175.02485362057575,12,-175.02485362057575
6979,58,12,-139.39301515084207,12,-139.39301515084207
6980,77,12,-182.66516071256729,12,-182.66516071256729
6981,91,12,-222.3226706914009,12,-222.3226706914009
6982,26,12,-94.01001581178649,3,-56.76113061721671
6983,26,12,-94.01001581178649,3,-56.76113061721671
6984,68,12,-160.6528851776278,12,-160.6528851776278
6985,59,12,-141.367447738551,12,-141.367447738551
6986,29,12,-96.79732089859871,3,-65.56666537455592
6987,48,12,-121.50183715622016,6,-112.7805402942011
6988,92,12,-225.4075237139973,12,-225.4075237139973
6989,61,12,-145.41736476856974,12,-145.41736476856974
6990,60,12,-143.3755650196889,12,-143.3755650196889
6991,15,12,-86.38973765322098,1,-30.008338880137654
6992,91,12,-222.3226706914009,12,-222.3226706914009
6993,40,12,-109.61584921025063,6,-90.95329633472858
6994,32,12,-99.88838970893231,6,-73.08599843278336
6995,45,12,-116.79171153665492,6,-104.13151192781399
6996,14,12,-85.8996369884651,1,-27.0303393518663
6997,68,12,-160.6528851776278,12,-160.6528851776278
6998,89,12,-216.25380747683084,12,-216.25380747683084
6999,96,12,-238.08302673965238,20,-234.40975389635224
7000,12,12,-85.02079284439587,1,-21.68888886194659
7001,44,12,-115.28909842694712,6,-101.37216560238318
7002,59,12,-141.367447738551,12,-141.367447738551
7003,42,12,-112.38502871842148,6,-96.03901273050752
7004,63,12,-149.60200276748782,12,-149.60200276748782
7005,52,12,-128.2539228413562,6,-125.177939579655
7006,13,12,-85.44332130828904,1,-24.257161856809045
7007,52,12,-128.2539228413562,6,-125.177939579655
7008,50,12,-124.81047053779731,6,-118.85564190652914
7009,50,12,-124.81047053779731,6,-118.85564190652914
7010,69,12,-162.96406455953235,12,-162.96406455953235
7011,87,12,-210.3194161813455,12,-210.3194161813455
7012,94,12,-231.6780614823333,20,-230.42240386096492
7013,92,12,-225.4075237139973,12,-225.4075237139973
7014,54,12,-131.832176252549,6,-131.7473732422173
7015,85,12,-204.51951458063076,12,-204.51951458063076
7016,83,12,-198.854120452488,12,-198.854120452488
7017,88,12,-213.26980172825859,12,-213.26980172825859
7018,47,12,-119.89808312874094,6,-109.83570678670114
7019,87,12,-210.3194161813455,12,-210.3194161813455
7020,45,12,-116.79171153665492,6,-104.13151192781399
7021,62,12,-147.492844759646,12,-147.492844759646
7022,10,12,-84.27710649292833,1,-17.167386388250772
7023,94,12,-231.6780614823333,20,-230.42240386096492
7024,96,12,-238.08302673965238,20,-234.40975389635224
7025,85,12,-204.51951458063076,12,-204.51951458063076
7026,54,12,-131.832176252549,6,-131.7473732422173
7027,94,12,-231.6780614823333,20,-230.42240386096492
7028,6,12,-83.19527859488348,1,-10.586867266464079
7029,25,12,-93.14842757160632,3,-54.03884427687615
7030,5,12,-83.00932314367421,1,-9.455237327983067
7031,55,12,-133.67184780709107,12,-133.67184780709107
7032,95,12,-234.86374178545628,20,-232.40560631336535
7033,47,12,-119.89808312874094,6,-109.83570678670114
7034,27,12,-94.90536226632408,3,-59.5898777586643
7035,89,12,-216.25380747683084,12,-216.25380747683084
7036,33,12,-100.9862386241835,6,-75.10271953333199
7037,91,12,-222.3226706914009,12,-222.3226706914009
7038,16,12,-86.91362107098472,1,-33.19107800413937
7039,16,12,-86.91362107098472,1,-33.19107800413937
7040,79,12,-187.92692573545764,12,-187.92692573545764
7041,94,12,-231.6780614823333,20,-230.42240386096492
7042,34,12,-102.11783014653936,6,-77.18136743158533
7043,59,12,-141.367447738551,12,-141.367447738551
7044,69,12,-162.96406455953235,12,-162.96406455953235
7045,72,12,-170.09956846271837,12,-170.09956846271837
7046,16,12,-86.91362107098472,1,-33.19107800413937
7047,51,12,-126.51534543777501,6,-121.9858949902555
7048,92,12,-225.4075237139973,12,-225.4075237139973
7049,5,12,-83.00932314367421,1,-9.455237327983067
7050,0,12,-82.58666666666669,1,-6.8822222222222225
7051,83,12,-198.854120452488,12,-198.854120452488
7052,23,12,-91.52653465497364,3,-48.91374309468091
7053,30,12,-97.79392861672859,3,-68.71466132418306
7054,38,12,-106.98157772725399,6,-86.11507655130762
7055,40,12,-109.61584921025063,6,-90.95329633472858
7056,98,12,-244.6224017175923,20,-238.4808810119756
7057,81,12,-193.3232515767758,12,-193.3232515767758
7058,15,12,-86.38973765322098,1,-30.008338880137654
7059,74,12,-175.02485362057575,12,-175.02485362057575
7060,18,12,-88.0627272398999,3,-37.96561375881964
7061,27,12,-94.90536226632408,3,-59.5898777586643
7062,51,12,-126.51534543777501,6,-121.9858949902555
7063,42,12,-112.38502871842148,6,-96.03901273050752
7064,78,12,-185.27922201012348,12,-185.27922201012348
7065,47,12,-119.89808312874094,6,-109.83570678670114
7066,81,12,-193.3232515767758,12,-193.3232515767758
7067,41,12,-110.98357657528959,6,-93.46522121489485
7068,3,12,-82.73882969802135,1,-7.808756080935194
7069,25,12,-93.14842757160632,3,-54.03884427687615
7070,88,12,-213.26980172825859,12,-213.26980172825859
7071,95,12,-234.86374178545628,20,-232.40560631336535
7072,87,12,-210.3194161813455,12,-210.3194161813455
7073,79,12,-187.92692573545764,12,-187.92692573545764
7074,21,12,-90.03970135905276,3,-44.21475244382181
7075,60,12,-143.3755650196889,12,-143.3755650196889
7076,29,12,-96.79732089859871,3,-65.56666537455592
7077,22,12,-90.76623443917929,3,-46.51097281076241
7078,24,12,-92.32059977591312,3,-51.42304101039932
7079,67,12,-158.37537046268577,12,-158.37537046268577
7080,9,12,-83.95595306941537,1,-15.214321990937147
7081,38,12,-106.98157772725399,6,-86.11507655130762
7082,64,12,-151.74483656681207,12,-151.74483656681207
7083,79,12,-187.92692573545764,12,-187.92692573545764
7084,14,12,-85.8996369884651,1,-27.0303393518663
7085,69,12,-162.96406455953235,12,-162.96406455953235
7086,81,12,-193.3232515767758,12,-193.3232515767758
7087,58,12,-139.39301515084207,12,-139.39301515084207
7088,67,12,-158.37537046268577,12,-158.37537046268577
7089,83,12,-198.854120452488,12,-198.854120452488
7090,82,12,-196.07186924674602,12,-196.07186924674602
7091,49,12,-123.13930036828388,6,-115.78718783779036
7092,1,12,-82.6035744145978,1,-6.9851980409108565
7093,7,12,-83.41503688796908,1,-11.923979800667436
7094,8,12,-83.66859579030925,1,-13.466492256876304
7095,31,12,-98.82428562999917,6,-71.1312116538696
7096,14,12,-85.8996369884651,1,-27.0303393518663
7097,78,12,-185.27922201012348,12,-185.27922201012348
7098,20,12,-89.34693764525149,3,-42.025104283182344
7099,18,12,-88.0627272398999,3,-37.96561375881964
7100,35,12,-103.28316204691019,6,-79.32193460441326
7101,44,12,-115.28909842694712,6,-101.37216560238318
7102,31,12,-98.82428562999917,6,-71.1312116538696
7103,65,12,-153.92134393244743,12,-153.92134393244743
7104,90,12,-219.27143120512085,12,-219.27143120512085
7105,24,12,-92.32059977591312,3,-51.42304101039932
7106,38,12,-106.98157772725399,6,-86.11507655130762
7107,41,12,-110.98357657528959,6,-93.46522121489485
7108,95,12,-234.86374178545628,20,-232.40560631336535
7109,56,12,-135.54521295910172,12,-135.54521295910172
7110,75,12,-177.53797429426584,12,-177.53797429426584
7111,59,12,-141.367447738551,12,-141.367447738551
7112,35,12,-103.28316204691019,6,-79.32193460441326
7113,75,12,-177.53797429426584,12,-177.53797429426584
7114,47,12,-119.89808312874094,6,-109.83570678670114
7115,49,12,-123.13930036828388,6,-115.78718783779036
7116,29,12,-96.79732089859871,3,-65.56666537455592
7117,50,12,-124.81047053779731,6,-118.85564190652914
7118,10,12,-84.27710649292833,1,-17.167386388250772
7119,42,12,-112.38502871842148,6,-96.03901273050752
7120,26,12,-94.01001581178649,3,-56.76113061721671
7121,75,12,-177.53797429426584,12,-177.53797429426584
7122,57,12,-137.45226948237894,12,-137.45226948237894
7123,71,12,-167.68740842638795,12,-167.68740842638795
7124,96,12,-238.08302673965238,20,-234.40975389635224
7125,91,12,-222.3226706914009,12,-222.3226706914009
7126,7,12,-83.41503688796908,1,-11.923979800667436
7127,55,12,-133.67184780709107,12,-133.67184780709107
7128,84,12,-201.67000297128635,12,-201.67000297128635
7129,17,12,-87.4712850103148,3,-36.095815994462484
7130,74,12,-175.02485362057575,12,-175.02485362057575
7131,92,12,-225.4075237139973,12,-225.4075237139973
7132,70,12,-165.30890638391594,12,-165.30890638391594
7133,56,12,-135.54521295910172,12,-135.54521295910172
7134,28,12,-95.83446470521845,3,-62.525063432602536
7135,16,12,-86.91362107098472,1,-33.19107800413937
7136,61,12,-145.41736476856974,12,-145.41736476856974
7137,68,12,-160.6528851776278,12,-160.6528851776278
7138,69,12,-162.96406455953235,12,-162.96406455953235
7139,88,12,-213.26980172825859,12,-213.26980172825859
7140,44,12,-115.28909842694712,6,-101.37216560238318
7141,54,12,-131.832176252549,6,-131.7473732422173
7142,32,12,-99.88838970893231,6,-73.08599843278336
7143,76,12,-180.08474406613544,12,-180.08474406613544
7144,55,12,-133.67184780709107,12,-133.67184780709107
7145,65,12,-153.92134393244743,12,-153.92134393244743
7146,12,12,-85.02079284439587,1,-21.68888886194659
7147,25,12,-93.14842757160632,3,-54.03884427687615
7148,64,12,-151.74483656681207,12,-151.74483656681207
7149,69,12,-162.96406455953235,12,-162.96406455953235
7150,76,12,-180.08474406613544,12,-180.08474406613544
7151,30,12,-97.79392861672859,3,-68.71466132418306
7152,40,12,-109.61584921025063,6,-90.95329633472858
7153,17,12,-87.4712850103148,3,-36.095815994462484
7154,28,12,-95.83446470521845,3,-62.525063432602536
7155,28,12,-95.83446470521845,3,-62.525063432602536
7156,11,12,-84.63205382862074,1,-19.32560286376086
7157,93,12,-228.5259880514485,20,-228.46014739973276
7158,65,12,-153.92134393244743,12,-153.92134393244743
7159,0,12,-82.58666666666669,1,-6.8822222222222225
7160,50,12,-124.81047053779731,6,-118.85564190652914
7161,27,12,-94.90536226632408,3,-59.5898777586643
7162,56,12,-135.54521295910172,12,-135.54521295910172
7163,79,12,-187.92692573545764,12,-187.92692573545764
7164,52,12,-128.2539228413562,6,-125.177939579655
7165,16,12,-86.91362107098472,1,-33.19107800413937
7166,90,12,-219.27143120512085,12,-219.27143120512085
7167,77,12,-182.66516071256729,12,-182.66516071256729
7168,25,12,-93.14842757160632,3,-54.03884427687615
7169,23,12,-91.52653465497364,3,-48.91374309468091
7170,60,12,-143.3755650196889,12,-143.3755650196889
7171,71,12,-167.68740842638795,12,-167.68740842638795
7172,19,12,-88.68794552856191,3,-39.9420506223111
7173,65,12,-153.92134393244743,12,-153.92134393244743
7174,62,12,-147.492844759646,12,-147.492844759646
7175,40,12,-109.61584921025063,6,-90.95329633472858
7176,68,12,-160.6528851776278,12,-160.6528851776278
7177,15,12,-86.38973765322098,1,-30.008338880137654
7178,21,12,-90.03970135905276,3,-44.21475244382181
7179,19,12,-88.68794552856191,3,-39.9420506223111
7180,28,12,-95.83446470521845,3,-62.525063432602536
7181,97,12,-241.33591412399238,20,-236.43484574939123
7182,10,12,-84.27710649292833,1,-17.167386388250772
7183,24,12,-92.32059977591312,3,-51.42304101039932
7184,25,12,-93.14842757160632,3,-54.03884427687615
7185,53,12,-130.0262005218131,6,-128.43176816621013
7186,7,12,-83.41503688796908,1,-11.923979800667436
7187,20,12,-89.34693764525149,3,-42.025104283182344
7188,99,12,-247.94248729970576,20,-240.54785882360903
7189,87,12,-210.3194161813455,12,-210.3194161813455
7190,62,12,-147.492844759646,12,-147.492844759646
7191,62,12,-147.492844759646,12,-147.492844759646
7192,78,12,-185.27922201012348,12,-185.27922201012348
7193,15,12,-86.38973765322098,1,-30.008338880137654
7194,4,12,-82.85717276709248,1,-8.529172688515441
7195,94,12,-231.6780614823333,20,-230.42240386096492
7196,96,12,-238.08302673965238,20,-234.40975389635224
7197,85,12,-204.51951458063076,12,-204.51951458063076
7198,1,12,-82.6035744145978,1,-6.9851980409108565
7199,50,12,-124.81047053779731,6,-118.85564190652914
7200,23,12,-91.52653465497364,3,-48.91374309468091
7201,64,12,-151.74483656681207,12,-151.74483656681207
7202,14,12,-85.8996369884651,1,-27.0303393518663
7203,91,12,-222.3226706914009,12,-222.3226706914009
7204,77,12,-182.66516071256729,12,-182.66516071256729
7205,37,12,-105.71503806602566,6,-83.78879668536612
7206,52,12,-128.2539228413562,6,-125.177939579655
7207,98,12,-244.6224017175923,20,-238.4808810119756
7208,76,12,-180.08474406613544,12,-180.08474406613544
7209,2,12,-82.65429616947476,1,-7.294070267709967
7210,97,12,-241.33591412399238,20,-236.43484574939123
7211,78,12,-185.27922201012348,12,-185.27922201012348
7212,17,12,-87.4712850103148,3,-36.095815994462484
7213,44,12,-115.28909842694712,6,-101.37216560238318
7214,71,12,-167.68740842638795,12,-167.68740842638795
7215,27,12,-94.90536226632408,3,-59.5898777586643
7216,23,12,-91.52653465497364,3,-48.91374309468091
7217,99,12,-247.94248729970576,20,-240.54785882360903
7218,65,12,-153.92134393244743,12,-153.92134393244743
7219,71,12,-167.68740842638795,12,-167.68740842638795
7220,57,12,-137.45226948237894,12,-137.45226948237894
7221,75,12,-177.53797429426584,12,-177.53797429426584
7222,57,12,-137.45226948237894,12,-137.45226948237894
7223,10,12,-84.27710649292833,1,-17.167386388250772
7224,8,12,-83.66859579030925,1,-13.466492256876304
7225,14,12,-85.8996369884651,1,-27.0303393518663
7226,93,12,-228.5259880514485,20,-228.46014739973276
7227,95,12,-234.86374178545628,20,-232.40560631336535
7228,26,12,-94.01001581178649,3,-56.76113061721671
7229,51,12,-126.51534543777501,6,-121.9858949902555
7230,41,12,-110.98357657528959,6,-93.46522121489485
7231,80,12,-190.60826966535672,12,-190.60826966535672
7232,41,12,-110.98357657528959,6,-93.46522121489485
7233,45,12,-116.79171153665492,6,-104.13151192781399
7234,95,12,-234.86374178545628,20,-232.40560631336535
7235,26,12,-94.01001581178649,3,-56.76113061721671
7236,69,12,-162.96406455953235,12,-162.96406455953235
7237,77,12,-182.66516071256729,12,-182.66516071256729
7238,9,12,-83.95595306941537,1,-15.214321990937147
7239,21,12,-90.03970135905276,3,-44.21475244382181
7240,2,12,-82.65429616947476,1,-7.294070267709967
7241,32,12,-99.88838970893231,6,-73.08599843278336
7242,68,12,-160.6528851776278,12,-160.6528851776278
7243,40,12,-109.61584921025063,6,-90.95329633472858
7244,6,12,-83.19527859488348,1,-10.586867266464079
7245,65,12,-153.92134393244743,12,-153.92134393244743
7246,53,12,-130.0262005218131,6,-128.43176816621013
7247,52,12,-128.2539228413562,6,-125.177939579655
7248,62,12,-147.492844759646,12,-147.492844759646
7249,63,12,-149.60200276748782,12,-149.60200276748782
7250,76,12,-180.08474406613544,12,-180.08474406613544
7251,58,12,-139.39301515084207,12,-139.39301515084207
7252,45,12,-116.79171153665492,6,-104.13151192781399
7253,86,12,-207.4026530580665,12,-207.4026530580665
7254,76,12,-180.08474406613544,12,-180.08474406613544
7255,16,12,-86.91362107098472,1,-33.19107800413937
7256,67,12,-158.37537046268577,12,-158.37537046268577
7257,86,12,-207.4026530580665,12,-207.4026530580665
7258,24,12,-92.32059977591312,3,-51.42304101039932
7259,5,12,-83.00932314367421,1,-9.455237327983067
7260,84,12,-201.67000297128635,12,-201.67000297128635
7261,10,12,-84.27710649292833,1,-17.167386388250772
7262,60,12,-143.3755650196889,12,-143.3755650196889
7263,89,12,-216.25380747683084,12,-216.25380747683084
7264,26,12,-94.01001581178649,3,-56.76113061721671
7265,25,12,-93.14842757160632,3,-54.03884427687615
7266,94,12,-231.6780614823333,20,-230.42240386096492
7267,25,12,-93.14842757160632,3,-54.03884427687615
7268,69,12,-162.96406455953235,12,-162.96406455953235
7269,27,12,-94.90536226632408,3,-59.5898777586643
7270,64,12,-151.74483656681207,12,-151.74483656681207
7271,33,12,-100.9862386241835,6,-75.10271953333199
7272,2,12,-82.65429616947476,1,-7.294070267709967
7273,73,12,-172.54538426876832,12,-172.54538426876832
7274,78,12,-185.27922201012348,12,-185.27922201012348
7275,61,12,-145.41736476856974,12,-145.41736476856974
7276,39,12,-108.28184885147208,6,-88.50324560744662
7277,23,12,-91.52653465497364,3,-48.91374309468091
7278,52,12,-128.2539228413562,6,-125.177939579655
7279,69,12,-162.96406455953235,12,-162.96406455953235
7280,34,12,-102.11783014653936,6,-77.18136743158533
7281,95,12,-234.86374178545628,20,-232.40560631336535
7282,2,12,-82.65429616947476,1,-7.294070267709967
7283,78,12,-185.27922201012348,12,-185.27922201012348
7284,27,12,-94.90536226632408,3,-59.5898777586643
7285,27,12,-94.90536226632408,3,-59.5898777586643
7286,64,12,-151.74483656681207,12,-151.74483656681207
7287,85,12,-204.51951458063076,12,-204.51951458063076
7288,17,12,-87.4712850103148,3,-36.095815994462484
7289,72,12,-170.09956846271837,12,-170.09956846271837
7290,8,12,-83.66859579030925,1,-13.466492256876304
7291,45,12,-116.79171153665492,6,-104.13151192781399
7292,13,12,-85.44332130828904,1,-24.257161856809045
7293,20,12,-89.34693764525149,3,-42.025104283182344
7294,21,12,-90.03970135905276,3,-44.21475244382181
7295,87,12,-210.3194161813455,12,-210.3194161813455
7296,1,12,-82.6035744145978,1,-6.9851980409108565
7297,38,12,-106.98157772725399,6,-86.11507655130762
7298,56,12,-135.54521295910172,12,-135.54521295910172
7299,75,12,-177.53797429426584,12,-177.53797429426584
7300,24,12,-92.32059977591312,3,-51.42304101039932
7301,93,12,-228.5259880514485,20,-228.46014739973276
7302,31,12,-98.82428562999917,6,-71.1312116538696
7303,21,12,-90.03970135905276,3,-44.21475244382181
7304,92,12,-225.4075237139973,12,-225.4075237139973
7305,76,12,-180.08474406613544,12,-180.08474406613544
7306,92,12,-225.4075237139973,12,-225.4075237139973
7307,65,12,-153.92134393244743,12,-153.92134393244743
7308,95,12,-234.86374178545628,20,-232.40560631336535
7309,54,12,-131.832176252549,6,-131.7473732422173
7310,10,12,-84.27710649292833,1,-17.167386388250772
7311,92,12,-225.4075237139973,12,-225.4075237139973
7312,48,12,-121.50183715622016,6,-112.7805402942011
7313,21,12,-90.03970135905276,3,-44.21475244382181
7314,75,12,-177.53797429426584,12,-177.53797429426584
7315,4,12,-82.85717276709248,1,-8.529172688515441
7316,78,12,-185.27922201012348,12,-185.27922201012348
7317,53,12,-130.0262005218131,6,-128.43176816621013
7318,99,12,-247.94248729970576,20,-240.54785882360903
7319,55,12,-133.67184780709107,12,-133.67184780709107
7320,42,12,-112.38502871842148,6,-96.03901273050752
7321,95,12,-234.86374178545628,20,-232.40560631336535
7322,43,12,-113.8202034116098,6,-98.67466336494121
7323,72,12,-170.09956846271837,12,-170.09956846271837
7324,22,12,-90.76623443917929,3,-46.51097281076241
7325,39,12,-108.28184885147208,6,-88.50324560744662
7326,40,12,-109.61584921025063,6,-90.95329633472858
7327,34,12,-102.11783014653936,6,-77.18136743158533
7328,35,12,-103.28316204691019,6,-79.32193460441326
7329,52,12,-128.2539228413562,6,-125.177939579655
7330,95,12,-234.86374178545628,20,-232.40560631336535
7331,59,12,-141.367447738551,12,-141.367447738551
7332,36,12,-104.48223209634578,6,-81.52441352950547
7333,49,12,-123.13930036828388,6,-115.78718783779036
7334,18,12,-88.0627272398999,3,-37.96561375881964
7335,53,12,-130.0262005218131,6,-128.43176816621013
7336,13,12,-85.44332130828904,1,-24.257161856809045
7337,54,12,-131.832176252549,6,-131.7473732422173
7338,63,12,-149.60200276748782,12,-149.60200276748782
7339,57,12,-137.45226948237894,12,-137.45226948237894
7340,47,12,-119.89808312874094,6,-109.83570678670114
7341,11,12,-84.63205382862074,1,-19.32560286376086
7342,85,12,-204.51951458063076,12,-204.51951458063076
7343,64,12,-151.74483656681207,12,-151.74483656681207
7344,41,12,-110.98357657528959,6,-93.46522121489485
7345,17,12,-87.4712850103148,3,-36.095815994462484
7346,17,12,-87.4712850103148,3,-36.095815994462484
7347,33,12,-100.9862386241835,6,-75.10271953333199
7348,40,12,-109.61584921025063,6,-90.95329633472858
7349,99,12,-247.94248729970576,20,-240.54785882360903
7350,35,12,-103.28316204691019,6,-79.32193460441326
7351,34,12,-102.11783014653936,6,-77.18136743158533
7352,91,12,-222.3226706914009,12,-222.3226706914009
7353,99,12,-247.94248729970576,20,-240.54785882360903
7354,32,12,-99.88838970893231,6,-73.08599843278336
7355,24,12,-92.32059977591312,3,-51.42304101039932
7356,9,12,-83.95595306941537,1,-15.214321990937147
7357,91,12,-222.3226706914009,12,-222.3226706914009
7358,45,12,-116.79171153665492,6,-104.13151192781399
7359,26,12,-94.01001581178649,3,-56.76113061721671
7360,13,12,-85.44332130828904,1,-24.257161856809045
7361,36,12,-104.48223209634578,6,-81.52441352950547
7362,42,12,-112.38502871842148,6,-96.03901273050752
7363,24,12,-92.32059977591312,3,-51.42304101039932
7364,48,12,-121.50183715622016,6,-112.7805402942011
7365,51,12,-126.51534543777501,6,-121.9858949902555
7366,92,12,-225.4075237139973,12,-225.4075237139973
7367,99,12,-247.94248729970576,20,-240.54785882360903
7368,31,12,-98.82428562999917,6,-71.1312116538696
7369,32,12,-99.88838970893231,6,-73.08599843278336
7370,44,12,-115.28909842694712,6,-101.37216560238318
7371,90,12,-219.27143120512085,12,-219.27143120512085
7372,8,12,-83.66859579030925,1,-13.466492256876304
7373,17,12,-87.4712850103148,3,-36.095815994462484
7374,22,12,-90.76623443917929,3,-46.51097281076241
7375,29,12,-96.79732089859871,3,-65.56666537455592
7376,0,12,-82.58666666666669,1,-6.8822222222222225
7377,6,12,-83.19527859488348,1,-10.586867266464079
7378,79,12,-187.92692573545764,12,-187.92692573545764
7379,21,12,-90.03970135905276,3,-44.21475244382181
7380,82,12,-196.07186924674602,12,-196.07186924674602
7381,67,12,-158.37537046268577,12,-158.37537046268577
7382,23,12,-91.52653465497364,3,-48.91374309468091
7383,58,12,-139.39301515084207,12,-139.39301515084207
7384,11,12,-84.63205382862074,1,-19.32560286376086
7385,54,12,-131.832176252549,6,-131.7473732422173
7386,64,12,-151.74483656681207,12,-151.74483656681207
7387,24,12,-92.32059977591312,3,-51.42304101039932
7388,68,12,-160.6528851776278,12,-160.6528851776278
7389,41,12,-110.98357657528959,6,-93.46522121489485
7390,34,12,-102.11783014653936,6,-77.18136743158533
7391,66,12,-156.13152263937536,12,-156.13152263937536
7392,8,12,-83.66859579030925,1,-13.466492256876304
7393,35,12,-103.28316204691019,6,-79.32193460441326
7394,4,12,-82.85717276709248,1,-8.529172688515441
7395,67,12,-158.37537046268577,12,-158.37537046268577
7396,36,12,-104.48223209634578,6,-81.52441352950547
7397,66,12,-156.13152263937536,12,-156.13152263937536
7398,12,12,-85.02079284439587,1,-21.68888886194659
7399,63,12,-149.60200276748782,12,-149.60200276748782
7400,89,12,-216.25380747683084,12,-216.25380747683084
7401,24,12,-92.32059977591312,3,-51.42304101039932
7402,33,12,-100.9862386241835,6,-75.10271953333199
7403,47,12,-119.89808312874094,6,-109.83570678670114
7404,48,12,-121.50183715622016,6,-112.7805402942011
7405,44,12,-115.28909842694712,6,-101.37216560238318
7406,99,12,-247.94248729970576,20,-240.54785882360903
7407,56,12,-135.54521295910172,12,-135.54521295910172
7408,99,12,-247.94248729970576,20,-240.54785882360903
7409,9,12,-83.95595306941537,1,-15.214321990937147
7410,47,12,-119.89808312874094,6,-109.83570678670114
7411,4,12,-82.85717276709248,1,-8.529172688515441
7412,75,12,-177.53797429426584,12,-177.53797429426584
7413,26,12,-94.01001581178649,3,-56.76113061721671
7414,9,12,-83.95595306941537,1,-15.214321990937147
7415,89,12,-216.25380747683084,12,-216.25380747683084
7416,73,12,-172.54538426876832,12,-172.54538426876832
7417,28,12,-95.83446470521845,3,-62.525063432602536
7418,89,12,-216.25380747683084,12,-216.25380747683084
7419,68,12,-160.6528851776278,12,-160.6528851776278
7420,30,12,-97.79392861672859,3,-68.71466132418306
7421,47,12,-119.89808312874094,6,-109.83570678670114
7422,33,12,-100.9862386241835,6,-75.10271953333199
7423,93,12,-228.5259880514485,20,-228.46014739973276
7424,93,12,-228.5259880514485,20,-228.46014739973276
7425,84,12,-201.67000297128635,12,-201.67000297128635
7426,53,12,-130.0262005218131,6,-128.43176816621013
7427,80,12,-190.60826966535672,12,-190.60826966535672
7428,95,12,-234.86374178545628,20,-232.40560631336535
7429,38,12,-106.98157772725399,6,-86.11507655130762
7430,65,12,-153.92134393244743,12,-153.92134393244743
7431,65,12,-153.92134393244743,12,-153.92134393244743
7432,30,12,-97.79392861672859,3,-68.71466132418306
7433,41,12,-110.98357657528959,6,-93.46522121489485
7434,37,12,-105.71503806602566,6,-83.78879668536612
7435,42,12,-112.38502871842148,6,-96.03901273050752
7436,1,12,-82.6035744145978,1,-6.9851980409108565
7437,62,12,-147.492844759646,12,-147.492844759646
7438,5,12,-83.00932314367421,1,-9.455237327983067
7439,14,12,-85.8996369884651,1,-27.0303393518663
7440,9,12,-83.95595306941537,1,-15.214321990937147
7441,85,12,-204.51951458063076,12,-204.51951458063076
7442,67,12,-158.37537046268577,12,-158.37537046268577
7443,30,12,-97.79392861672859,3,-68.71466132418306
7444,23,12,-91.52653465497364,3,-48.91374309468091
7445,81,12,-193.3232515767758,12,-193.3232515767758
7446,10,12,-84.27710649292833,1,-17.167386388250772
7447,47,12,-119.89808312874094,6,-109.83570678670114
7448,55,12,-133.67184780709107,12,-133.67184780709107
7449,48,12,-121.50183715622016,6,-112.7805402942011
7450,6,12,-83.19527859488348,1,-10.586867266464079
7451,70,12,-165.30890638391594,12,-165.30890638391594
7452,21,12,-90.03970135905276,3,-44.21475244382181
7453,35,12,-103.28316204691019,6,-79.32193460441326
7454,27,12,-94.90536226632408,3,-59.5898777586643
7455,16,12,-86.91362107098472,1,-33.19107800413937
7456,38,12,-106.98157772725399,6,-86.11507655130762
7457,36,12,-104.48223209634578,6,-81.52441352950547
7458,7,12,-83.41503688796908,1,-11.923979800667436
7459,14,12,-85.8996369884651,1,-27.0303393518663
7460,37,12,-105.71503806602566,6,-83.78879668536612
7461,68,12,-160.6528851776278,12,-160.6528851776278
7462,31,12,-98.82428562999917,6,-71.1312116538696
7463,72,12,-170.09956846271837,12,-170.09956846271837
7464,35,12,-103.28316204691019,6,-79.32193460441326
7465,71,12,-167.68740842638795,12,-167.68740842638795
7466,87,12,-210.3194161813455,12,-210.3194161813455
7467,58,12,-139.39301515084207,12,-139.39301515084207
7468,56,12,-135.54521295910172,12,-135.54521295910172
7469,67,12,-158.37537046268577,12,-158.37537046268577
7470,81,12,-193.3232515767758,12,-193.3232515767758
7471,53,12,-130.0262005218131,6,-128.43176816621013
7472,27,12,-94.90536226632408,3,-59.5898777586643
7473,36,12,-104.48223209634578,6,-81.52441352950547
7474,81,12,-193.3232515767758,12,-193.3232515767758
7475,33,12,-100.9862386241835,6,-75.10271953333199
7476,40,12,-109.61584921025063,6,-90.95329633472858
7477,40,12,-109.61584921025063,6,-90.95329633472858
7478,83,12,-198.854120452488,12,-198.854120452488
7479,31,12,-98.82428562999917,6,-71.1312116538696
7480,86,12,-207.4026530580665,12,-207.4026530580665
7481,3,12,-82.73882969802135,1,-7.808756080935194
7482,0,12,-82.58666666666669,1,-6.8822222222222225
7483,32,12,-99.88838970893231,6,-73.08599843278336
7484,5,12,-83.00932314367421,1,-9.455237327983067
7485,7,12,-83.41503688796908,1,-11.923979800667436
7486,69,12,-162.96406455953235,12,-162.96406455953235
7487,15,12,-86.38973765322098,1,-30.008338880137654
7488,88,12,-213.26980172825859,12,-213.26980172825859
7489,75,12,-177.53797429426584,12,-177.53797429426584
7490,64,12,-151.74483656681207,12,-151.74483656681207
7491,33,12,-100.9862386241835,6,-75.10271953333199
7492,34,12,-102.11783014653936,6,-77.18136743158533
7493,32,12,-99.88838970893231,6,-73.08599843278336
7494,62,12,-147.492844759646,12,-147.492844759646
7495,46,12,-118.32804051309115,6,-106.95269482704867
7496,56,12,-135.54521295910172,12,-135.54521295910172
7497,66,12,-156.13152263937536,12,-156.13152263937536
7498,56,12,-135.54521295910172,12,-135.54521295910172
7499,31,12,-98.82428562999917,6,-71.1312116538696
7500,80,12,-190.60826966535672,12,-190.60826966535672
7501,70,12,-165.30890638391594,12,-165.30890638391594
7502,10,12,-84.27710649292833,1,-17.167386388250772
7503,22,12,-90.76623443917929,3,-46.51097281076241
7504,54,12,-131.832176252549,6,-131.7473732422173
7505,14,12,-85.8996369884651,1,-27.0303393518663
7506,35,12,-103.28316204691019,6,-79.32193460441326
7507,52,12,-128.2539228413562,6,-125.177939579655
7508,67,12,-158.37537046268577,12,-158.37537046268577
7509,48,12,-121.50183715622016,6,-112.7805402942011
7510,51,12,-126.51534543777501,6,-121.9858949902555
7511,58,12,-139.39301515084207,12,-139.39301515084207
7512,86,12,-207.4026530580665,12,-207.4026530580665
7513,45,12,-116.79171153665492,6,-104.13151192781399
7514,45,12,-116.79171153665492,6,-104.13151192781399
7515,80,12,-190.60826966535672,12,-190.60826966535672
7516,97,12,-241.33591412399238,20,-236.43484574939123
7517,20,12,-89.34693764525149,3,-42.025104283182344
7518,39,12,-108.28184885147208,6,-88.50324560744662
7519,98,12,-244.6224017175923,20,-238.4808810119756
7520,42,12,-112.38502871842148,6,-96.03901273050752
7521,61,12,-145.41736476856974,12,-145.41736476856974
7522,54,12,-131.832176252549,6,-131.7473732422173
7523,96,12,-238.08302673965238,20,-234.40975389635224
7524,97,12,-241.33591412399238,20,-236.43484574939123
7525,48,12,-121.50183715622016,6,-112.7805402942011
7526,49,12,-123.13930036828388,6,-115.78718783779036
7527,95,12,-234.86374178545628,20,-232.40560631336535
7528,85,12,-204.51951458063076,12,-204.51951458063076
7529,0,12,-82.58666666666669,1,-6.8822222222222225
7530,22,12,-90.76623443917929,3,-46.51097281076241
7531,63,12,-149.60200276748782,12,-149.60200276748782
7532,81,12,-193.3232515767758,12,-193.3232515767758
7533,64,12,-151.74483656681207,12,-151.74483656681207
7534,37,12,-105.71503806602566,6,-83.78879668536612
7535,45,12,-116.79171153665492,6,-104.13151192781399
7536,47,12,-119.89808312874094,6,-109.83570678670114
7537,8,12,-83.66859579030925,1,-13.466492256876304
7538,48,12,-121.50183715622016,6,-112.7805402942011
7539,41,12,-110.98357657528959,6,-93.46522121489485
7540,33,12,-100.9862386241835,6,-75.10271953333199
7541,85,12,-204.51951458063076,12,-204.51951458063076
7542,96,12,-238.08302673965238,20,-234.40975389635224
7543,80,12,-190.60826966535672,12,-190.60826966535672
7544,17,12,-87.4712850103148,3,-36.095815994462484
7545,26,12,-94.01001581178649,3,-56.76113061721671
7546,5,12,-83.00932314367421,1,-9.455237327983067
7547,43,12,-113.8202034116098,6,-98.67466336494121
7548,22,12,-90.76623443917929,3,-46.51097281076241
7549,68,12,-160.6528851776278,12,-160.6528851776278
7550,56,12,-135.54521295910172,12,-135.54521295910172
7551,73,12,-172.54538426876832,12,-172.54538426876832
7552,85,12,-204.51951458063076,12,-204.51951458063076
7553,43,12,-113.8202034116098,6,-98.67466336494121
7554,21,12,-90.03970135905276,3,-44.21475244382181
7555,63,12,-149.60200276748782,12,-149.60200276748782
7556,56,12,-135.54521295910172,12,-135.54521295910172
7557,25,12,-93.14842757160632,3,-54.03884427687615
7558,15,12,-86.38973765322098,1,-30.008338880137654
7559,33,12,-100.9862386241835,6,-75.10271953333199
7560,88,12,-213.26980172825859,12,-213.26980172825859
7561,69,12,-162.96406455953235,12,-162.96406455953235
7562,62,12,-147.492844759646,12,-147.492844759646
7563,70,12,-165.30890638391594,12,-165.30890638391594
7564,55,12,-133.67184780709107,12,-133.67184780709107
7565,13,12,-85.44332130828904,1,-24.257161856809045
7566,91,12,-222.3226706914009,12,-222.3226706914009
7567,12,12,-85.02079284439587,1,-21.68888886194659
7568,2,12,-82.65429616947476,1,-7.294070267709967
7569,84,12,-201.67000297128635,12,-201.67000297128635
7570,62,12,-147.492844759646,12,-147.492844759646
7571,0,12,-82.58666666666669,1,-6.8822222222222225
7572,19,12,-88.68794552856191,3,-39.9420506223111
7573,35,12,-103.28316204691019,6,-79.32193460441326
7574,86,12,-207.4026530580665,12,-207.4026530580665
7575,19,12,-88.68794552856191,3,-39.9420506223111
7576,1,12,-82.6035744145978,1,-6.9851980409108565
7577,30,12,-97.79392861672859,3,-68.71466132418306
7578,99,12,-247.94248729970576,20,-240.54785882360903
7579,60,12,-143.3755650196889,12,-143.3755650196889
7580,76,12,-180.08474406613544,12,-180.08474406613544
7581,63,12,-149.60200276748782,12,-149.60200276748782
7582,25,12,-93.14842757160632,3,-54.03884427687615
7583,49,12,-123.13930036828388,6,-115.78718783779036
7584,17,12,-87.4712850103148,3,-36.095815994462484
7585,80,12,-190.60826966535672,12,-190.60826966535672
7586,15,12,-86.38973765322098,1,-30.008338880137654
7587,25,12,-93.14842757160632,3,-54.03884427687615
7588,79,12,-187.92692573545764,12,-187.92692573545764
7589,57,12,-137.45226948237894,12,-137.45226948237894
7590,40,12,-109.61584921025063,6,-90.95329633472858
7591,27,12,-94.90536226632408,3,-59.5898777586643
7592,10,12,-84.27710649292833,1,-17.167386388250772
7593,8,12,-83.66859579030925,1,-13.466492256876304
7594,88,12,-213.26980172825859,12,-213.26980172825859
7595,20,12,-89.34693764525149,3,-42.025104283182344
7596,79,12,-187.92692573545764,12,-187.92692573545764
7597,94,12,-231.6780614823333,20,-230.42240386096492
7598,51,12,-126.51534543777501,6,-121.9858949902555
7599,89,12,-216.25380747683084,12,-216.25380747683084
7600,56,12,-135.54521295910172,12,-135.54521295910172
7601,9,12,-83.95595306941537,1,-15.214321990937147
7602,95,12,-234.86374178545628,20,-232.40560631336535
7603,35,12,-103.28316204691019,6,-79.32193460441326
7604,73,12,-172.54538426876832,12,-172.54538426876832
7605,9,12,-83.95595306941537,1,-15.214321990937147
7606,16,12,-86.91362107098472,1,-33.19107800413937
7607,13,12,-85.44332130828904,1,-24.257161856809045
7608,97,12,-241.33591412399238,20,-236.43484574939123
7609,40,12,-109.61584921025063,6,-90.95329633472858
7610,97,12,-241.33591412399238,20,-236.43484574939123
7611,53,12,-130.0262005218131,6,-128.43176816621013
7612,45,12,-116.79171153665492,6,-104.13151192781399
7613,19,12,-88.68794552856191,3,-39.9420506223111
7614,12,12,-85.02079284439587,1,-21.68888886194659
7615,9,12,-83.95595306941537,1,-15.214321990937147
7616,41,12,-110.98357657528959,6,-93.46522121489485
7617,16,12,-86.91362107098472,1,-33.19107800413937
7618,35,12,-103.28316204691019,6,-79.32193460441326
7619,69,12,-162.96406455953235,12,-162.96406455953235
7620,33,12,-100.9862386241835,6,-75.10271953333199
7621,35,12,-103.28316204691019,6,-79.32193460441326
7622,69,12,-162.96406455953235,12,-162.96406455953235
7623,90,12,-219.27143120512085,12,-219.27143120512085
7624,93,12,-228.5259880514485,20,-228.46014739973276
7625,49,12,-123.13930036828388,6,-115.78718783779036
7626,32,12,-99.88838970893231,6,-73.08599843278336
7627,46,12,-118.32804051309115,6,-106.95269482704867
7628,76,12,-180.08474406613544,12,-180.08474406613544
7629,35,12,-103.28316204691019,6,-79.32193460441326
7630,45,12,-116.79171153665492,6,-104.13151192781399
7631,4,12,-82.85717276709248,1,-8.529172688515441
7632,5,12,-83.00932314367421,1,-9.455237327983067
7633,41,12,-110.98357657528959,6,-93.46522121489485
7634,89,12,-216.25380747683084,12,-216.25380747683084
7635,89,12,-216.25380747683084,12,-216.25380747683084
7636,54,12,-131.832176252549,6,-131.7473732422173
7637,53,12,-130.0262005218131,6,-128.43176816621013
7638,3,12,-82.73882969802135,1,-7.808756080935194
7639,44,12,-115.28909842694712,6,-101.37216560238318
7640,27,12,-94.90536226632408,3,-59.5898777586643
7641,89,12,-216.25380747683084,12,-216.25380747683084
7642,44,12,-115.28909842694712,6,-101.37216560238318
7643,49,12,-123.13930036828388,6,-115.78718783779036
7644,41,12,-110.98357657528959,6,-93.46522121489485
7645,82,12,-196.07186924674602,12,-196.07186924674602
7646,74,12,-175.02485362057575,12,-175.02485362057575
7647,59,12,-141.367447738551,12,-141.367447738551
7648,90,12,-219.27143120512085,12,-219.27143120512085
7649,84,12,-201.67000297128635,12,-201.67000297128635
7650,96,12,-238.08302673965238,20,-234.40975389635224
7651,12,12,-85.02079284439587,1,-21.68888886194659
7652,81,12,-193.3232515767758,12,-193.3232515767758
7653,93,12,-228.5259880514485,20,-228.46014739973276
7654,73,12,-172.54538426876832,12,-172.54538426876832
7655,69,12,-162.96406455953235,12,-162.96406455953235
7656,66,12,-156.13152263937536,12,-156.13152263937536
7657,65,12,-153.92134393244743,12,-153.92134393244743
7658,56,12,-135.54521295910172,12,-135.54521295910172
7659,99,12,-247.94248729970576,20,-240.54785882360903
7660,19,12,-88.68794552856191,3,-39.9420506223111
7661,20,12,-89.34693764525149,3,-42.025104283182344
7662,37,12,-105.71503806602566,6,-83.78879668536612
7663,11,12,-84.63205382862074,1,-19.32560286376086
7664,18,12,-88.0627272398999,3,-37.96561375881964
7665,34,12,-102.11783014653936,6,-77.18136743158533
7666,54,12,-131.832176252549,6,-131.7473732422173
7667,25,12,-93.14842757160632,3,-54.03884427687615
7668,82,12,-196.07186924674602,12,-196.07186924674602
7669,43,12,-113.8202034116098,6,-98.67466336494121
7670,45,12,-116.79171153665492,6,-104.13151192781399
7671,48,12,-121.50183715622016,6,-112.7805402942011
7672,9,12,-83.95595306941537,1,-15.214321990937147
7673,27,12,-94.90536226632408,3,-59.5898777586643
7674,23,12,-91.52653465497364,3,-48.91374309468091
7675,1,12,-82.6035744145978,1,-6.9851980409108565
7676,54,12,-131.832176252549,6,-131.7473732422173
7677,19,12,-88.68794552856191,3,-39.9420506223111
7678,6,12,-83.19527859488348,1,-10.586867266464079
7679,28,12,-95.83446470521845,3,-62.525063432602536
7680,92,12,-225.4075237139973,12,-225.4075237139973
7681,93,12,-228.5259880514485,20,-228.46014739973276
7682,95,12,-234.86374178545628,20,-232.40560631336535
7683,80,12,-190.60826966535672,12,-190.60826966535672
7684,49,12,-123.13930036828388,6,-115.78718783779036
7685,43,12,-113.8202034116098,6,-98.67466336494121
7686,31,12,-98.82428562999917,6,-71.1312116538696
7687,65,12,-153.92134393244743,12,-153.92134393244743
7688,24,12,-92.32059977591312,3,-51.42304101039932
7689,34,12,-102.11783014653936,6,-77.18136743158533
7690,42,12,-112.38502871842148,6,-96.03901273050752
7691,75,12,-177.53797429426584,12,-177.53797429426584
7692,91,12,-222.3226706914009,12,-222.3226706914009
7693,95,12,-234.86374178545628,20,-232.40560631336535
7694,40,12,-109.61584921025063,6,-90.95329633472858
7695,0,12,-82.58666666666669,1,-6.8822222222222225
7696,67,12,-158.37537046268577,12,-158.37537046268577
7697,66,12,-156.13152263937536,12,-156.13152263937536
7698,66,12,-156.13152263937536,12,-156.13152263937536
7699,45,12,-116.79171153665492,6,-104.13151192781399
7700,81,12,-193.3232515767758,12,-193.3232515767758
7701,12,12,-85.02079284439587,1,-21.68888886194659
7702,87,12,-210.3194161813455,12,-210.3194161813455
7703,6,12,-83.19527859488348,1,-10.586867266464079
7704,86,12,-207.4026530580665,12,-207.4026530580665
7705,60,12,-143.3755650196889,12,-143.3755650196889
7706,51,12,-126.51534543777501,6,-121.9858949902555
7707,56,12,-135.54521295910172,12,-135.54521295910172
7708,78,12,-185.27922201012348,12,-185.27922201012348
7709,45,12,-116.79171153665492,6,-104.13151192781399
7710,64,12,-151.74483656681207,12,-151.74483656681207
7711,20,12,-89.34693764525149,3,-42.025104283182344
7712,36,12,-104.48223209634578,6,-81.52441352950547
7713,96,12,-238.08302673965238,20,-234.40975389635224
7714,18,12,-88.0627272398999,3,-37.96561375881964
7715,50,12,-124.81047053779731,6,-118.85564190652914
7716,35,12,-103.28316204691019,6,-79.32193460441326
7717,25,12,-93.14842757160632,3,-54.03884427687615
7718,94,12,-231.6780614823333,20,-230.42240386096492
7719,95,12,-234.86374178545628,20,-232.40560631336535
7720,59,12,-141.367447738551,12,-141.367447738551
7721,15,12,-86.38973765322098,1,-30.008338880137654
7722,88,12,-213.26980172825859,12,-213.26980172825859
7723,22,12,-90.76623443917929,3,-46.51097281076241
7724,66,12,-156.13152263937536,12,-156.13152263937536
7725,23,12,-91.52653465497364,3,-48.91374309468091
7726,33,12,-100.9862386241835,6,-75.10271953333199
7727,72,12,-170.09956846271837,12,-170.09956846271837
7728,47,12,-119.89808312874094,6,-109.83570678670114
7729,59,12,-141.367447738551,12,-141.367447738551
7730,56,12,-135.54521295910172,12,-135.54521295910172
7731,79,12,-187.92692573545764,12,-187.92692573545764
7732,19,12,-88.68794552856191,3,-39.9420506223111
7733,78,12,-185.27922201012348,12,-185.27922201012348
7734,38,12,-106.98157772725399,6,-86.11507655130762
7735,37,12,-105.71503806602566,6,-83.78879668536612
7736,35,12,-103.28316204691019,6,-79.32193460441326
7737,11,12,-84.63205382862074,1,-19.32560286376086
7738,28,12,-95.83446470521845,3,-62.525063432602536
7739,99,12,-247.94248729970576,20,-240.54785882360903
7740,42,12,-112.38502871842148,6,-96.03901273050752
7741,95,12,-234.86374178545628,20,-232.40560631336535
7742,45,12,-116.79171153665492,6,-104.13151192781399
7743,81,12,-193.3232515767758,12,-193.3232515767758
7744,41,12,-110.98357657528959,6,-93.46522121489485
7745,78,12,-185.27922201012348,12,-185.27922201012348
7746,40,12,-109.61584921025063,6,-90.95329633472858
7747,35,12,-103.28316204691019,6,-79.32193460441326
7748,62,12,-147.492844759646,12,-147.492844759646
7749,37,12,-105.71503806602566,6,-83.78879668536612
7750,95,12,-234.86374178545628,20,-232.40560631336535
7751,55,12,-133.67184780709107,12,-133.67184780709107
7752,34,12,-102.11783014653936,6,-77.18136743158533
7753,31,12,-98.82428562999917,6,-71.1312116538696
7754,83,12,-198.854120452488,12,-198.854120452488
7755,19,12,-88.68794552856191,3,-39.9420506223111
7756,57,12,-137.45226948237894,12,-137.45226948237894
7757,23,12,-91.52653465497364,3,-48.91374309468091
7758,76,12,-180.08474406613544,12,-180.08474406613544
7759,80,12,-190.60826966535672,12,-190.60826966535672
7760,97,12,-241.33591412399238,20,-236.43484574939123
7761,55,12,-133.67184780709107,12,-133.67184780709107
7762,30,12,-97.79392861672859,3,-68.71466132418306
7763,91,12,-222.3226706914009,12,-222.3226706914009
7764,3,12,-82.73882969802135,1,-7.808756080935194
7765,86,12,-207.4026530580665,12,-207.4026530580665
7766,1,12,-82.6035744145978,1,-6.9851980409108565
7767,14,12,-85.8996369884651,1,-27.0303393518663
7768,27,12,-94.90536226632408,3,-59.5898777586643
7769,0,12,-82.58666666666669,1,-6.8822222222222225
7770,9,12,-83.95595306941537,1,-15.214321990937147
7771,35,12,-103.28316204691019,6,-79.32193460441326
7772,78,12,-185.27922201012348,12,-185.27922201012348
7773,32,12,-99.88838970893231,6,-73.08599843278336
7774,58,12,-139.39301515084207,12,-139.39301515084207
7775,26,12,-94.01001581178649,3,-56.76113061721671
7776,12,12,-85.02079284439587,1,-21.68888886194659
7777,52,12,-128.2539228413562,6,-125.177939579655
7778,57,12,-137.45226948237894,12,-137.45226948237894
7779,45,12,-116.79171153665492,6,-104.13151192781399
7780,78,12,-185.27922201012348,12,-185.27922201012348
7781,19,12,-88.68794552856191,3,-39.9420506223111
7782,93,12,-228.5259880514485,20,-228.46014739973276
7783,81,12,-193.3232515767758,12,-193.3232515767758
7784,70,12,-165.30890638391594,12,-165.30890638391594
7785,33,12,-100.9862386241835,6,-75.10271953333199
7786,77,12,-182.66516071256729,12,-182.66516071256729
7787,86,12,-207.4026530580665,12,-207.4026530580665
7788,43,12,-113.8202034116098,6,-98.67466336494121
7789,0,12,-82.58666666666669,1,-6.8822222222222225
7790,57,12,-137.45226948237894,12,-137.45226948237894
7791,22,12,-90.76623443917929,3,-46.51097281076241
7792,14,12,-85.8996369884651,1,-27.0303393518663
7793,69,12,-162.96406455953235,12,-162.96406455953235
7794,10,12,-84.27710649292833,1,-17.167386388250772
7795,67,12,-158.37537046268577,12,-158.37537046268577
7796,4,12,-82.85717276709248,1,-8.529172688515441
7797,52,12,-128.2539228413562,6,-125.177939579655
7798,60,12,-143.3755650196889,12,-143.3755650196889
7799,52,12,-128.2539228413562,6,-125.177939579655
7800,63,12,-149.60200276748782,12,-149.60200276748782
7801,94,12,-231.6780614823333,20,-230.42240386096492
7802,5,12,-83.00932314367421,1,-9.455237327983067
7803,11,12,-84.63205382862074,1,-19.32560286376086
7804,60,12,-143.3755650196889,12,-143.3755650196889
7805,13,12,-85.44332130828904,1,-24.257161856809045
7806,12,12,-85.02079284439587,1,-21.68888886194659
7807,7,12,-83.41503688796908,1,-11.923979800667436
7808,56,12,-135.54521295910172,12,-135.54521295910172
7809,5,12,-83.00932314367421,1,-9.455237327983067
7810,57,12,-137.45226948237894,12,-137.45226948237894
7811,10,12,-84.27710649292833,1,-17.167386388250772
7812,30,12,-97.79392861672859,3,-68.71466132418306
7813,3,12,-82.73882969802135,1,-7.808756080935194
7814,98,12,-244.6224017175923,20,-238.4808810119756
7815,61,12,-145.41736476856974,12,-145.41736476856974
7816,1,12,-82.6035744145978,1,-6.9851980409108565
7817,43,12,-113.8202034116098,6,-98.67466336494121
7818,16,12,-86.91362107098472,1,-33.19107800413937
7819,39,12,-108.28184885147208,6,-88.50324560744662
7820,17,12,-87.4712850103148,3,-36.095815994462484
7821,52,12,-128.2539228413562,6,-125.177939579655
7822,52,12,-128.2539228413562,6,-125.177939579655
7823,7,12,-83.41503688796908,1,-11.923979800667436
7824,18,12,-88.0627272398999,3,-37.96561375881964
7825,21,12,-90.03970135905276,3,-44.21475244382181
7826,22,12,-90.76623443917929,3,-46.51097281076241
7827,30,12,-97.79392861672859,3,-68.71466132418306
7828,68,12,-160.6528851776278,12,-160.6528851776278
7829,95,12,-234.86374178545628,20,-232.40560631336535
7830,3,12,-82.73882969802135,1,-7.808756080935194
7831,49,12,-123.13930036828388,6,-115.78718783779036
7832,9,12,-83.95595306941537,1,-15.214321990937147
7833,9,12,-83.95595306941537,1,-15.214321990937147
7834,34,12,-102.11783014653936,6,-77.18136743158533
7835,94,12,-231.6780614823333,20,-230.42240386096492
7836,76,12,-180.08474406613544,12,-180.08474406613544
7837,48,12,-121.50183715622016,6,-112.7805402942011
7838,49,12,-123.13930036828388,6,-115.78718783779036
7839,8,12,-83.66859579030925,1,-13.466492256876304
7840,24,12,-92.32059977591312,3,-51.42304101039932
7841,36,12,-104.48223209634578,6,-81.52441352950547
7842,9,12,-83.95595306941537,1,-15.214321990937147
7843,6,12,-83.19527859488348,1,-10.586867266464079
7844,8,12,-83.66859579030925,1,-13.466492256876304
7845,81,12,-193.3232515767758,12,-193.3232515767758
7846,73,12,-172.54538426876832,12,-172.54538426876832
7847,57,12,-137.45226948237894,12,-137.45226948237894
7848,1,12,-82.6035744145978,1,-6.9851980409108565
7849,36,12,-104.48223209634578,6,-81.52441352950547
7850,0,12,-82.58666666666669,1,-6.8822222222222225
7851,58,12,-139.39301515084207,12,-139.39301515084207
7852,41,12,-110.98357657528959,6,-93.46522121489485
7853,78,12,-185.27922201012348,12,-185.27922201012348
7854,54,12,-131.832176252549,6,-131.7473732422173
7855,91,12,-222.3226706914009,12,-222.3226706914009
7856,26,12,-94.01001581178649,3,-56.76113061721671
7857,34,12,-102.11783014653936,6,-77.18136743158533
7858,69,12,-162.96406455953235,12,-162.96406455953235
7859,7,12,-83.41503688796908,1,-11.923979800667436
7860,82,12,-196.07186924674602,12,-196.07186924674602
7861,15,12,-86.38973765322098,1,-30.008338880137654
7862,29,12,-96.79732089859871,3,-65.56666537455592
7863,80,12,-190.60826966535672,12,-190.60826966535672
7864,61,12,-145.41736476856974,12,-145.41736476856974
7865,50,12,-124.81047053779731,6,-118.85564190652914
7866,3,12,-82.73882969802135,1,-7.808756080935194
7867,49,12,-123.13930036828388,6,-115.78718783779036
7868,69,12,-162.96406455953235,12,-162.96406455953235
7869,90,12,-219.27143120512085,12,-219.27143120512085
7870,34,12,-102.11783014653936,6,-77.18136743158533
7871,97,12,-241.33591412399238,20,-236.43484574939123
7872,88,12,-213.26980172825859,12,-213.26980172825859
7873,53,12,-130.0262005218131,6,-128.43176816621013
7874,42,12,-112.38502871842148,6,-96.03901273050752
7875,34,12,-102.11783014653936,6,-77.18136743158533
7876,74,12,-175.02485362057575,12,-175.02485362057575
7877,66,12,-156.13152263937536,12,-156.13152263937536
7878,65,12,-153.92134393244743,12,-153.92134393244743
7879,64,12,-151.74483656681207,12,-151.74483656681207
7880,43,12,-113.8202034116098,6,-98.67466336494121
7881,11,12,-84.63205382862074,1,-19.32560286376086
7882,71,12,-167.68740842638795,12,-167.68740842638795
7883,35,12,-103.28316204691019,6,-79.32193460441326
7884,17,12,-87.4712850103148,3,-36.095815994462484
7885,72,12,-170.09956846271837,12,-170.09956846271837
7886,37,12,-105.71503806602566,6,-83.78879668536612
7887,32,12,-99.88838970893231,6,-73.08599843278336
7888,65,12,-153.92134393244743,12,-153.92134393244743
7889,4,12,-82.85717276709248,1,-8.529172688515441
7890,81,12,-193.3232515767758,12,-193.3232515767758
7891,92,12,-225.4075237139973,12,-225.4075237139973
7892,59,12,-141.367447738551,12,-141.367447738551
7893,95,12,-234.86374178545628,20,-232.40560631336535
7894,81,12,-193.3232515767758,12,-193.3232515767758
7895,36,12,-104.48223209634578,6,-81.52441352950547
7896,64,12,-151.74483656681207,12,-151.74483656681207
7897,83,12,-198.854120452488,12,-198.854120452488
7898,25,12,-93.14842757160632,3,-54.03884427687615
7899,29,12,-96.79732089859871,3,-65.56666537455592
7900,7,12,-83.41503688796908,1,-11.923979800667436
7901,90,12,-219.27143120512085,12,-219.27143120512085
7902,6,12,-83.19527859488348,1,-10.586867266464079
7903,31,12,-98.82428562999917,6,-71.1312116538696
7904,59,12,-141.367447738551,12,-141.367447738551
7905,67,12,-158.37537046268577,12,-158.37537046268577
7906,4,12,-82.85717276709248,1,-8.529172688515441
7907,1,12,-82.6035744145978,1,-6.9851980409108565
7908,76,12,-180.08474406613544,12,-180.08474406613544
7909,8,12,-83.66859579030925,1,-13.466492256876304
7910,63,12,-149.60200276748782,12,-149.60200276748782
7911,33,12,-100.9862386241835,6,-75.10271953333199
7912,33,12,-100.9862386241835,6,-75.10271953333199
7913,29,12,-96.79732089859871,3,-65.56666537455592
7914,29,12,-96.79732089859871,3,-65.56666537455592
7915,86,12,-207.4026530580665,12,-207.4026530580665
7916,63,12,-149.60200276748782,12,-149.60200276748782
7917,25,12,-93.14842757160632,3,-54.03884427687615
7918,93,12,-228.5259880514485,20,-228.46014739973276
7919,56,12,-135.54521295910172,12,-135.54521295910172
7920,67,12,-158.37537046268577,12,-158.37537046268577
7921,91,12,-222.3226706914009,12,-222.3226706914009
7922,40,12,-109.61584921025063,6,-90.95329633472858
7923,13,12,-85.44332130828904,1,-24.257161856809045
7924,90,12,-219.27143120512085,12,-219.27143120512085
7925,44,12,-115.28909842694712,6,-101.37216560238318
7926,24,12,-92.32059977591312,3,-51.42304101039932
7927,98,12,-244.6224017175923,20,-238.4808810119756
7928,48,12,-121.50183715622016,6,-112.7805402942011
7929,25,12,-93.14842757160632,3,-54.03884427687615
7930,60,12,-143.3755650196889,12,-143.3755650196889
7931,37,12,-105.71503806602566,6,-83.78879668536612
7932,31,12,-98.82428562999917,6,-71.1312116538696
7933,15,12,-86.38973765322098,1,-30.008338880137654
7934,86,12,-207.4026530580665,12,-207.4026530580665
7935,97,12,-241.33591412399238,20,-236.43484574939123
7936,11,12,-84.63205382862074,1,-19.32560286376086
7937,17,12,-87.4712850103148,3,-36.095815994462484
7938,28,12,-95.83446470521845,3,-62.525063432602536
7939,43,12,-113.8202034116098,6,-98.67466336494121
7940,20,12,-89.34693764525149,3,-42.025104283182344
7941,36,12,-104.48223209634578,6,-81.52441352950547
7942,8,12,-83.66859579030925,1,-13.466492256876304
7943,47,12,-119.89808312874094,6,-109.83570678670114
7944,5,12,-83.00932314367421,1,-9.455237327983067
7945,30,12,-97.79392861672859,3,-68.71466132418306
7946,60,12,-143.3755650196889,12,-143.3755650196889
7947,51,12,-126.51534543777501,6,-121.9858949902555
7948,47,12,-119.89808312874094,6,-109.83570678670114
7949,51,12,-126.51534543777501,6,-121.9858949902555
7950,2,12,-82.65429616947476,1,-7.294070267709967
7951,84,12,-201.67000297128635,12,-201.67000297128635
7952,88,12,-213.26980172825859,12,-213.26980172825859
7953,13,12,-85.44332130828904,1,-24.257161856809045
7954,62,12,-147.492844759646,12,-147.492844759646
7955,83,12,-198.854120452488,12,-198.854120452488
7956,33,12,-100.9862386241835,6,-75.10271953333199
7957,38,12,-106.98157772725399,6,-86.11507655130762
7958,92,12,-225.4075237139973,12,-225.4075237139973
7959,80,12,-190.60826966535672,12,-190.60826966535672
7960,19,12,-88.68794552856191,3,-39.9420506223111
7961,36,12,-104.48223209634578,6,-81.52441352950547
7962,15,12,-86.38973765322098,1,-30.008338880137654
7963,37,12,-105.71503806602566,6,-83.78879668536612
7964,10,12,-84.27710649292833,1,-17.167386388250772
7965,51,12,-126.51534543777501,6,-121.9858949902555
7966,19,12,-88.68794552856191,3,-39.9420506223111
7967,53,12,-130.0262005218131,6,-128.43176816621013
7968,41,12,-110.98357657528959,6,-93.46522121489485
7969,9,12,-83.95595306941537,1,-15.214321990937147
7970,77,12,-182.66516071256729,12,-182.66516071256729
7971,73,12,-172.54538426876832,12,-172.54538426876832
7972,29,12,-96.79732089859871,3,-65.56666537455592
7973,65,12,-153.92134393244743,12,-153.92134393244743
7974,55,12,-133.67184780709107,12,-133.67184780709107
7975,83,12,-198.854120452488,12,-198.854120452488
7976,96,12,-238.08302673965238,20,-234.40975389635224
7977,34,12,-102.11783014653936,6,-77.18136743158533
7978,58,12,-139.39301515084207,12,-139.39301515084207
7979,30,12,-97.79392861672859,3,-68.71466132418306
7980,53,12,-130.0262005218131,6,-128.43176816621013
7981,36,12,-104.48223209634578,6,-81.52441352950547
7982,26,12,-94.01001581178649,3,-56.76113061721671
7983,40,12,-109.61584921025063,6,-90.95329633472858
7984,0,12,-82.58666666666669,1,-6.8822222222222225
7985,17,12,-87.4712850103148,3,-36.095815994462484
7986,58,12,-139.39301515084207,12,-139.39301515084207
7987,95,12,-234.86374178545628,20,-232.40560631336535
7988,87,12,-210.3194161813455,12,-210.3194161813455
7989,32,12,-99.88838970893231,6,-73.08599843278336
7990,17,12,-87.4712850103148,3,-36.095815994462484
7991,71,12,-167.68740842638795,12,-167.68740842638795
7992,7,12,-83.41503688796908,1,-11.923979800667436
7993,53,12,-130.0262005218131,6,-128.43176816621013
7994,16,12,-86.91362107098472,1,-33.19107800413937
7995,30,12,-97.79392861672859,3,-68.71466132418306
7996,30,12,-97.79392861672859,3,-68.71466132418306
7997,34,12,-102.11783014653936,6,-77.18136743158533
7998,25,12,-93.14842757160632,3,-54.03884427687615
7999,82,12,-196.07186924674602,12,-196.07186924674602
8000,73,12,-172.54538426876832,12,-172.54538426876832
8001,82,12,-196.07186924674602,12,-196.07186924674602
8002,20,12,-89.34693764525149,3,-42.025104283182344
8003,57,12,-137.45226948237894,12,-137.45226948237894
8004,76,12,-180.08474406613544,12,-180.08474406613544
8005,15,12,-86.38973765322098,1,-30.008338880137654
8006,85,12,-204.51951458063076,12,-204.51951458063076
8007,42,12,-112.38502871842148,6,-96.03901273050752
8008,38,12,-106.98157772725399,6,-86.11507655130762
8009,21,12,-90.03970135905276,3,-44.21475244382181
8010,11,12,-84.63205382862074,1,-19.32560286376086
8011,69,12,-162.96406455953235,12,-162.96406455953235
8012,85,12,-204.51951458063076,12,-204.51951458063076
8013,86,12,-207.4026530580665,12,-207.4026530580665
8014,90,12,-219.27143120512085,12,-219.27143120512085
8015,17,12,-87.4712850103148,3,-36.095815994462484
8016,72,12,-170.09956846271837,12,-170.09956846271837
8017,17,12,-87.4712850103148,3,-36.095815994462484
8018,21,12,-90.03970135905276,3,-44.21475244382181
8019,51,12,-126.51534543777501,6,-121.9858949902555
8020,2,12,-82.65429616947476,1,-7.294070267709967
8021,58,12,-139.39301515084207,12,-139.39301515084207
8022,58,12,-139.39301515084207,12,-139.39301515084207
8023,48,12,-121.50183715622016,6,-112.7805402942011
8024,41,12,-110.98357657528959,6,-93.46522121489485
8025,29,12,-96.79732089859871,3,-65.56666537455592
8026,89,12,-216.25380747683084,12,-216.25380747683084
8027,83,12,-198.854120452488,12,-198.854120452488
8028,96,12,-238.08302673965238,20,-234.40975389635224
8029,76,12,-180.08474406613544,12,-180.08474406613544
8030,49,12,-123.13930036828388,6,-115.78718783779036
8031,47,12,-119.89808312874094,6,-109.83570678670114
8032,38,12,-106.98157772725399,6,-86.11507655130762
8033,44,12,-115.28909842694712,6,-101.37216560238318
8034,81,12,-193.3232515767758,12,-193.3232515767758
8035,29,12,-96.79732089859871,3,-65.56666537455592
8036,68,12,-160.6528851776278,12,-160.6528851776278
8037,22,12,-90.76623443917929,3,-46.51097281076241
8038,78,12,-185.27922201012348,12,-185.27922201012348
8039,36,12,-104.48223209634578,6,-81.52441352950547
8040,49,12,-123.13930036828388,6,-115.78718783779036
8041,80,12,-190.60826966535672,12,-190.60826966535672
8042,79,12,-187.92692573545764,12,-187.92692573545764
8043,31,12,-98.82428562999917,6,-71.1312116538696
8044,17,12,-87.4712850103148,3,-36.095815994462484
8045,64,12,-151.74483656681207,12,-151.74483656681207
8046,15,12,-86.38973765322098,1,-30.008338880137654
8047,66,12,-156.13152263937536,12,-156.13152263937536
8048,93,12,-228.5259880514485,20,-228.46014739973276
8049,45,12,-116.79171153665492,6,-104.13151192781399
8050,58,12,-139.39301515084207,12,-139.39301515084207
8051,34,12,-102.11783014653936,6,-77.18136743158533
8052,77,12,-182.66516071256729,12,-182.66516071256729
8053,50,12,-124.81047053779731,6,-118.85564190652914
8054,94,12,-231.6780614823333,20,-230.42240386096492
8055,67,12,-158.37537046268577,12,-158.37537046268577
8056,97,12,-241.33591412399238,20,-236.43484574939123
8057,54,12,-131.832176252549,6,-131.7473732422173
8058,99,12,-247.94248729970576,20,-240.54785882360903
8059,59,12,-141.367447738551,12,-141.367447738551
8060,19,12,-88.68794552856191,3,-39.9420506223111
8061,4,12,-82.85717276709248,1,-8.529172688515441
8062,75,12,-177.53797429426584,12,-177.53797429426584
8063,50,12,-124.81047053779731,6,-118.85564190652914
8064,37,12,-105.71503806602566,6,-83.78879668536612
8065,78,12,-185.27922201012348,12,-185.27922201012348
8066,47,12,-119.89808312874094,6,-109.83570678670114
8067,76,12,-180.08474406613544,12,-180.08474406613544
8068,42,12,-112.38502871842148,6,-96.03901273050752
8069,49,12,-123.13930036828388,6,-115.78718783779036
8070,28,12,-95.83446470521845,3,-62.525063432602536
8071,84,12,-201.67000297128635,12,-201.67000297128635
8072,96,12,-238.08302673965238,20,-234.40975389635224
8073,6,12,-83.19527859488348,1,-10.586867266464079
8074,78,12,-185.27922201012348,12,-185.27922201012348
8075,56,12,-135.54521295910172,12,-135.54521295910172
8076,56,12,-135.54521295910172,12,-135.54521295910172
8077,45,12,-116.79171153665492,6,-104.13151192781399
8078,2,12,-82.65429616947476,1,-7.294070267709967
8079,52,12,-128.2539228413562,6,-125.177939579655
8080,73,12,-172.54538426876832,12,-172.54538426876832
8081,27,12,-94.90536226632408,3,-59.5898777586643
8082,93,12,-228.5259880514485,20,-228.46014739973276
8083,34,12,-102.11783014653936,6,-77.18136743158533
8084,5,12,-83.00932314367421,1,-9.455237327983067
8085,56,12,-135.54521295910172,12,-135.54521295910172
8086,24,12,-92.32059977591312,3,-51.42304101039932
8087,42,12,-112.38502871842148,6,-96.03901273050752
8088,45,12,-116.79171153665492,6,-104.13151192781399
8089,74,12,-175.02485362057575,12,-175.02485362057575
8090,12,12,-85.02079284439587,1,-21.68888886194659
8091,4,12,-82.85717276709248,1,-8.529172688515441
8092,97,12,-241.33591412399238,20,-236.43484574939123
8093,36,12,-104.48223209634578,6,-81.52441352950547
8094,93,12,-228.5259880514485,20,-228.46014739973276
8095,38,12,-106.98157772725399,6,-86.11507655130762
8096,74,12,-175.02485362057575,12,-175.02485362057575
8097,42,12,-112.38502871842148,6,-96.03901273050752
8098,35,12,-103.28316204691019,6,-79.32193460441326
8099,98,12,-244.6224017175923,20,-238.4808810119756
8100,58,12,-139.39301515084207,12,-139.39301515084207
8101,76,12,-180.08474406613544,12,-180.08474406613544
8102,21,12,-90.03970135905276,3,-44.21475244382181
8103,70,12,-165.30890638391594,12,-165.30890638391594
8104,95,12,-234.86374178545628,20,-232.40560631336535
8105,12,12,-85.02079284439587,1,-21.68888886194659
8106,42,12,-112.38502871842148,6,-96.03901273050752
8107,66,12,-156.13152263937536,12,-156.13152263937536
8108,51,12,-126.51534543777501,6,-121.9858949902555
8109,23,12,-91.52653465497364,3,-48.91374309468091
8110,24,12,-92.32059977591312,3,-51.42304101039932
8111,74,12,-175.02485362057575,12,-175.02485362057575
8112,75,12,-177.53797429426584,12,-177.53797429426584
8113,54,12,-131.832176252549,6,-131.7473732422173
8114,53,12,-130.0262005218131,6,-128.43176816621013
8115,68,12,-160.6528851776278,12,-160.6528851776278
8116,98,12,-244.6224017175923,20,-238.4808810119756
8117,81,12,-193.3232515767758,12,-193.3232515767758
8118,68,12,-160.6528851776278,12,-160.6528851776278
8119,26,12,-94.01001581178649,3,-56.76113061721671
8120,40,12,-109.61584921025063,6,-90.95329633472858
8121,7,12,-83.41503688796908,1,-11.923979800667436
8122,2,12,-82.65429616947476,1,-7.294070267709967
8123,98,12,-244.6224017175923,20,-238.4808810119756
8124,97,12,-241.33591412399238,20,-236.43484574939123
8125,43,12,-113.8202034116098,6,-98.67466336494121
8126,84,12,-201.67000297128635,12,-201.67000297128635
8127,29,12,-96.79732089859871,3,-65.56666537455592
8128,66,12,-156.13152263937536,12,-156.13152263937536
8129,78,12,-185.27922201012348,12,-185.27922201012348
8130,74,12,-175.02485362057575,12,-175.02485362057575
8131,76,12,-180.08474406613544,12,-180.08474406613544
8132,90,12,-219.27143120512085,12,-219.27143120512085
8133,46,12,-118.32804051309115,6,-106.95269482704867
8134,39,12,-108.28184885147208,6,-88.50324560744662
8135,53,12,-130.0262005218131,6,-128.43176816621013
8136,14,12,-85.8996369884651,1,-27.0303393518663
8137,30,12,-97.79392861672859,3,-68.71466132418306
8138,67,12,-158.37537046268577,12,-158.37537046268577
8139,78,12,-185.27922201012348,12,-185.27922201012348
8140,21,12,-90.03970135905276,3,-44.21475244382181
8141,36,12,-104.48223209634578,6,-81.52441352950547
8142,69,12,-162.96406455953235,12,-162.96406455953235
8143,40,12,-109.61584921025063,6,-90.95329633472858
8144,16,12,-86.91362107098472,1,-33.19107800413937
8145,7,12,-83.41503688796908,1,-11.923979800667436
8146,84,12,-201.67000297128635,12,-201.67000297128635
8147,19,12,-88.68794552856191,3,-39.9420506223111
8148,2,12,-82.65429616947476,1,-7.294070267709967
8149,60,12,-143.3755650196889,12,-143.3755650196889
8150,32,12,-99.88838970893231,6,-73.08599843278336
8151,99,12,-247.94248729970576,20,-240.54785882360903
8152,18,12,-88.0627272398999,3,-37.96561375881964
8153,51,12,-126.51534543777501,6,-121.9858949902555
8154,47,12,-119.89808312874094,6,-109.83570678670114
8155,61,12,-145.41736476856974,12,-145.41736476856974
8156,17,12,-87.4712850103148,3,-36.095815994462484
8157,66,12,-156.13152263937536,12,-156.13152263937536
8158,54,12,-131.832176252549,6,-131.7473732422173
8159,9,12,-83.95595306941537,1,-15.214321990937147
8160,42,12,-112.38502871842148,6,-96.03901273050752
8161,70,12,-165.30890638391594,12,-165.30890638391594
8162,21,12,-90.03970135905276,3,-44.21475244382181
8163,49,12,-123.13930036828388,6,-115.78718783779036
8164,45,12,-116.79171153665492,6,-104.13151192781399
8165,7,12,-83.41503688796908,1,-11.923979800667436
8166,85,12,-204.51951458063076,12,-204.51951458063076
8167,73,12,-172.54538426876832,12,-172.54538426876832
8168,89,12,-216.25380747683084,12,-216.25380747683084
8169,18,12,-88.0627272398999,3,-37.96561375881964
8170,60,12,-143.3755650196889,12,-143.3755650196889
8171,71,12,-167.68740842638795,12,-167.68740842638795
8172,78,12,-185.27922201012348,12,-185.27922201012348
8173,4,12,-82.85717276709248,1,-8.529172688515441
8174,92,12,-225.4075237139973,12,-225.4075237139973
8175,83,12,-198.854120452488,12,-198.854120452488
8176,73,12,-172.54538426876832,12,-172.54538426876832
8177,91,12,-222.3226706914009,12,-222.3226706914009
8178,20,12,-89.34693764525149,3,-42.025104283182344
8179,66,12,-156.13152263937536,12,-156.13152263937536
8180,13,12,-85.44332130828904,1,-24.257161856809045
8181,61,12,-145.41736476856974,12,-145.41736476856974
8182,96,12,-238.08302673965238,20,-234.40975389635224
8183,15,12,-86.38973765322098,1,-30.008338880137654
8184,50,12,-124.81047053779731,6,-118.85564190652914
8185,53,12,-130.0262005218131,6,-128.43176816621013
8186,69,12,-162.96406455953235,12,-162.96406455953235
8187,76,12,-180.08474406613544,12,-180.08474406613544
8188,42,12,-112.38502871842148,6,-96.03901273050752
8189,37,12,-105.71503806602566,6,-83.78879668536612
8190,5,12,-83.00932314367421,1,-9.455237327983067
8191,52,12,-128.2539228413562,6,-125.177939579655
8192,60,12,-143.3755650196889,12,-143.3755650196889
8193,59,12,-141.367447738551,12,-141.367447738551
8194,30,12,-97.79392861672859,3,-68.71466132418306
8195,7,12,-83.41503688796908,1,-11.923979800667436
8196,84,12,-201.67000297128635,12,-201.67000297128635
8197,83,12,-198.854120452488,12,-198.854120452488
8198,34,12,-102.11783014653936,6,-77.18136743158533
8199,26,12,-94.01001581178649,3,-56.76113061721671
8200,39,12,-108.28184885147208,6,-88.50324560744662
8201,75,12,-177.53797429426584,12,-177.53797429426584
8202,82,12,-196.07186924674602,12,-196.07186924674602
8203,17,12,-87.4712850103148,3,-36.095815994462484
8204,64,12,-151.74483656681207,12,-151.74483656681207
8205,61,12,-145.41736476856974,12,-145.41736476856974
8206,54,12,-131.832176252549,6,-131.7473732422173
8207,4,12,-82.85717276709248,1,-8.529172688515441
8208,80,12,-190.60826966535672,12,-190.60826966535672
8209,56,12,-135.54521295910172,12,-135.54521295910172
8210,89,12,-216.25380747683084,12,-216.25380747683084
8211,97,12,-241.33591412399238,20,-236.43484574939123
8212,28,12,-95.83446470521845,3,-62.525063432602536
8213,98,12,-244.6224017175923,20,-238.4808810119756
8214,17,12,-87.4712850103148,3,-36.095815994462484
8215,7,12,-83.41503688796908,1,-11.923979800667436
8216,43,12,-113.8202034116098,6,-98.67466336494121
8217,64,12,-151.74483656681207,12,-151.74483656681207
8218,49,12,-123.13930036828388,6,-115.78718783779036
8219,72,12,-170.09956846271837,12,-170.09956846271837
8220,84,12,-201.67000297128635,12,-201.67000297128635
8221,1,12,-82.6035744145978,1,-6.9851980409108565
8222,27,12,-94.90536226632408,3,-59.5898777586643
8223,43,12,-113.8202034116098,6,-98.67466336494121
8224,58,12,-139.39301515084207,12,-139.39301515084207
8225,15,12,-86.38973765322098,1,-30.008338880137654
8226,52,12,-128.2539228413562,6,-125.177939579655
8227,9,12,-83.95595306941537,1,-15.214321990937147
8228,24,12,-92.32059977591312,3,-51.42304101039932
8229,72,12,-170.09956846271837,12,-170.09956846271837
8230,89,12,-216.25380747683084,12,-216.25380747683084
8231,99,12,-247.94248729970576,20,-240.54785882360903
8232,46,12,-118.32804051309115,6,-106.95269482704867
8233,91,12,-222.3226706914009,12,-222.3226706914009
8234,98,12,-244.6224017175923,20,-238.4808810119756
8235,45,12,-116.79171153665492,6,-104.13151192781399
8236,65,12,-153.92134393244743,12,-153.92134393244743
8237,54,12,-131.832176252549,6,-131.7473732422173
8238,72,12,-170.09956846271837,12,-170.09956846271837
8239,79,12,-187.92692573545764,12,-187.92692573545764
8240,24,12,-92.32059977591312,3,-51.42304101039932
8241,8,12,-83.66859579030925,1,-13.466492256876304
8242,17,12,-87.4712850103148,3,-36.095815994462484
8243,39,12,-108.28184885147208,6,-88.50324560744662
8244,84,12,-201.67000297128635,12,-201.67000297128635
8245,6,12,-83.19527859488348,1,-10.586867266464079
8246,46,12,-118.32804051309115,6,-106.95269482704867
8247,82,12,-196.07186924674602,12,-196.07186924674602
8248,26,12,-94.01001581178649,3,-56.76113061721671
8249,79,12,-187.92692573545764,12,-187.92692573545764
8250,7,12,-83.41503688796908,1,-11.923979800667436
8251,1,12,-82.6035744145978,1,-6.9851980409108565
8252,28,12,-95.83446470521845,3,-62.525063432602536
8253,16,12,-86.91362107098472,1,-33.19107800413937
8254,29,12,-96.79732089859871,3,-65.56666537455592
8255,76,12,-180.08474406613544,12,-180.08474406613544
8256,97,12,-241.33591412399238,20,-236.43484574939123
8257,1,12,-82.6035744145978,1,-6.9851980409108565
8258,29,12,-96.79732089859871,3,-65.56666537455592
8259,46,12,-118.32804051309115,6,-106.95269482704867
8260,94,12,-231.6780614823333,20,-230.42240386096492
8261,81,12,-193.3232515767758,12,-193.3232515767758
8262,5,12,-83.00932314367421,1,-9.455237327983067
8263,21,12,-90.03970135905276,3,-44.21475244382181
8264,5,12,-83.00932314367421,1,-9.455237327983067
8265,88,12,-213.26980172825859,12,-213.26980172825859
8266,15,12,-86.38973765322098,1,-30.008338880137654
8267,54,12,-131.832176252549,6,-131.7473732422173
8268,45,12,-116.79171153665492,6,-104.13151192781399
8269,87,12,-210.3194161813455,12,-210.3194161813455
8270,47,12,-119.89808312874094,6,-109.83570678670114
8271,85,12,-204.51951458063076,12,-204.51951458063076
8272,42,12,-112.38502871842148,6,-96.03901273050752
8273,22,12,-90.76623443917929,3,-46.51097281076241
8274,32,12,-99.88838970893231,6,-73.08599843278336
8275,73,12,-172.54538426876832,12,-172.54538426876832
8276,92,12,-225.4075237139973,12,-225.4075237139973
8277,59,12,-141.367447738551,12,-141.367447738551
8278,47,12,-119.89808312874094,6,-109.83570678670114
8279,28,12,-95.83446470521845,3,-62.525063432602536
8280,10,12,-84.27710649292833,1,-17.167386388250772
8281,21,12,-90.03970135905276,3,-44.21475244382181
8282,75,12,-177.53797429426584,12,-177.53797429426584
8283,19,12,-88.68794552856191,3,-39.9420506223111
8284,79,12,-187.92692573545764,12,-187.92692573545764
8285,9,12,-83.95595306941537,1,-15.214321990937147
8286,24,12,-92.32059977591312,3,-51.42304101039932
8287,49,12,-123.13930036828388,6,-115.78718783779036
8288,50,12,-124.81047053779731,6,-118.85564190652914
8289,52,12,-128.2539228413562,6,-125.177939579655
8290,83,12,-198.854120452488,12,-198.854120452488
8291,14,12,-85.8996369884651,1,-27.0303393518663
8292,31,12,-98.82428562999917,6,-71.1312116538696
8293,70,12,-165.30890638391594,12,-165.30890638391594
8294,29,12,-96.79732089859871,3,-65.56666537455592
8295,37,12,-105.71503806602566,6,-83.78879668536612
8296,45,12,-116.79171153665492,6,-104.13151192781399
8297,92,12,-225.4075237139973,12,-225.4075237139973
8298,80,12,-190.60826966535672,12,-190.60826966535672
8299,58,12,-139.39301515084207,12,-139.39301515084207
8300,5,12,-83.00932314367421,1,-9.455237327983067
8301,82,12,-196.07186924674602,12,-196.07186924674602
8302,49,12,-123.13930036828388,6,-115.78718783779036
8303,81,12,-193.3232515767758,12,-193.3232515767758
8304,33,12,-100.9862386241835,6,-75.10271953333199
8305,90,12,-219.27143120512085,12,-219.27143120512085
8306,87,12,-210.3194161813455,12,-210.3194161813455
8307,50,12,-124.81047053779731,6,-118.85564190652914
8308,16,12,-86.91362107098472,1,-33.19107800413937
8309,85,12,-204.51951458063076,12,-204.51951458063076
8310,45,12,-116.79171153665492,6,-104.13151192781399
8311,44,12,-115.28909842694712,6,-101.37216560238318
8312,21,12,-90.03970135905276,3,-44.21475244382181
8313,47,12,-119.89808312874094,6,-109.83570678670114
8314,26,12,-94.01001581178649,3,-56.76113061721671
8315,46,12,-118.32804051309115,6,-106.95269482704867
8316,90,12,-219.27143120512085,12,-219.27143120512085
8317,4,12,-82.85717276709248,1,-8.529172688515441
8318,38,12,-106.98157772725399,6,-86.11507655130762
8319,77,12,-182.66516071256729,12,-182.66516071256729
8320,73,12,-172.54538426876832,12,-172.54538426876832
8321,70,12,-165.30890638391594,12,-165.30890638391594
8322,35,12,-103.28316204691019,6,-79.32193460441326
8323,12,12,-85.02079284439587,1,-21.68888886194659
8324,5,12,-83.00932314367421,1,-9.455237327983067
8325,95,12,-234.86374178545628,20,-232.40560631336535
8326,56,12,-135.54521295910172,12,-135.54521295910172
8327,28,12,-95.83446470521845,3,-62.525063432602536
8328,82,12,-196.07186924674602,12,-196.07186924674602
8329,62,12,-147.492844759646,12,-147.492844759646
8330,89,12,-216.25380747683084,12,-216.25380747683084
8331,92,12,-225.4075237139973,12,-225.4075237139973
8332,99,12,-247.94248729970576,20,-240.54785882360903
8333,15,12,-86.38973765322098,1,-30.008338880137654
8334,95,12,-234.86374178545628,20,-232.40560631336535
8335,47,12,-119.89808312874094,6,-109.83570678670114
8336,35,12,-103.28316204691019,6,-79.32193460441326
8337,92,12,-225.4075237139973,12,-225.4075237139973
8338,95,12,-234.86374178545628,20,-232.40560631336535
8339,11,12,-84.63205382862074,1,-19.32560286376086
8340,25,12,-93.14842757160632,3,-54.03884427687615
8341,18,12,-88.0627272398999,3,-37.96561375881964
8342,96,12,-238.08302673965238,20,-234.40975389635224
8343,60,12,-143.3755650196889,12,-143.3755650196889
8344,99,12,-247.94248729970576,20,-240.54785882360903
8345,90,12,-219.27143120512085,12,-219.27143120512085
8346,51,12,-126.51534543777501,6,-121.9858949902555
8347,94,12,-231.6780614823333,20,-230.42240386096492
8348,68,12,-160.6528851776278,12,-160.6528851776278
8349,43,12,-113.8202034116098,6,-98.67466336494121
8350,14,12,-85.8996369884651,1,-27.0303393518663
8351,5,12,-83.00932314367421,1,-9.455237327983067
8352,96,12,-238.08302673965238,20,-234.40975389635224
8353,0,12,-82.58666666666669,1,-6.8822222222222225
8354,46,12,-118.32804051309115,6,-106.95269482704867
8355,4,12,-82.85717276709248,1,-8.529172688515441
8356,61,12,-145.41736476856974,12,-145.41736476856974
8357,21,12,-90.03970135905276,3,-44.21475244382181
8358,84,12,-201.67000297128635,12,-201.67000297128635
8359,50,12,-124.81047053779731,6,-118.85564190652914
8360,14,12,-85.8996369884651,1,-27.0303393518663
8361,55,12,-133.67184780709107,12,-133.67184780709107
8362,69,12,-162.96406455953235,12,-162.96406455953235
8363,12,12,-85.02079284439587,1,-21.68888886194659
8364,57,12,-137.45226948237894,12,-137.45226948237894
8365,3,12,-82.73882969802135,1,-7.808756080935194
8366,29,12,-96.79732089859871,3,-65.56666537455592
8367,33,12,-100.9862386241835,6,-75.10271953333199
8368,48,12,-121.50183715622016,6,-112.7805402942011
8369,37,12,-105.71503806602566,6,-83.78879668536612
8370,18,12,-88.0627272398999,3,-37.96561375881964
8371,73,12,-172.54538426876832,12,-172.54538426876832
8372,36,12,-104.48223209634578,6,-81.52441352950547
8373,67,12,-158.37537046268577,12,-158.37537046268577
8374,5,12,-83.00932314367421,1,-9.455237327983067
8375,60,12,-143.3755650196889,12,-143.3755650196889
8376,63,12,-149.60200276748782,12,-149.60200276748782
8377,72,12,-170.09956846271837,12,-170.09956846271837
8378,73,12,-172.54538426876832,12,-172.54538426876832
8379,17,12,-87.4712850103148,3,-36.095815994462484
8380,87,12,-210.3194161813455,12,-210.3194161813455
8381,67,12,-158.37537046268577,12,-158.37537046268577
8382,3,12,-82.73882969802135,1,-7.808756080935194
8383,69,12,-162.96406455953235,12,-162.96406455953235
8384,44,12,-115.28909842694712,6,-101.37216560238318
8385,75,12,-177.53797429426584,12,-177.53797429426584
8386,41,12,-110.98357657528959,6,-93.46522121489485
8387,62,12,-147.492844759646,12,-147.492844759646
8388,43,12,-113.8202034116098,6,-98.67466336494121
8389,79,12,-187.92692573545764,12,-187.92692573545764
8390,94,12,-231.6780614823333,20,-230.42240386096492
8391,0,12,-82.58666666666669,1,-6.8822222222222225
8392,16,12,-86.91362107098472,1,-33.19107800413937
8393,33,12,-100.9862386241835,6,-75.10271953333199
8394,45,12,-116.79171153665492,6,-104.13151192781399
8395,43,12,-113.8202034116098,6,-98.67466336494121
8396,71,12,-167.68740842638795,12,-167.68740842638795
8397,81,12,-193.3232515767758,12,-193.3232515767758
8398,37,12,-105.71503806602566,6,-83.78879668536612
8399,41,12,-110.98357657528959,6,-93.46522121489485
8400,38,12,-106.98157772725399,6,-86.11507655130762
8401,35,12,-103.28316204691019,6,-79.32193460441326
8402,49,12,-123.13930036828388,6,-115.78718783779036
8403,81,12,-193.3232515767758,12,-193.3232515767758
8404,15,12,-86.38973765322098,1,-30.008338880137654
8405,54,12,-131.832176252549,6,-131.7473732422173
8406,42,12,-112.38502871842148,6,-96.03901273050752
8407,89,12,-216.25380747683084,12,-216.25380747683084
8408,72,12,-170.09956846271837,12,-170.09956846271837
8409,45,12,-116.79171153665492,6,-104.13151192781399
8410,45,12,-116.79171153665492,6,-104.13151192781399
8411,15,12,-86.38973765322098,1,-30.008338880137654
8412,62,12,-147.492844759646,12,-147.492844759646
8413,52,12,-128.2539228413562,6,-125.177939579655
8414,35,12,-103.28316204691019,6,-79.32193460441326
8415,98,12,-244.6224017175923,20,-238.4808810119756
8416,56,12,-135.54521295910172,12,-135.54521295910172
8417,1,12,-82.6035744145978,1,-6.9851980409108565
8418,99,12,-247.94248729970576,20,-240.54785882360903
8419,55,12,-133.67184780709107,12,-133.67184780709107
8420,92,12,-225.4075237139973,12,-225.4075237139973
8421,27,12,-94.90536226632408,3,-59.5898777586643
8422,41,12,-110.98357657528959,6,-93.46522121489485
8423,2,12,-82.65429616947476,1,-7.294070267709967
8424,14,12,-85.8996369884651,1,-27.0303393518663
8425,24,12,-92.32059977591312,3,-51.42304101039932
8426,88,12,-213.26980172825859,12,-213.26980172825859
8427,19,12,-88.68794552856191,3,-39.9420506223111
8428,5,12,-83.00932314367421,1,-9.455237327983067
8429,99,12,-247.94248729970576,20,-240.54785882360903
8430,35,12,-103.28316204691019,6,-79.32193460441326
8431,33,12,-100.9862386241835,6,-75.10271953333199
8432,90,12,-219.27143120512085,12,-219.27143120512085
8433,76,12,-180.08474406613544,12,-180.08474406613544
8434,26,12,-94.01001581178649,3,-56.76113061721671
8435,15,12,-86.38973765322098,1,-30.008338880137654
8436,40,12,-109.61584921025063,6,-90.95329633472858
8437,15,12,-86.38973765322098,1,-30.008338880137654
8438,35,12,-103.28316204691019,6,-79.32193460441326
8439,85,12,-204.51951458063076,12,-204.51951458063076
8440,29,12,-96.79732089859871,3,-65.56666537455592
8441,22,12,-90.76623443917929,3,-46.51097281076241
8442,58,12,-139.39301515084207,12,-139.39301515084207
8443,45,12,-116.79171153665492,6,-104.13151192781399
8444,3,12,-82.73882969802135,1,-7.808756080935194
8445,89,12,-216.25380747683084,12,-216.25380747683084
8446,79,12,-187.92692573545764,12,-187.92692573545764
8447,89,12,-216.25380747683084,12,-216.25380747683084
8448,67,12,-158.37537046268577,12,-158.37537046268577
8449,58,12,-139.39301515084207,12,-139.39301515084207
8450,20,12,-89.34693764525149,3,-42.025104283182344
8451,57,12,-137.45226948237894,12,-137.45226948237894
8452,60,12,-143.3755650196889,12,-143.3755650196889
8453,23,12,-91.52653465497364,3,-48.91374309468091
8454,3,12,-82.73882969802135,1,-7.808756080935194
8455,87,12,-210.3194161813455,12,-210.3194161813455
8456,97,12,-241.33591412399238,20,-236.43484574939123
8457,67,12,-158.37537046268577,12,-158.37537046268577
8458,9,12,-83.95595306941537,1,-15.214321990937147
8459,30,12,-97.79392861672859,3,-68.71466132418306
8460,15,12,-86.38973765322098,1,-30.008338880137654
8461,0,12,-82.58666666666669,1,-6.8822222222222225
8462,79,12,-187.92692573545764,12,-187.92692573545764
8463,39,12,-108.28184885147208,6,-88.50324560744662
8464,26,12,-94.01001581178649,3,-56.76113061721671
8465,61,12,-145.41736476856974,12,-145.41736476856974
8466,88,12,-213.26980172825859,12,-213.26980172825859
8467,47,12,-119.89808312874094,6,-109.83570678670114
8468,61,12,-145.41736476856974,12,-145.41736476856974
8469,90,12,-219.27143120512085,12,-219.27143120512085
8470,2,12,-82.65429616947476,1,-7.294070267709967
8471,73,12,-172.54538426876832,12,-172.54538426876832
8472,34,12,-102.11783014653936,6,-77.18136743158533
8473,32,12,-99.88838970893231,6,-73.08599843278336
8474,76,12,-180.08474406613544,12,-180.08474406613544
8475,85,12,-204.51951458063076,12,-204.51951458063076
8476,66,12,-156.13152263937536,12,-156.13152263937536
8477,60,12,-143.3755650196889,12,-143.3755650196889
8478,29,12,-96.79732089859871,3,-65.56666537455592
8479,8,12,-83.66859579030925,1,-13.466492256876304
8480,84,12,-201.67000297128635,12,-201.67000297128635
8481,96,12,-238.08302673965238,20,-234.40975389635224
8482,57,12,-137.45226948237894,12,-137.45226948237894
8483,28,12,-95.83446470521845,3,-62.525063432602536
8484,35,12,-103.28316204691019,6,-79.32193460441326
8485,0,12,-82.58666666666669,1,-6.8822222222222225
8486,53,12,-130.0262005218131,6,-128.43176816621013
8487,74,12,-175.02485362057575,12,-175.02485362057575
8488,3,12,-82.73882969802135,1,-7.808756080935194
8489,65,12,-153.92134393244743,12,-153.92134393244743
8490,25,12,-93.14842757160632,3,-54.03884427687615
8491,12,12,-85.02079284439587,1,-21.68888886194659
8492,60,12,-143.3755650196889,12,-143.3755650196889
8493,74,12,-175.02485362057575,12,-175.02485362057575
8494,57,12,-137.45226948237894,12,-137.45226948237894
8495,22,12,-90.76623443917929,3,-46.51097281076241
8496,93,12,-228.5259880514485,20,-228.46014739973276
8497,74,12,-175.02485362057575,12,-175.02485362057575
8498,59,12,-141.367447738551,12,-141.367447738551
8499,56,12,-135.54521295910172,12,-135.54521295910172
8500,50,12,-124.81047053779731,6,-118.85564190652914
8501,67,12,-158.37537046268577,12,-158.37537046268577
8502,32,12,-99.88838970893231,6,-73.08599843278336
8503,36,12,-104.48223209634578,6,-81.52441352950547
8504,73,12,-172.54538426876832,12,-172.54538426876832
8505,97,12,-241.33591412399238,20,-236.43484574939123
8506,35,12,-103.28316204691019,6,-79.32193460441326
8507,5,12,-83.00932314367421,1,-9.455237327983067
8508,94,12,-231.6780614823333,20,-230.42240386096492
8509,43,12,-113.8202034116098,6,-98.67466336494121
8510,97,12,-241.33591412399238,20,-236.43484574939123
8511,69,12,-162.96406455953235,12,-162.96406455953235
8512,28,12,-95.83446470521845,3,-62.525063432602536
8513,9,12,-83.95595306941537,1,-15.214321990937147
8514,61,12,-145.41736476856974,12,-145.41736476856974
8515,94,12,-231.6780614823333,20,-230.42240386096492
8516,95,12,-234.86374178545628,20,-232.40560631336535
8517,57,12,-137.45226948237894,12,-137.45226948237894
8518,65,12,-153.92134393244743,12,-153.92134393244743
8519,18,12,-88.0627272398999,3,-37.96561375881964
8520,55,12,-133.67184780709107,12,-133.67184780709107
8521,67,12,-158.37537046268577,12,-158.37537046268577
8522,5,12,-83.00932314367421,1,-9.455237327983067
8523,81,12,-193.3232515767758,12,-193.3232515767758
8524,38,12,-106.98157772725399,6,-86.11507655130762
8525,27,12,-94.90536226632408,3,-59.5898777586643
8526,7,12,-83.41503688796908,1,-11.923979800667436
8527,59,12,-141.367447738551,12,-141.367447738551
8528,95,12,-234.86374178545628,20,-232.40560631336535
8529,96,12,-238.08302673965238,20,-234.40975389635224
8530,97,12,-241.33591412399238,20,-236.43484574939123
8531,90,12,-219.27143120512085,12,-219.27143120512085
8532,48,12,-121.50183715622016,6,-112.7805402942011
8533,30,12,-97.79392861672859,3,-68.71466132418306
8534,88,12,-213.26980172825859,12,-213.26980172825859
8535,44,12,-115.28909842694712,6,-101.37216560238318
8536,58,12,-139.39301515084207,12,-139.39301515084207
8537,53,12,-130.0262005218131,6,-128.43176816621013
8538,81,12,-193.3232515767758,12,-193.3232515767758
8539,81,12,-193.3232515767758,12,-193.3232515767758
8540,44,12,-115.28909842694712,6,-101.37216560238318
8541,33,12,-100.9862386241835,6,-75.10271953333199
8542,56,12,-135.54521295910172,12,-135.54521295910172
8543,5,12,-83.00932314367421,1,-9.455237327983067
8544,46,12,-118.32804051309115,6,-106.95269482704867
8545,6,12,-83.19527859488348,1,-10.586867266464079
8546,92,12,-225.4075237139973,12,-225.4075237139973
8547,20,12,-89.34693764525149,3,-42.025104283182344
8548,1,12,-82.6035744145978,1,-6.9851980409108565
8549,81,12,-193.3232515767758,12,-193.3232515767758
8550,71,12,-167.68740842638795,12,-167.68740842638795
8551,36,12,-104.48223209634578,6,-81.52441352950547
8552,21,12,-90.03970135905276,3,-44.21475244382181
8553,41,12,-110.98357657528959,6,-93.46522121489485
8554,41,12,-110.98357657528959,6,-93.46522121489485
8555,20,12,-89.34693764525149,3,-42.025104283182344
8556,62,12,-147.492844759646,12,-147.492844759646
8557,74,12,-175.02485362057575,12,-175.02485362057575
8558,7,12,-83.41503688796908,1,-11.923979800667436
8559,55,12,-133.67184780709107,12,-133.67184780709107
8560,61,12,-145.41736476856974,12,-145.41736476856974
8561,72,12,-170.09956846271837,12,-170.09956846271837
8562,85,12,-204.51951458063076,12,-204.51951458063076
8563,54,12,-131.832176252549,6,-131.7473732422173
8564,55,12,-133.67184780709107,12,-133.67184780709107
8565,22,12,-90.76623443917929,3,-46.51097281076241
8566,15,12,-86.38973765322098,1,-30.008338880137654
8567,89,12,-216.25380747683084,12,-216.25380747683084
8568,42,12,-112.38502871842148,6,-96.03901273050752
8569,33,12,-100.9862386241835,6,-75.10271953333199
8570,99,12,-247.94248729970576,20,-240.54785882360903
8571,38,12,-106.98157772725399,6,-86.11507655130762
8572,30,12,-97.79392861672859,3,-68.71466132418306
8573,41,12,-110.98357657528959,6,-93.46522121489485
8574,77,12,-182.66516071256729,12,-182.66516071256729
8575,86,12,-207.4026530580665,12,-207.4026530580665
8576,35,12,-103.28316204691019,6,-79.32193460441326
8577,73,12,-172.54538426876832,12,-172.54538426876832
8578,91,12,-222.3226706914009,12,-222.3226706914009
8579,30,12,-97.79392861672859,3,-68.71466132418306
8580,12,12,-85.02079284439587,1,-21.68888886194659
8581,62,12,-147.492844759646,12,-147.492844759646
8582,14,12,-85.8996369884651,1,-27.0303393518663
8583,98,12,-244.6224017175923,20,-238.4808810119756
8584,98,12,-244.6224017175923,20,-238.4808810119756
8585,76,12,-180.08474406613544,12,-180.08474406613544
8586,97,12,-241.33591412399238,20,-236.43484574939123
8587,75,12,-177.53797429426584,12,-177.53797429426584
8588,59,12,-141.367447738551,12,-141.367447738551
8589,91,12,-222.3226706914009,12,-222.3226706914009
8590,54,12,-131.832176252549,6,-131.7473732422173
8591,86,12,-207.4026530580665,12,-207.4026530580665
8592,53,12,-130.0262005218131,6,-128.43176816621013
8593,55,12,-133.67184780709107,12,-133.67184780709107
8594,66,12,-156.13152263937536,12,-156.13152263937536
8595,90,12,-219.27143120512085,12,-219.27143120512085
8596,66,12,-156.13152263937536,12,-156.13152263937536
8597,64,12,-151.74483656681207,12,-151.74483656681207
8598,79,12,-187.92692573545764,12,-187.92692573545764
8599,58,12,-139.39301515084207,12,-139.39301515084207
8600,20,12,-89.34693764525149,3,-42.025104283182344
8601,43,12,-113.8202034116098,6,-98.67466336494121
8602,89,12,-216.25380747683084,12,-216.25380747683084
8603,15,12,-86.38973765322098,1,-30.008338880137654
8604,24,12,-92.32059977591312,3,-51.42304101039932
8605,60,12,-143.3755650196889,12,-143.3755650196889
8606,3,12,-82.73882969802135,1,-7.808756080935194
8607,8,12,-83.66859579030925,1,-13.466492256876304
8608,20,12,-89.34693764525149,3,-42.025104283182344
8609,67,12,-158.37537046268577,12,-158.37537046268577
8610,47,12,-119.89808312874094,6,-109.83570678670114
8611,46,12,-118.32804051309115,6,-106.95269482704867
8612,62,12,-147.492844759646,12,-147.492844759646
8613,19,12,-88.68794552856191,3,-39.9420506223111
8614,96,12,-238.08302673965238,20,-234.40975389635224
8615,45,12,-116.79171153665492,6,-104.13151192781399
8616,59,12,-141.367447738551,12,-141.367447738551
8617,60,12,-143.3755650196889,12,-143.3755650196889
8618,58,12,-139.39301515084207,12,-139.39301515084207
8619,6,12,-83.19527859488348,1,-10.586867266464079
8620,80,12,-190.60826966535672,12,-190.60826966535672
8621,63,12,-149.60200276748782,12,-149.60200276748782
8622,71,12,-167.68740842638795,12,-167.68740842638795
8623,87,12,-210.3194161813455,12,-210.3194161813455
8624,20,12,-89.34693764525149,3,-42.025104283182344
8625,66,12,-156.13152263937536,12,-156.13152263937536
8626,57,12,-137.45226948237894,12,-137.45226948237894
8627,95,12,-234.86374178545628,20,-232.40560631336535
8628,26,12,-94.01001581178649,3,-56.76113061721671
8629,46,12,-118.32804051309115,6,-106.95269482704867
8630,70,12,-165.30890638391594,12,-165.30890638391594
8631,77,12,-182.66516071256729,12,-182.66516071256729
8632,48,12,-121.50183715622016,6,-112.7805402942011
8633,59,12,-141.367447738551,12,-141.367447738551
8634,58,12,-139.39301515084207,12,-139.39301515084207
8635,50,12,-124.81047053779731,6,-118.85564190652914
8636,94,12,-231.6780614823333,20,-230.42240386096492
8637,56,12,-135.54521295910172,12,-135.54521295910172
8638,45,12,-116.79171153665492,6,-104.13151192781399
8639,48,12,-121.50183715622016,6,-112.7805402942011
8640,97,12,-241.33591412399238,20,-236.43484574939123
8641,23,12,-91.52653465497364,3,-48.91374309468091
8642,68,12,-160.6528851776278,12,-160.6528851776278
8643,72,12,-170.09956846271837,12,-170.09956846271837
8644,16,12,-86.91362107098472,1,-33.19107800413937
8645,1,12,-82.6035744145978,1,-6.9851980409108565
8646,51,12,-126.51534543777501,6,-121.9858949902555
8647,45,12,-116.79171153665492,6,-104.13151192781399
8648,80,12,-190.60826966535672,12,-190.60826966535672
8649,38,12,-106.98157772725399,6,-86.11507655130762
8650,4,12,-82.85717276709248,1,-8.529172688515441
8651,26,12,-94.01001581178649,3,-56.76113061721671
8652,75,12,-177.53797429426584,12,-177.53797429426584
8653,5,12,-83.00932314367421,1,-9.455237327983067
8654,38,12,-106.98157772725399,6,-86.11507655130762
8655,30,12,-97.79392861672859,3,-68.71466132418306
8656,24,12,-92.32059977591312,3,-51.42304101039932
8657,75,12,-177.53797429426584,12,-177.53797429426584
8658,45,12,-116.79171153665492,6,-104.13151192781399
8659,17,12,-87.4712850103148,3,-36.095815994462484
8660,69,12,-162.96406455953235,12,-162.96406455953235
8661,55,12,-133.67184780709107,12,-133.67184780709107
8662,62,12,-147.492844759646,12,-147.492844759646
8663,90,12,-219.27143120512085,12,-219.27143120512085
8664,25,12,-93.14842757160632,3,-54.03884427687615
8665,13,12,-85.44332130828904,1,-24.257161856809045
8666,20,12,-89.34693764525149,3,-42.025104283182344
8667,4,12,-82.85717276709248,1,-8.529172688515441
8668,79,12,-187.92692573545764,12,-187.92692573545764
8669,35,12,-103.28316204691019,6,-79.32193460441326
8670,58,12,-139.39301515084207,12,-139.39301515084207
8671,61,12,-145.41736476856974,12,-145.41736476856974
8672,40,12,-109.61584921025063,6,-90.95329633472858
8673,2,12,-82.65429616947476,1,-7.294070267709967
8674,71,12,-167.68740842638795,12,-167.68740842638795
8675,74,12,-175.02485362057575,12,-175.02485362057575
8676,91,12,-222.3226706914009,12,-222.3226706914009
8677,13,12,-85.44332130828904,1,-24.257161856809045
8678,12,12,-85.02079284439587,1,-21.68888886194659
8679,99,12,-247.94248729970576,20,-240.54785882360903
8680,75,12,-177.53797429426584,12,-177.53797429426584
8681,64,12,-151.74483656681207,12,-151.74483656681207
8682,36,12,-104.48223209634578,6,-81.52441352950547
8683,30,12,-97.79392861672859,3,-68.71466132418306
8684,6,12,-83.19527859488348,1,-10.586867266464079
8685,95,12,-234.86374178545628,20,-232.40560631336535
8686,1,12,-82.6035744145978,1,-6.9851980409108565
8687,17,12,-87.4712850103148,3,-36.095815994462484
8688,41,12,-110.98357657528959,6,-93.46522121489485
8689,98,12,-244.6224017175923,20,-238.4808810119756
8690,1,12,-82.6035744145978,1,-6.9851980409108565
8691,38,12,-106.98157772725399,6,-86.11507655130762
8692,80,12,-190.60826966535672,12,-190.60826966535672
8693,12,12,-85.02079284439587,1,-21.68888886194659
8694,64,12,-151.74483656681207,12,-151.74483656681207
8695,52,12,-128.2539228413562,6,-125.177939579655
8696,86,12,-207.4026530580665,12,-207.4026530580665
8697,32,12,-99.88838970893231,6,-73.08599843278336
8698,80,12,-190.60826966535672,12,-190.60826966535672
8699,27,12,-94.90536226632408,3,-59.5898777586643
8700,34,12,-102.11783014653936,6,-77.18136743158533
8701,24,12,-92.32059977591312,3,-51.42304101039932
8702,98,12,-244.6224017175923,20,-238.4808810119756
8703,2,12,-82.65429616947476,1,-7.294070267709967
8704,30,12,-97.79392861672859,3,-68.71466132418306
8705,30,12,-97.79392861672859,3,-68.71466132418306
8706,69,12,-162.96406455953235,12,-162.96406455953235
8707,63,12,-149.60200276748782,12,-149.60200276748782
8708,88,12,-213.26980172825859,12,-213.26980172825859
8709,6,12,-83.19527859488348,1,-10.586867266464079
8710,77,12,-182.66516071256729,12,-182.66516071256729
8711,17,12,-87.4712850103148,3,-36.095815994462484
8712,37,12,-105.71503806602566,6,-83.78879668536612
8713,82,12,-196.07186924674602,12,-196.07186924674602
8714,19,12,-88.68794552856191,3,-39.9420506223111
8715,66,12,-156.13152263937536,12,-156.13152263937536
8716,56,12,-135.54521295910172,12,-135.54521295910172
8717,23,12,-91.52653465497364,3,-48.91374309468091
8718,17,12,-87.4712850103148,3,-36.095815994462484
8719,96,12,-238.08302673965238,20,-234.40975389635224
8720,60,12,-143.3755650196889,12,-143.3755650196889
8721,33,12,-100.9862386241835,6,-75.10271953333199
8722,51,12,-126.51534543777501,6,-121.9858949902555
8723,18,12,-88.0627272398999,3,-37.96561375881964
8724,42,12,-112.38502871842148,6,-96.03901273050752
8725,97,12,-241.33591412399238,20,-236.43484574939123
8726,72,12,-170.09956846271837,12,-170.09956846271837
8727,41,12,-110.98357657528959,6,-93.46522121489485
8728,76,12,-180.08474406613544,12,-180.08474406613544
8729,1,12,-82.6035744145978,1,-6.9851980409108565
8730,93,12,-228.5259880514485,20,-228.46014739973276
8731,57,12,-137.45226948237894,12,-137.45226948237894
8732,76,12,-180.08474406613544,12,-180.08474406613544
8733,64,12,-151.74483656681207,12,-151.74483656681207
8734,60,12,-143.3755650196889,12,-143.3755650196889
8735,33,12,-100.9862386241835,6,-75.10271953333199
8736,90,12,-219.27143120512085,12,-219.27143120512085
8737,43,12,-113.8202034116098,6,-98.67466336494121
8738,39,12,-108.28184885147208,6,-88.50324560744662
8739,56,12,-135.54521295910172,12,-135.54521295910172
8740,94,12,-231.6780614823333,20,-230.42240386096492
8741,23,12,-91.52653465497364,3,-48.91374309468091
8742,22,12,-90.76623443917929,3,-46.51097281076241
8743,76,12,-180.08474406613544,12,-180.08474406613544
8744,66,12,-156.13152263937536,12,-156.13152263937536
8745,89,12,-216.25380747683084,12,-216.25380747683084
8746,58,12,-139.39301515084207,12,-139.39301515084207
8747,16,12,-86.91362107098472,1,-33.19107800413937
8748,97,12,-241.33591412399238,20,-236.43484574939123
8749,84,12,-201.67000297128635,12,-201.67000297128635
8750,51,12,-126.51534543777501,6,-121.9858949902555
8751,59,12,-141.367447738551,12,-141.367447738551
8752,78,12,-185.27922201012348,12,-185.27922201012348
8753,5,12,-83.00932314367421,1,-9.455237327983067
8754,95,12,-234.86374178545628,20,-232.40560631336535
8755,47,12,-119.89808312874094,6,-109.83570678670114
8756,16,12,-86.91362107098472,1,-33.19107800413937
8757,0,12,-82.58666666666669,1,-6.8822222222222225
8758,47,12,-119.89808312874094,6,-109.83570678670114
8759,22,12,-90.76623443917929,3,-46.51097281076241
8760,82,12,-196.07186924674602,12,-196.07186924674602
8761,99,12,-247.94248729970576,20,-240.54785882360903
8762,28,12,-95.83446470521845,3,-62.525063432602536
8763,75,12,-177.53797429426584,12,-177.53797429426584
8764,38,12,-106.98157772725399,6,-86.11507655130762
8765,73,12,-172.54538426876832,12,-172.54538426876832
8766,1,12,-82.6035744145978,1,-6.9851980409108565
8767,15,12,-86.38973765322098,1,-30.008338880137654
8768,99,12,-247.94248729970576,20,-240.54785882360903
8769,20,12,-89.34693764525149,3,-42.025104283182344
8770,90,12,-219.27143120512085,12,-219.27143120512085
8771,44,12,-115.28909842694712,6,-101.37216560238318
8772,12,12,-85.02079284439587,1,-21.68888886194659
8773,42,12,-112.38502871842148,6,-96.03901273050752
8774,79,12,-187.92692573545764,12,-187.92692573545764
8775,52,12,-128.2539228413562,6,-125.177939579655
8776,69,12,-162.96406455953235,12,-162.96406455953235
8777,85,12,-204.51951458063076,12,-204.51951458063076
8778,28,12,-95.83446470521845,3,-62.525063432602536
8779,38,12,-106.98157772725399,6,-86.11507655130762
8780,7,12,-83.41503688796908,1,-11.923979800667436
8781,19,12,-88.68794552856191,3,-39.9420506223111
8782,6,12,-83.19527859488348,1,-10.586867266464079
8783,76,12,-180.08474406613544,12,-180.08474406613544
8784,9,12,-83.95595306941537,1,-15.214321990937147
8785,26,12,-94.01001581178649,3,-56.76113061721671
8786,20,12,-89.34693764525149,3,-42.025104283182344
8787,36,12,-104.48223209634578,6,-81.52441352950547
8788,31,12,-98.82428562999917,6,-71.1312116538696
8789,41,12,-110.98357657528959,6,-93.46522121489485
8790,84,12,-201.67000297128635,12,-201.67000297128635
8791,16,12,-86.91362107098472,1,-33.19107800413937
8792,32,12,-99.88838970893231,6,-73.08599843278336
8793,91,12,-222.3226706914009,12,-222.3226706914009
8794,76,12,-180.08474406613544,12,-180.08474406613544
8795,31,12,-98.82428562999917,6,-71.1312116538696
8796,47,12,-119.89808312874094,6,-109.83570678670114
8797,36,12,-104.48223209634578,6,-81.52441352950547
8798,23,12,-91.52653465497364,3,-48.91374309468091
8799,18,12,-88.0627272398999,3,-37.96561375881964
8800,26,12,-94.01001581178649,3,-56.76113061721671
8801,51,12,-126.51534543777501,6,-121.9858949902555
8802,48,12,-121.50183715622016,6,-112.7805402942011
8803,77,12,-182.66516071256729,12,-182.66516071256729
8804,30,12,-97.79392861672859,3,-68.71466132418306
8805,79,12,-187.92692573545764,12,-187.92692573545764
8806,66,12,-156.13152263937536,12,-156.13152263937536
8807,75,12,-177.53797429426584,12,-177.53797429426584
8808,4,12,-82.85717276709248,1,-8.529172688515441
8809,71,12,-167.68740842638795,12,-167.68740842638795
8810,81,12,-193.3232515767758,12,-193.3232515767758
8811,83,12,-198.854120452488,12,-198.854120452488
8812,64,12,-151.74483656681207,12,-151.74483656681207
8813,28,12,-95.83446470521845,3,-62.525063432602536
8814,55,12,-133.67184780709107,12,-133.67184780709107
8815,62,12,-147.492844759646,12,-147.492844759646
8816,58,12,-139.39301515084207,12,-139.39301515084207
8817,79,12,-187.92692573545764,12,-187.92692573545764
8818,98,12,-244.6224017175923,20,-238.4808810119756
8819,70,12,-165.30890638391594,12,-165.30890638391594
8820,45,12,-116.79171153665492,6,-104.13151192781399
8821,35,12,-103.28316204691019,6,-79.32193460441326
8822,53,12,-130.0262005218131,6,-128.43176816621013
8823,8,12,-83.66859579030925,1,-13.466492256876304
8824,77,12,-182.66516071256729,12,-182.66516071256729
8825,15,12,-86.38973765322098,1,-30.008338880137654
8826,79,12,-187.92692573545764,12,-187.92692573545764
8827,91,12,-222.3226706914009,12,-222.3226706914009
8828,19,12,-88.68794552856191,3,-39.9420506223111
8829,64,12,-151.74483656681207,12,-151.74483656681207
8830,74,12,-175.02485362057575,12,-175.02485362057575
8831,10,12,-84.27710649292833,1,-17.167386388250772
8832,53,12,-130.0262005218131,6,-128.43176816621013
8833,96,12,-238.08302673965238,20,-234.40975389635224
8834,4,12,-82.85717276709248,1,-8.529172688515441
8835,67,12,-158.37537046268577,12,-158.37537046268577
8836,40,12,-109.61584921025063,6,-90.95329633472858
8837,9,12,-83.95595306941537,1,-15.214321990937147
8838,55,12,-133.67184780709107,12,-133.67184780709107
8839,0,12,-82.58666666666669,1,-6.8822222222222225
8840,35,12,-103.28316204691019,6,-79.32193460441326
8841,28,12,-95.83446470521845,3,-62.525063432602536
8842,94,12,-231.6780614823333,20,-230.42240386096492
8843,57,12,-137.45226948237894,12,-137.45226948237894
8844,81,12,-193.3232515767758,12,-193.3232515767758
8845,69,12,-162.96406455953235,12,-162.96406455953235
8846,97,12,-241.33591412399238,20,-236.43484574939123
8847,45,12,-116.79171153665492,6,-104.13151192781399
8848,5,12,-83.00932314367421,1,-9.455237327983067
8849,24,12,-92.32059977591312,3,-51.42304101039932
8850,85,12,-204.51951458063076,12,-204.51951458063076
8851,13,12,-85.44332130828904,1,-24.257161856809045
8852,23,12,-91.52653465497364,3,-48.91374309468091
8853,34,12,-102.11783014653936,6,-77.18136743158533
8854,93,12,-228.5259880514485,20,-228.46014739973276
8855,75,12,-177.53797429426584,12,-177.53797429426584
8856,75,12,-177.53797429426584,12,-177.53797429426584
8857,85,12,-204.51951458063076,12,-204.51951458063076
8858,91,12,-222.3226706914009,12,-222.3226706914009
8859,58,12,-139.39301515084207,12,-139.39301515084207
8860,45,12,-116.79171153665492,6,-104.13151192781399
8861,66,12,-156.13152263937536,12,-156.13152263937536
8862,41,12,-110.98357657528959,6,-93.46522121489485
8863,7,12,-83.41503688796908,1,-11.923979800667436
8864,15,12,-86.38973765322098,1,-30.008338880137654
8865,0,12,-82.58666666666669,1,-6.8822222222222225
8866,94,12,-231.6780614823333,20,-230.42240386096492
8867,47,12,-119.89808312874094,6,-109.83570678670114
8868,42,12,-112.38502871842148,6,-96.03901273050752
8869,76,12,-180.08474406613544,12,-180.08474406613544
8870,80,12,-190.60826966535672,12,-190.60826966535672
8871,29,12,-96.79732089859871,3,-65.56666537455592
8872,87,12,-210.3194161813455,12,-210.3194161813455
8873,71,12,-167.68740842638795,12,-167.68740842638795
8874,68,12,-160.6528851776278,12,-160.6528851776278
8875,31,12,-98.82428562999917,6,-71.1312116538696
8876,32,12,-99.88838970893231,6,-73.08599843278336
8877,3,12,-82.73882969802135,1,-7.808756080935194
8878,14,12,-85.8996369884651,1,-27.0303393518663
8879,66,12,-156.13152263937536,12,-156.13152263937536
8880,16,12,-86.91362107098472,1,-33.19107800413937
8881,31,12,-98.82428562999917,6,-71.1312116538696
8882,23,12,-91.52653465497364,3,-48.91374309468091
8883,89,12,-216.25380747683084,12,-216.25380747683084
8884,27,12,-94.90536226632408,3,-59.5898777586643
8885,93,12,-228.5259880514485,20,-228.46014739973276
8886,23,12,-91.52653465497364,3,-48.91374309468091
8887,76,12,-180.08474406613544,12,-180.08474406613544
8888,40,12,-109.61584921025063,6,-90.95329633472858
8889,50,12,-124.81047053779731,6,-118.85564190652914
8890,12,12,-85.02079284439587,1,-21.68888886194659
8891,57,12,-137.45226948237894,12,-137.45226948237894
8892,35,12,-103.28316204691019,6,-79.32193460441326
8893,64,12,-151.74483656681207,12,-151.74483656681207
8894,94,12,-231.6780614823333,20,-230.42240386096492
8895,17,12,-87.4712850103148,3,-36.095815994462484
8896,55,12,-133.67184780709107,12,-133.67184780709107
8897,28,12,-95.83446470521845,3,-62.525063432602536
8898,48,12,-121.50183715622016,6,-112.7805402942011
8899,73,12,-172.54538426876832,12,-172.54538426876832
8900,2,12,-82.65429616947476,1,-7.294070267709967
8901,35,12,-103.28316204691019,6,-79.32193460441326
8902,10,12,-84.27710649292833,1,-17.167386388250772
8903,28,12,-95.83446470521845,3,-62.525063432602536
8904,41,12,-110.98357657528959,6,-93.46522121489485
8905,2,12,-82.65429616947476,1,-7.294070267709967
8906,72,12,-170.09956846271837,12,-170.09956846271837
8907,80,12,-190.60826966535672,12,-190.60826966535672
8908,26,12,-94.01001581178649,3,-56.76113061721671
8909,82,12,-196.07186924674602,12,-196.07186924674602
8910,20,12,-89.34693764525149,3,-42.025104283182344
8911,59,12,-141.367447738551,12,-141.367447738551
8912,77,12,-182.66516071256729,12,-182.66516071256729
8913,13,12,-85.44332130828904,1,-24.257161856809045
8914,14,12,-85.8996369884651,1,-27.0303393518663
8915,96,12,-238.08302673965238,20,-234.40975389635224
8916,53,12,-130.0262005218131,6,-128.43176816621013
8917,11,12,-84.63205382862074,1,-19.32560286376086
8918,48,12,-121.50183715622016,6,-112.7805402942011
8919,58,12,-139.39301515084207,12,-139.39301515084207
8920,8,12,-83.66859579030925,1,-13.466492256876304
8921,40,12,-109.61584921025063,6,-90.95329633472858
8922,48,12,-121.50183715622016,6,-112.7805402942011
8923,34,12,-102.11783014653936,6,-77.18136743158533
8924,37,12,-105.71503806602566,6,-83.78879668536612
8925,99,12,-247.94248729970576,20,-240.54785882360903
8926,40,12,-109.61584921025063,6,-90.95329633472858
8927,10,12,-84.27710649292833,1,-17.167386388250772
8928,47,12,-119.89808312874094,6,-109.83570678670114
8929,23,12,-91.52653465497364,3,-48.91374309468091
8930,56,12,-135.54521295910172,12,-135.54521295910172
8931,38,12,-106.98157772725399,6,-86.11507655130762
8932,4,12,-82.85717276709248,1,-8.529172688515441
8933,52,12,-128.2539228413562,6,-125.177939579655
8934,62,12,-147.492844759646,12,-147.492844759646
8935,47,12,-119.89808312874094,6,-109.83570678670114
8936,26,12,-94.01001581178649,3,-56.76113061721671
8937,71,12,-167.68740842638795,12,-167.68740842638795
8938,90,12,-219.27143120512085,12,-219.27143120512085
8939,25,12,-93.14842757160632,3,-54.03884427687615
8940,41,12,-110.98357657528959,6,-93.46522121489485
8941,20,12,-89.34693764525149,3,-42.025104283182344
8942,31,12,-98.82428562999917,6,-71.1312116538696
8943,54,12,-131.832176252549,6,-131.7473732422173
8944,2,12,-82.65429616947476,1,-7.294070267709967
8945,62,12,-147.492844759646,12,-147.492844759646
8946,55,12,-133.67184780709107,12,-133.67184780709107
8947,4,12,-82.85717276709248,1,-8.529172688515441
8948,94,12,-231.6780614823333,20,-230.42240386096492
8949,28,12,-95.83446470521845,3,-62.525063432602536
8950,13,12,-85.44332130828904,1,-24.257161856809045
8951,25,12,-93.14842757160632,3,-54.03884427687615
8952,93,12,-228.5259880514485,20,-228.46014739973276
8953,82,12,-196.07186924674602,12,-196.07186924674602
8954,22,12,-90.76623443917929,3,-46.51097281076241
8955,4,12,-82.85717276709248,1,-8.529172688515441
8956,50,12,-124.81047053779731,6,-118.85564190652914
8957,96,12,-238.08302673965238,20,-234.40975389635224
8958,39,12,-108.28184885147208,6,-88.50324560744662
8959,17,12,-87.4712850103148,3,-36.095815994462484
8960,66,12,-156.13152263937536,12,-156.13152263937536
8961,92,12,-225.4075237139973,12,-225.4075237139973
8962,56,12,-135.54521295910172,12,-135.54521295910172
8963,27,12,-94.90536226632408,3,-59.5898777586643
8964,78,12,-185.27922201012348,12,-185.27922201012348
8965,84,12,-201.67000297128635,12,-201.67000297128635
8966,32,12,-99.88838970893231,6,-73.08599843278336
8967,24,12,-92.32059977591312,3,-51.42304101039932
8968,75,12,-177.53797429426584,12,-177.53797429426584
8969,78,12,-185.27922201012348,12,-185.27922201012348
8970,14,12,-85.8996369884651,1,-27.0303393518663
8971,36,12,-104.48223209634578,6,-81.52441352950547
8972,8,12,-83.66859579030925,1,-13.466492256876304
8973,45,12,-116.79171153665492,6,-104.13151192781399
8974,89,12,-216.25380747683084,12,-216.25380747683084
8975,49,12,-123.13930036828388,6,-115.78718783779036
8976,87,12,-210.3194161813455,12,-210.3194161813455
8977,40,12,-109.61584921025063,6,-90.95329633472858
8978,9,12,-83.95595306941537,1,-15.214321990937147
8979,51,12,-126.51534543777501,6,-121.9858949902555
8980,45,12,-116.79171153665492,6,-104.13151192781399
8981,89,12,-216.25380747683084,12,-216.25380747683084
8982,62,12,-147.492844759646,12,-147.492844759646
8983,10,12,-84.27710649292833,1,-17.167386388250772
8984,79,12,-187.92692573545764,12,-187.92692573545764
8985,39,12,-108.28184885147208,6,-88.50324560744662
8986,38,12,-106.98157772725399,6,-86.11507655130762
8987,4,12,-82.85717276709248,1,-8.529172688515441
8988,33,12,-100.9862386241835,6,-75.10271953333199
8989,74,12,-175.02485362057575,12,-175.02485362057575
8990,53,12,-130.0262005218131,6,-128.43176816621013
8991,34,12,-102.11783014653936,6,-77.18136743158533
8992,66,12,-156.13152263937536,12,-156.13152263937536
8993,47,12,-119.89808312874094,6,-109.83570678670114
8994,61,12,-145.41736476856974,12,-145.41736476856974
8995,68,12,-160.6528851776278,12,-160.6528851776278
8996,34,12,-102.11783014653936,6,-77.18136743158533
8997,34,12,-102.11783014653936,6,-77.18136743158533
8998,18,12,-88.0627272398999,3,-37.96561375881964
8999,5,12,-83.00932314367421,1,-9.455237327983067
9000,27,12,-94.90536226632408,3,-59.5898777586643
9001,19,12,-88.68794552856191,3,-39.9420506223111
9002,80,12,-190.60826966535672,12,-190.60826966535672
9003,99,12,-247.94248729970576,20,-240.54785882360903
9004,41,12,-110.98357657528959,6,-93.46522121489485
9005,38,12,-106.98157772725399,6,-86.11507655130762
9006,92,12,-225.4075237139973,12,-225.4075237139973
9007,11,12,-84.63205382862074,1,-19.32560286376086
9008,57,12,-137.45226948237894,12,-137.45226948237894
9009,64,12,-151.74483656681207,12,-151.74483656681207
9010,18,12,-88.0627272398999,3,-37.96561375881964
9011,37,12,-105.71503806602566,6,-83.78879668536612
9012,38,12,-106.98157772725399,6,-86.11507655130762
9013,14,12,-85.8996369884651,1,-27.0303393518663
9014,75,12,-177.53797429426584,12,-177.53797429426584
9015,37,12,-105.71503806602566,6,-83.78879668536612
9016,10,12,-84.27710649292833,1,-17.167386388250772
9017,87,12,-210.3194161813455,12,-210.3194161813455
9018,7,12,-83.41503688796908,1,-11.923979800667436
9019,87,12,-210.3194161813455,12,-210.3194161813455
9020,88,12,-213.26980172825859,12,-213.26980172825859
9021,17,12,-87.4712850103148,3,-36.095815994462484
9022,16,12,-86.91362107098472,1,-33.19107800413937
9023,28,12,-95.83446470521845,3,-62.525063432602536
9024,55,12,-133.67184780709107,12,-133.67184780709107
9025,21,12,-90.03970135905276,3,-44.21475244382181
9026,82,12,-196.07186924674602,12,-196.07186924674602
9027,11,12,-84.63205382862074,1,-19.32560286376086
9028,88,12,-213.26980172825859,12,-213.26980172825859
9029,89,12,-216.25380747683084,12,-216.25380747683084
9030,90,12,-219.27143120512085,12,-219.27143120512085
9031,15,12,-86.38973765322098,1,-30.008338880137654
9032,37,12,-105.71503806602566,6,-83.78879668536612
9033,97,12,-241.33591412399238,20,-236.43484574939123
9034,21,12,-90.03970135905276,3,-44.21475244382181
9035,77,12,-182.66516071256729,12,-182.66516071256729
9036,94,12,-231.6780614823333,20,-230.42240386096492
9037,84,12,-201.67000297128635,12,-201.67000297128635
9038,94,12,-231.6780614823333,20,-230.42240386096492
9039,27,12,-94.90536226632408,3,-59.5898777586643
9040,98,12,-244.6224017175923,20,-238.4808810119756
9041,93,12,-228.5259880514485,20,-228.46014739973276
9042,2,12,-82.65429616947476,1,-7.294070267709967
9043,11,12,-84.63205382862074,1,-19.32560286376086
9044,91,12,-222.3226706914009,12,-222.3226706914009
9045,34,12,-102.11783014653936,6,-77.18136743158533
9046,65,12,-153.92134393244743,12,-153.92134393244743
9047,73,12,-172.54538426876832,12,-172.54538426876832
9048,86,12,-207.4026530580665,12,-207.4026530580665
9049,23,12,-91.52653465497364,3,-48.91374309468091
9050,88,12,-213.26980172825859,12,-213.26980172825859
9051,67,12,-158.37537046268577,12,-158.37537046268577
9052,61,12,-145.41736476856974,12,-145.41736476856974
9053,97,12,-241.33591412399238,20,-236.43484574939123
9054,88,12,-213.26980172825859,12,-213.26980172825859
9055,27,12,-94.90536226632408,3,-59.5898777586643
9056,76,12,-180.08474406613544,12,-180.08474406613544
9057,90,12,-219.27143120512085,12,-219.27143120512085
9058,31,12,-98.82428562999917,6,-71.1312116538696
9059,38,12,-106.98157772725399,6,-86.11507655130762
9060,59,12,-141.367447738551,12,-141.367447738551
9061,28,12,-95.83446470521845,3,-62.525063432602536
9062,36,12,-104.48223209634578,6,-81.52441352950547
9063,83,12,-198.854120452488,12,-198.854120452488
9064,69,12,-162.96406455953235,12,-162.96406455953235
9065,47,12,-119.89808312874094,6,-109.83570678670114
9066,7,12,-83.41503688796908,1,-11.923979800667436
9067,15,12,-86.38973765322098,1,-30.008338880137654
9068,34,12,-102.11783014653936,6,-77.18136743158533
9069,13,12,-85.44332130828904,1,-24.257161856809045
9070,88,12,-213.26980172825859,12,-213.26980172825859
9071,53,12,-130.0262005218131,6,-128.43176816621013
9072,43,12,-113.8202034116098,6,-98.67466336494121
9073,83,12,-198.854120452488,12,-198.854120452488
9074,57,12,-137.45226948237894,12,-137.45226948237894
9075,48,12,-121.50183715622016,6,-112.7805402942011
9076,11,12,-84.63205382862074,1,-19.32560286376086
9077,98,12,-244.6224017175923,20,-238.4808810119756
9078,88,12,-213.26980172825859,12,-213.26980172825859
9079,21,12,-90.03970135905276,3,-44.21475244382181
9080,86,12,-207.4026530580665,12,-207.4026530580665
9081,56,12,-135.54521295910172,12,-135.54521295910172
9082,97,12,-241.33591412399238,20,-236.43484574939123
9083,39,12,-108.28184885147208,6,-88.50324560744662
9084,43,12,-113.8202034116098,6,-98.67466336494121
9085,96,12,-238.08302673965238,20,-234.40975389635224
9086,18,12,-88.0627272398999,3,-37.96561375881964
9087,16,12,-86.91362107098472,1,-33.19107800413937
9088,5,12,-83.00932314367421,1,-9.455237327983067
9089,31,12,-98.82428562999917,6,-71.1312116538696
9090,20,12,-89.34693764525149,3,-42.025104283182344
9091,27,12,-94.90536226632408,3,-59.5898777586643
9092,85,12,-204.51951458063076,12,-204.51951458063076
9093,70,12,-165.30890638391594,12,-165.30890638391594
9094,23,12,-91.52653465497364,3,-48.91374309468091
9095,55,12,-133.67184780709107,12,-133.67184780709107
9096,31,12,-98.82428562999917,6,-71.1312116538696
9097,52,12,-128.2539228413562,6,-125.177939579655
9098,8,12,-83.66859579030925,1,-13.466492256876304
9099,56,12,-135.54521295910172,12,-135.54521295910172
9100,42,12,-112.38502871842148,6,-96.03901273050752
9101,99,12,-247.94248729970576,20,-240.54785882360903
9102,91,12,-222.3226706914009,12,-222.3226706914009
9103,99,12,-247.94248729970576,20,-240.54785882360903
9104,1,12,-82.6035744145978,1,-6.9851980409108565
9105,38,12,-106.98157772725399,6,-86.11507655130762
9106,98,12,-244.6224017175923,20,-238.4808810119756
9107,92,12,-225.4075237139973,12,-225.4075237139973
9108,22,12,-90.76623443917929,3,-46.51097281076241
9109,9,12,-83.95595306941537,1,-15.214321990937147
9110,31,12,-98.82428562999917,6,-71.1312116538696
9111,89,12,-216.25380747683084,12,-216.25380747683084
9112,2,12,-82.65429616947476,1,-7.294070267709967
9113,5,12,-83.00932314367421,1,-9.455237327983067
9114,95,12,-234.86374178545628,20,-232.40560631336535
9115,29,12,-96.79732089859871,3,-65.56666537455592
9116,88,12,-213.26980172825859,12,-213.26980172825859
9117,48,12,-121.50183715622016,6,-112.7805402942011
9118,94,12,-231.6780614823333,20,-230.42240386096492
9119,84,12,-201.67000297128635,12,-201.67000297128635
9120,77,12,-182.66516071256729,12,-182.66516071256729
9121,56,12,-135.54521295910172,12,-135.54521295910172
9122,98,12,-244.6224017175923,20,-238.4808810119756
9123,25,12,-93.14842757160632,3,-54.03884427687615
9124,44,12,-115.28909842694712,6,-101.37216560238318
9125,5,12,-83.00932314367421,1,-9.455237327983067
9126,96,12,-238.08302673965238,20,-234.40975389635224
9127,4,12,-82.85717276709248,1,-8.529172688515441
9128,35,12,-103.28316204691019,6,-79.32193460441326
9129,87,12,-210.3194161813455,12,-210.3194161813455
9130,2,12,-82.65429616947476,1,-7.294070267709967
9131,82,12,-196.07186924674602,12,-196.07186924674602
9132,10,12,-84.27710649292833,1,-17.167386388250772
9133,48,12,-121.50183715622016,6,-112.7805402942011
9134,48,12,-121.50183715622016,6,-112.7805402942011
9135,27,12,-94.90536226632408,3,-59.5898777586643
9136,28,12,-95.83446470521845,3,-62.525063432602536
9137,86,12,-207.4026530580665,12,-207.4026530580665
9138,97,12,-241.33591412399238,20,-236.43484574939123
9139,9,12,-83.95595306941537,1,-15.214321990937147
9140,20,12,-89.34693764525149,3,-42.025104283182344
9141,27,12,-94.90536226632408,3,-59.5898777586643
9142,99,12,-247.94248729970576,20,-240.54785882360903
9143,5,12,-83.00932314367421,1,-9.455237327983067
9144,91,12,-222.3226706914009,12,-222.3226706914009
9145,54,12,-131.832176252549,6,-131.7473732422173
9146,74,12,-175.02485362057575,12,-175.02485362057575
9147,37,12,-105.71503806602566,6,-83.78879668536612
9148,33,12,-100.9862386241835,6,-75.10271953333199
9149,23,12,-91.52653465497364,3,-48.91374309468091
9150,99,12,-247.94248729970576,20,-240.54785882360903
9151,49,12,-123.13930036828388,6,-115.78718783779036
9152,62,12,-147.492844759646,12,-147.492844759646
9153,72,12,-170.09956846271837,12,-170.09956846271837
9154,11,12,-84.63205382862074,1,-19.32560286376086
9155,77,12,-182.66516071256729,12,-182.66516071256729
9156,13,12,-85.44332130828904,1,-24.257161856809045
9157,21,12,-90.03970135905276,3,-44.21475244382181
9158,95,12,-234.86374178545628,20,-232.40560631336535
9159,16,12,-86.91362107098472,1,-33.19107800413937
9160,52,12,-128.2539228413562,6,-125.177939579655
9161,67,12,-158.37537046268577,12,-158.37537046268577
9162,45,12,-116.79171153665492,6,-104.13151192781399
9163,88,12,-213.26980172825859,12,-213.26980172825859
9164,37,12,-105.71503806602566,6,-83.78879668536612
9165,85,12,-204.51951458063076,12,-204.51951458063076
9166,85,12,-204.51951458063076,12,-204.51951458063076
9167,11,12,-84.63205382862074,1,-19.32560286376086
9168,42,12,-112.38502871842148,6,-96.03901273050752
9169,47,12,-119.89808312874094,6,-109.83570678670114
9170,48,12,-121.50183715622016,6,-112.7805402942011
9171,13,12,-85.44332130828904,1,-24.257161856809045
9172,32,12,-99.88838970893231,6,-73.08599843278336
9173,71,12,-167.68740842638795,12,-167.68740842638795
9174,75,12,-177.53797429426584,12,-177.53797429426584
9175,66,12,-156.13152263937536,12,-156.13152263937536
9176,46,12,-118.32804051309115,6,-106.95269482704867
9177,74,12,-175.02485362057575,12,-175.02485362057575
9178,49,12,-123.13930036828388,6,-115.78718783779036
9179,87,12,-210.3194161813455,12,-210.3194161813455
9180,95,12,-234.86374178545628,20,-232.40560631336535
9181,38,12,-106.98157772725399,6,-86.11507655130762
9182,32,12,-99.88838970893231,6,-73.08599843278336
9183,47,12,-119.89808312874094,6,-109.83570678670114
9184,94,12,-231.6780614823333,20,-230.42240386096492
9185,64,12,-151.74483656681207,12,-151.74483656681207
9186,53,12,-130.0262005218131,6,-128.43176816621013
9187,76,12,-180.08474406613544,12,-180.08474406613544
9188,21,12,-90.03970135905276,3,-44.21475244382181
9189,11,12,-84.63205382862074,1,-19.32560286376086
9190,28,12,-95.83446470521845,3,-62.525063432602536
9191,74,12,-175.02485362057575,12,-175.02485362057575
9192,23,12,-91.52653465497364,3,-48.91374309468091
9193,13,12,-85.44332130828904,1,-24.257161856809045
9194,0,12,-82.58666666666669,1,-6.8822222222222225
9195,13,12,-85.44332130828904,1,-24.257161856809045
9196,16,12,-86.91362107098472,1,-33.19107800413937
9197,28,12,-95.83446470521845,3,-62.525063432602536
9198,21,12,-90.03970135905276,3,-44.21475244382181
9199,76,12,-180.08474406613544,12,-180.08474406613544
9200,37,12,-105.71503806602566,6,-83.78879668536612
9201,81,12,-193.3232515767758,12,-193.3232515767758
9202,33,12,-100.9862386241835,6,-75.10271953333199
9203,46,12,-118.32804051309115,6,-106.95269482704867
9204,69,12,-162.96406455953235,12,-162.96406455953235
9205,73,12,-172.54538426876832,12,-172.54538426876832
9206,87,12,-210.3194161813455,12,-210.3194161813455
9207,84,12,-201.67000297128635,12,-201.67000297128635
9208,91,12,-222.3226706914009,12,-222.3226706914009
9209,93,12,-228.5259880514485,20,-228.46014739973276
9210,87,12,-210.3194161813455,12,-210.3194161813455
9211,28,12,-95.83446470521845,3,-62.525063432602536
9212,34,12,-102.11783014653936,6,-77.18136743158533
9213,0,12,-82.58666666666669,1,-6.8822222222222225
9214,19,12,-88.68794552856191,3,-39.9420506223111
9215,40,12,-109.61584921025063,6,-90.95329633472858
9216,27,12,-94.90536226632408,3,-59.5898777586643
9217,43,12,-113.8202034116098,6,-98.67466336494121
9218,98,12,-244.6224017175923,20,-238.4808810119756
9219,45,12,-116.79171153665492,6,-104.13151192781399
9220,78,12,-185.27922201012348,12,-185.27922201012348
9221,26,12,-94.01001581178649,3,-56.76113061721671
9222,16,12,-86.91362107098472,1,-33.19107800413937
9223,26,12,-94.01001581178649,3,-56.76113061721671
9224,3,12,-82.73882969802135,1,-7.808756080935194
9225,32,12,-99.88838970893231,6,-73.08599843278336
9226,71,12,-167.68740842638795,12,-167.68740842638795
9227,35,12,-103.28316204691019,6,-79.32193460441326
9228,55,12,-133.67184780709107,12,-133.67184780709107
9229,97,12,-241.33591412399238,20,-236.43484574939123
9230,87,12,-210.3194161813455,12,-210.3194161813455
9231,48,12,-121.50183715622016,6,-112.7805402942011
9232,99,12,-247.94248729970576,20,-240.54785882360903
9233,67,12,-158.37537046268577,12,-158.37537046268577
9234,38,12,-106.98157772725399,6,-86.11507655130762
9235,64,12,-151.74483656681207,12,-151.74483656681207
9236,49,12,-123.13930036828388,6,-115.78718783779036
9237,55,12,-133.67184780709107,12,-133.67184780709107
9238,40,12,-109.61584921025063,6,-90.95329633472858
9239,71,12,-167.68740842638795,12,-167.68740842638795
9240,26,12,-94.01001581178649,3,-56.76113061721671
9241,18,12,-88.0627272398999,3,-37.96561375881964
9242,12,12,-85.02079284439587,1,-21.68888886194659
9243,6,12,-83.19527859488348,1,-10.586867266464079
9244,97,12,-241.33591412399238,20,-236.43484574939123
9245,8,12,-83.66859579030925,1,-13.466492256876304
9246,36,12,-104.48223209634578,6,-81.52441352950547
9247,89,12,-216.25380747683084,12,-216.25380747683084
9248,5,12,-83.00932314367421,1,-9.455237327983067
9249,91,12,-222.3226706914009,12,-222.3226706914009
9250,24,12,-92.32059977591312,3,-51.42304101039932
9251,82,12,-196.07186924674602,12,-196.07186924674602
9252,57,12,-137.45226948237894,12,-137.45226948237894
9253,31,12,-98.82428562999917,6,-71.1312116538696
9254,97,12,-241.33591412399238,20,-236.43484574939123
9255,51,12,-126.51534543777501,6,-121.9858949902555
9256,97,12,-241.33591412399238,20,-236.43484574939123
9257,26,12,-94.01001581178649,3,-56.76113061721671
9258,95,12,-234.86374178545628,20,-232.40560631336535
9259,14,12,-85.8996369884651,1,-27.0303393518663
9260,12,12,-85.02079284439587,1,-21.68888886194659
9261,35,12,-103.28316204691019,6,-79.32193460441326
9262,24,12,-92.32059977591312,3,-51.42304101039932
9263,72,12,-170.09956846271837,12,-170.09956846271837
9264,9,12,-83.95595306941537,1,-15.214321990937147
9265,52,12,-128.2539228413562,6,-125.177939579655
9266,75,12,-177.53797429426584,12,-177.53797429426584
9267,76,12,-180.08474406613544,12,-180.08474406613544
9268,17,12,-87.4712850103148,3,-36.095815994462484
9269,99,12,-247.94248729970576,20,-240.54785882360903
9270,96,12,-238.08302673965238,20,-234.40975389635224
9271,0,12,-82.58666666666669,1,-6.8822222222222225
9272,11,12,-84.63205382862074,1,-19.32560286376086
9273,83,12,-198.854120452488,12,-198.854120452488
9274,59,12,-141.367447738551,12,-141.367447738551
9275,88,12,-213.26980172825859,12,-213.26980172825859
9276,11,12,-84.63205382862074,1,-19.32560286376086
9277,92,12,-225.4075237139973,12,-225.4075237139973
9278,81,12,-193.3232515767758,12,-193.3232515767758
9279,4,12,-82.85717276709248,1,-8.529172688515441
9280,57,12,-137.45226948237894,12,-137.45226948237894
9281,22,12,-90.76623443917929,3,-46.51097281076241
9282,86,12,-207.4026530580665,12,-207.4026530580665
9283,54,12,-131.832176252549,6,-131.7473732422173
9284,1,12,-82.6035744145978,1,-6.9851980409108565
9285,1,12,-82.6035744145978,1,-6.9851980409108565
9286,8,12,-83.66859579030925,1,-13.466492256876304
9287,23,12,-91.52653465497364,3,-48.91374309468091
9288,80,12,-190.60826966535672,12,-190.60826966535672
9289,86,12,-207.4026530580665,12,-207.4026530580665
9290,75,12,-177.53797429426584,12,-177.53797429426584
9291,63,12,-149.60200276748782,12,-149.60200276748782
9292,92,12,-225.4075237139973,12,-225.4075237139973
9293,35,12,-103.28316204691019,6,-79.32193460441326
9294,76,12,-180.08474406613544,12,-180.08474406613544
9295,67,12,-158.37537046268577,12,-158.37537046268577
9296,76,12,-180.08474406613544,12,-180.08474406613544
9297,56,12,-135.54521295910172,12,-135.54521295910172
9298,2,12,-82.65429616947476,1,-7.294070267709967
9299,11,12,-84.63205382862074,1,-19.32560286376086
9300,72,12,-170.09956846271837,12,-170.09956846271837
9301,65,12,-153.92134393244743,12,-153.92134393244743
9302,19,12,-88.68794552856191,3,-39.9420506223111
9303,30,12,-97.79392861672859,3,-68.71466132418306
9304,83,12,-198.854120452488,12,-198.854120452488
9305,19,12,-88.68794552856191,3,-39.9420506223111
9306,99,12,-247.94248729970576,20,-240.54785882360903
9307,71,12,-167.68740842638795,12,-167.68740842638795
9308,10,12,-84.27710649292833,1,-17.167386388250772
9309,28,12,-95.83446470521845,3,-62.525063432602536
9310,35,12,-103.28316204691019,6,-79.32193460441326
9311,50,12,-124.81047053779731,6,-118.85564190652914
9312,49,12,-123.13930036828388,6,-115.78718783779036
9313,50,12,-124.81047053779731,6,-118.85564190652914
9314,3,12,-82.73882969802135,1,-7.808756080935194
9315,73,12,-172.54538426876832,12,-172.54538426876832
9316,82,12,-196.07186924674602,12,-196.07186924674602
9317,54,12,-131.832176252549,6,-131.7473732422173
9318,69,12,-162.96406455953235,12,-162.96406455953235
9319,26,12,-94.01001581178649,3,-56.76113061721671
9320,61,12,-145.41736476856974,12,-145.41736476856974
9321,55,12,-133.67184780709107,12,-133.67184780709107
9322,79,12,-187.92692573545764,12,-187.92692573545764
9323,22,12,-90.76623443917929,3,-46.51097281076241
9324,13,12,-85.44332130828904,1,-24.257161856809045
9325,81,12,-193.3232515767758,12,-193.3232515767758
9326,43,12,-113.8202034116098,6,-98.67466336494121
9327,57,12,-137.45226948237894,12,-137.45226948237894
9328,34,12,-102.11783014653936,6,-77.18136743158533
9329,14,12,-85.8996369884651,1,-27.0303393518663
9330,10,12,-84.27710649292833,1,-17.167386388250772
9331,67,12,-158.37537046268577,12,-158.37537046268577
9332,72,12,-170.09956846271837,12,-170.09956846271837
9333,91,12,-222.3226706914009,12,-222.3226706914009
9334,65,12,-153.92134393244743,12,-153.92134393244743
9335,50,12,-124.81047053779731,6,-118.85564190652914
9336,18,12,-88.0627272398999,3,-37.96561375881964
9337,55,12,-133.67184780709107,12,-133.67184780709107
9338,72,12,-170.09956846271837,12,-170.09956846271837
9339,0,12,-82.58666666666669,1,-6.8822222222222225
9340,76,12,-180.08474406613544,12,-180.08474406613544
9341,41,12,-110.98357657528959,6,-93.46522121489485
9342,75,12,-177.53797429426584,12,-177.53797429426584
9343,10,12,-84.27710649292833,1,-17.167386388250772
9344,44,12,-115.28909842694712,6,-101.37216560238318
9345,6,12,-83.19527859488348,1,-10.586867266464079
9346,86,12,-207.4026530580665,12,-207.4026530580665
9347,71,12,-167.68740842638795,12,-167.68740842638795
9348,12,12,-85.02079284439587,1,-21.68888886194659
9349,84,12,-201.67000297128635,12,-201.67000297128635
9350,41,12,-110.98357657528959,6,-93.46522121489485
9351,93,12,-228.5259880514485,20,-228.46014739973276
9352,3,12,-82.73882969802135,1,-7.808756080935194
9353,7,12,-83.41503688796908,1,-11.923979800667436
9354,77,12,-182.66516071256729,12,-182.66516071256729
9355,57,12,-137.45226948237894,12,-137.45226948237894
9356,18,12,-88.0627272398999,3,-37.96561375881964
9357,60,12,-143.3755650196889,12,-143.3755650196889
9358,88,12,-213.26980172825859,12,-213.26980172825859
9359,97,12,-241.33591412399238,20,-236.43484574939123
9360,98,12,-244.6224017175923,20,-238.4808810119756
9361,85,12,-204.51951458063076,12,-204.51951458063076
9362,35,12,-103.28316204691019,6,-79.32193460441326
9363,92,12,-225.4075237139973,12,-225.4075237139973
9364,27,12,-94.90536226632408,3,-59.5898777586643
9365,94,12,-231.6780614823333,20,-230.42240386096492
9366,91,12,-222.3226706914009,12,-222.3226706914009
9367,65,12,-153.92134393244743,12,-153.92134393244743
9368,8,12,-83.66859579030925,1,-13.466492256876304
9369,89,12,-216.25380747683084,12,-216.25380747683084
9370,29,12,-96.79732089859871,3,-65.56666537455592
9371,15,12,-86.38973765322098,1,-30.008338880137654
9372,3,12,-82.73882969802135,1,-7.808756080935194
9373,51,12,-126.51534543777501,6,-121.9858949902555
9374,23,12,-91.52653465497364,3,-48.91374309468091
9375,95,12,-234.86374178545628,20,-232.40560631336535
9376,21,12,-90.03970135905276,3,-44.21475244382181
9377,85,12,-204.51951458063076,12,-204.51951458063076
9378,66,12,-156.13152263937536,12,-156.13152263937536
9379,95,12,-234.86374178545628,20,-232.40560631336535
9380,72,12,-170.09956846271837,12,-170.09956846271837
9381,69,12,-162.96406455953235,12,-162.96406455953235
9382,57,12,-137.45226948237894,12,-137.45226948237894
9383,51,12,-126.51534543777501,6,-121.9858949902555
9384,12,12,-85.02079284439587,1,-21.68888886194659
9385,10,12,-84.27710649292833,1,-17.167386388250772
9386,57,12,-137.45226948237894,12,-137.45226948237894
9387,59,12,-141.367447738551,12,-141.367447738551
9388,50,12,-124.81047053779731,6,-118.85564190652914
9389,75,12,-177.53797429426584,12,-177.53797429426584
9390,42,12,-112.38502871842148,6,-96.03901273050752
9391,29,12,-96.79732089859871,3,-65.56666537455592
9392,53,12,-130.0262005218131,6,-128.43176816621013
9393,40,12,-109.61584921025063,6,-90.95329633472858
9394,44,12,-115.28909842694712,6,-101.37216560238318
9395,73,12,-172.54538426876832,12,-172.54538426876832
9396,41,12,-110.98357657528959,6,-93.46522121489485
9397,88,12,-213.26980172825859,12,-213.26980172825859
9398,43,12,-113.8202034116098,6,-98.67466336494121
9399,39,12,-108.28184885147208,6,-88.50324560744662
9400,97,12,-241.33591412399238,20,-236.43484574939123
9401,73,12,-172.54538426876832,12,-172.54538426876832
9402,6,12,-83.19527859488348,1,-10.586867266464079
9403,88,12,-213.26980172825859,12,-213.26980172825859
9404,23,12,-91.52653465497364,3,-48.91374309468091
9405,40,12,-109.61584921025063,6,-90.95329633472858
9406,5,12,-83.00932314367421,1,-9.455237327983067
9407,14,12,-85.8996369884651,1,-27.0303393518663
9408,87,12,-210.3194161813455,12,-210.3194161813455
9409,16,12,-86.91362107098472,1,-33.19107800413937
9410,40,12,-109.61584921025063,6,-90.95329633472858
9411,26,12,-94.01001581178649,3,-56.76113061721671
9412,14,12,-85.8996369884651,1,-27.0303393518663
9413,75,12,-177.53797429426584,12,-177.53797429426584
9414,58,12,-139.39301515084207,12,-139.39301515084207
9415,79,12,-187.92692573545764,12,-187.92692573545764
9416,15,12,-86.38973765322098,1,-30.008338880137654
9417,60,12,-143.3755650196889,12,-143.3755650196889
9418,19,12,-88.68794552856191,3,-39.9420506223111
9419,82,12,-196.07186924674602,12,-196.07186924674602
9420,62,12,-147.492844759646,12,-147.492844759646
9421,63,12,-149.60200276748782,12,-149.60200276748782
9422,79,12,-187.92692573545764,12,-187.92692573545764
9423,5,12,-83.00932314367421,1,-9.455237327983067
9424,71,12,-167.68740842638795,12,-167.68740842638795
9425,71,12,-167.68740842638795,12,-167.68740842638795
9426,22,12,-90.76623443917929,3,-46.51097281076241
9427,48,12,-121.50183715622016,6,-112.7805402942011
9428,83,12,-198.854120452488,12,-198.854120452488
9429,14,12,-85.8996369884651,1,-27.0303393518663
9430,2,12,-82.65429616947476,1,-7.294070267709967
9431,79,12,-187.92692573545764,12,-187.92692573545764
9432,20,12,-89.34693764525149,3,-42.025104283182344
9433,10,12,-84.27710649292833,1,-17.167386388250772
9434,85,12,-204.51951458063076,12,-204.51951458063076
9435,41,12,-110.98357657528959,6,-93.46522121489485
9436,49,12,-123.13930036828388,6,-115.78718783779036
9437,57,12,-137.45226948237894,12,-137.45226948237894
9438,49,12,-123.13930036828388,6,-115.78718783779036
9439,29,12,-96.79732089859871,3,-65.56666537455592
9440,68,12,-160.6528851776278,12,-160.6528851776278
9441,36,12,-104.48223209634578,6,-81.52441352950547
9442,74,12,-175.02485362057575,12,-175.02485362057575
9443,64,12,-151.74483656681207,12,-151.74483656681207
9444,18,12,-88.0627272398999,3,-37.96561375881964
9445,44,12,-115.28909842694712,6,-101.37216560238318
9446,3,12,-82.73882969802135,1,-7.808756080935194
9447,48,12,-121.50183715622016,6,-112.7805402942011
9448,88,12,-213.26980172825859,12,-213.26980172825859
9449,28,12,-95.83446470521845,3,-62.525063432602536
9450,34,12,-102.11783014653936,6,-77.18136743158533
9451,72,12,-170.09956846271837,12,-170.09956846271837
9452,56,12,-135.54521295910172,12,-135.54521295910172
9453,37,12,-105.71503806602566,6,-83.78879668536612
9454,95,12,-234.86374178545628,20,-232.40560631336535
9455,12,12,-85.02079284439587,1,-21.68888886194659
9456,43,12,-113.8202034116098,6,-98.67466336494121
9457,38,12,-106.98157772725399,6,-86.11507655130762
9458,48,12,-121.50183715622016,6,-112.7805402942011
9459,90,12,-219.27143120512085,12,-219.27143120512085
9460,4,12,-82.85717276709248,1,-8.529172688515441
9461,38,12,-106.98157772725399,6,-86.11507655130762
9462,79,12,-187.92692573545764,12,-187.92692573545764
9463,27,12,-94.90536226632408,3,-59.5898777586643
9464,10,12,-84.27710649292833,1,-17.167386388250772
9465,7,12,-83.41503688796908,1,-11.923979800667436
9466,54,12,-131.832176252549,6,-131.7473732422173
9467,88,12,-213.26980172825859,12,-213.26980172825859
9468,33,12,-100.9862386241835,6,-75.10271953333199
9469,96,12,-238.08302673965238,20,-234.40975389635224
9470,57,12,-137.45226948237894,12,-137.45226948237894
9471,62,12,-147.492844759646,12,-147.492844759646
9472,88,12,-213.26980172825859,12,-213.26980172825859
9473,84,12,-201.67000297128635,12,-201.67000297128635
9474,94,12,-231.6780614823333,20,-230.42240386096492
9475,4,12,-82.85717276709248,1,-8.529172688515441
9476,53,12,-130.0262005218131,6,-128.43176816621013
9477,12,12,-85.02079284439587,1,-21.68888886194659
9478,30,12,-97.79392861672859,3,-68.71466132418306
9479,46,12,-118.32804051309115,6,-106.95269482704867
9480,20,12,-89.34693764525149,3,-42.025104283182344
9481,97,12,-241.33591412399238,20,-236.43484574939123
9482,58,12,-139.39301515084207,12,-139.39301515084207
9483,51,12,-126.51534543777501,6,-121.9858949902555
9484,5,12,-83.00932314367421,1,-9.455237327983067
9485,60,12,-143.3755650196889,12,-143.3755650196889
9486,83,12,-198.854120452488,12,-198.854120452488
9487,7,12,-83.41503688796908,1,-11.923979800667436
9488,46,12,-118.32804051309115,6,-106.95269482704867
9489,88,12,-213.26980172825859,12,-213.26980172825859
9490,9,12,-83.95595306941537,1,-15.214321990937147
9491,49,12,-123.13930036828388,6,-115.78718783779036
9492,17,12,-87.4712850103148,3,-36.095815994462484
9493,98,12,-244.6224017175923,20,-238.4808810119756
9494,14,12,-85.8996369884651,1,-27.0303393518663
9495,66,12,-156.13152263937536,12,-156.13152263937536
9496,9,12,-83.95595306941537,1,-15.214321990937147
9497,58,12,-139.39301515084207,12,-139.39301515084207
9498,27,12,-94.90536226632408,3,-59.5898777586643
9499,75,12,-177.53797429426584,12,-177.53797429426584
9500,59,12,-141.367447738551,12,-141.367447738551
9501,47,12,-119.89808312874094,6,-109.83570678670114
9502,47,12,-119.89808312874094,6,-109.83570678670114
9503,86,12,-207.4026530580665,12,-207.4026530580665
9504,32,12,-99.88838970893231,6,-73.08599843278336
9505,53,12,-130.0262005218131,6,-128.43176816621013
9506,4,12,-82.85717276709248,1,-8.529172688515441
9507,29,12,-96.79732089859871,3,-65.56666537455592
9508,37,12,-105.71503806602566,6,-83.78879668536612
9509,42,12,-112.38502871842148,6,-96.03901273050752
9510,98,12,-244.6224017175923,20,-238.4808810119756
9511,21,12,-90.03970135905276,3,-44.21475244382181
9512,22,12,-90.76623443917929,3,-46.51097281076241
9513,54,12,-131.832176252549,6,-131.7473732422173
9514,62,12,-147.492844759646,12,-147.492844759646
9515,17,12,-87.4712850103148,3,-36.095815994462484
9516,3,12,-82.73882969802135,1,-7.808756080935194
9517,18,12,-88.0627272398999,3,-37.96561375881964
9518,69,12,-162.96406455953235,12,-162.96406455953235
9519,41,12,-110.98357657528959,6,-93.46522121489485
9520,34,12,-102.11783014653936,6,-77.18136743158533
9521,9,12,-83.95595306941537,1,-15.214321990937147
9522,92,12,-225.4075237139973,12,-225.4075237139973
9523,32,12,-99.88838970893231,6,-73.08599843278336
9524,29,12,-96.79732089859871,3,-65.56666537455592
9525,96,12,-238.08302673965238,20,-234.40975389635224
9526,95,12,-234.86374178545628,20,-232.40560631336535
9527,74,12,-175.02485362057575,12,-175.02485362057575
9528,9,12,-83.95595306941537,1,-15.214321990937147
9529,21,12,-90.03970135905276,3,-44.21475244382181
9530,61,12,-145.41736476856974,12,-145.41736476856974
9531,58,12,-139.39301515084207,12,-139.39301515084207
9532,55,12,-133.67184780709107,12,-133.67184780709107
9533,99,12,-247.94248729970576,20,-240.54785882360903
9534,92,12,-225.4075237139973,12,-225.4075237139973
9535,9,12,-83.95595306941537,1,-15.214321990937147
9536,48,12,-121.50183715622016,6,-112.7805402942011
9537,42,12,-112.38502871842148,6,-96.03901273050752
9538,92,12,-225.4075237139973,12,-225.4075237139973
9539,69,12,-162.96406455953235,12,-162.96406455953235
9540,68,12,-160.6528851776278,12,-160.6528851776278
9541,17,12,-87.4712850103148,3,-36.095815994462484
9542,48,12,-121.50183715622016,6,-112.7805402942011
9543,64,12,-151.74483656681207,12,-151.74483656681207
9544,52,12,-128.2539228413562,6,-125.177939579655
9545,4,12,-82.85717276709248,1,-8.529172688515441
9546,48,12,-121.50183715622016,6,-112.7805402942011
9547,8,12,-83.66859579030925,1,-13.466492256876304
9548,49,12,-123.13930036828388,6,-115.78718783779036
9549,88,12,-213.26980172825859,12,-213.26980172825859
9550,28,12,-95.83446470521845,3,-62.525063432602536
9551,57,12,-137.45226948237894,12,-137.45226948237894
9552,44,12,-115.28909842694712,6,-101.37216560238318
9553,91,12,-222.3226706914009,12,-222.3226706914009
9554,38,12,-106.98157772725399,6,-86.11507655130762
9555,68,12,-160.6528851776278,12,-160.6528851776278
9556,90,12,-219.27143120512085,12,-219.27143120512085
9557,24,12,-92.32059977591312,3,-51.42304101039932
9558,75,12,-177.53797429426584,12,-177.53797429426584
9559,44,12,-115.28909842694712,6,-101.37216560238318
9560,25,12,-93.14842757160632,3,-54.03884427687615
9561,54,12,-131.832176252549,6,-131.7473732422173
9562,52,12,-128.2539228413562,6,-125.177939579655
9563,87,12,-210.3194161813455,12,-210.3194161813455
9564,91,12,-222.3226706914009,12,-222.3226706914009
9565,48,12,-121.50183715622016,6,-112.7805402942011
9566,63,12,-149.60200276748782,12,-149.60200276748782
9567,20,12,-89.34693764525149,3,-42.025104283182344
9568,19,12,-88.68794552856191,3,-39.9420506223111
9569,60,12,-143.3755650196889,12,-143.3755650196889
9570,11,12,-84.63205382862074,1,-19.32560286376086
9571,90,12,-219.27143120512085,12,-219.27143120512085
9572,41,12,-110.98357657528959,6,-93.46522121489485
9573,41,12,-110.98357657528959,6,-93.46522121489485
9574,6,12,-83.19527859488348,1,-10.586867266464079
9575,97,12,-241.33591412399238,20,-236.43484574939123
9576,13,12,-85.44332130828904,1,-24.257161856809045
9577,2,12,-82.65429616947476,1,-7.294070267709967
9578,45,12,-116.79171153665492,6,-104.13151192781399
9579,72,12,-170.09956846271837,12,-170.09956846271837
9580,29,12,-96.79732089859871,3,-65.56666537455592
9581,85,12,-204.51951458063076,12,-204.51951458063076
9582,95,12,-234.86374178545628,20,-232.40560631336535
9583,54,12,-131.832176252549,6,-131.7473732422173
9584,55,12,-133.67184780709107,12,-133.67184780709107
9585,72,12,-170.09956846271837,12,-170.09956846271837
9586,50,12,-124.81047053779731,6,-118.85564190652914
9587,47,12,-119.89808312874094,6,-109.83570678670114
9588,56,12,-135.54521295910172,12,-135.54521295910172
9589,84,12,-201.67000297128635,12,-201.67000297128635
9590,24,12,-92.32059977591312,3,-51.42304101039932
9591,92,12,-225.4075237139973,12,-225.4075237139973
9592,46,12,-118.32804051309115,6,-106.95269482704867
9593,14,12,-85.8996369884651,1,-27.0303393518663
9594,21,12,-90.03970135905276,3,-44.21475244382181
9595,89,12,-216.25380747683084,12,-216.25380747683084
9596,84,12,-201.67000297128635,12,-201.67000297128635
9597,55,12,-133.67184780709107,12,-133.67184780709107
9598,96,12,-238.08302673965238,20,-234.40975389635224
9599,84,12,-201.67000297128635,12,-201.67000297128635
9600,33,12,-100.9862386241835,6,-75.10271953333199
9601,12,12,-85.02079284439587,1,-21.68888886194659
9602,97,12,-241.33591412399238,20,-236.43484574939123
9603,71,12,-167.68740842638795,12,-167.68740842638795
9604,9,12,-83.95595306941537,1,-15.214321990937147
9605,88,12,-213.26980172825859,12,-213.26980172825859
9606,14,12,-85.8996369884651,1,-27.0303393518663
9607,87,12,-210.3194161813455,12,-210.3194161813455
9608,5,12,-83.00932314367421,1,-9.455237327983067
9609,46,12,-118.32804051309115,6,-106.95269482704867
9610,4,12,-82.85717276709248,1,-8.529172688515441
9611,12,12,-85.02079284439587,1,-21.68888886194659
9612,88,12,-213.26980172825859,12,-213.26980172825859
9613,81,12,-193.3232515767758,12,-193.3232515767758
9614,78,12,-185.27922201012348,12,-185.27922201012348
9615,55,12,-133.67184780709107,12,-133.67184780709107
9616,78,12,-185.27922201012348,12,-185.27922201012348
9617,81,12,-193.3232515767758,12,-193.3232515767758
9618,94,12,-231.6780614823333,20,-230.42240386096492
9619,9,12,-83.95595306941537,1,-15.214321990937147
9620,37,12,-105.71503806602566,6,-83.78879668536612
9621,1,12,-82.6035744145978,1,-6.9851980409108565
9622,51,12,-126.51534543777501,6,-121.9858949902555
9623,64,12,-151.74483656681207,12,-151.74483656681207
9624,26,12,-94.01001581178649,3,-56.76113061721671
9625,11,12,-84.63205382862074,1,-19.32560286376086
9626,39,12,-108.28184885147208,6,-88.50324560744662
9627,41,12,-110.98357657528959,6,-93.46522121489485
9628,84,12,-201.67000297128635,12,-201.67000297128635
9629,25,12,-93.14842757160632,3,-54.03884427687615
9630,33,12,-100.9862386241835,6,-75.10271953333199
9631,51,12,-126.51534543777501,6,-121.9858949902555
9632,21,12,-90.03970135905276,3,-44.21475244382181
9633,54,12,-131.832176252549,6,-131.7473732422173
9634,79,12,-187.92692573545764,12,-187.92692573545764
9635,97,12,-241.33591412399238,20,-236.43484574939123
9636,0,12,-82.58666666666669,1,-6.8822222222222225
9637,11,12,-84.63205382862074,1,-19.32560286376086
9638,92,12,-225.4075237139973,12,-225.4075237139973
9639,33,12,-100.9862386241835,6,-75.10271953333199
9640,10,12,-84.27710649292833,1,-17.167386388250772
9641,13,12,-85.44332130828904,1,-24.257161856809045
9642,85,12,-204.51951458063076,12,-204.51951458063076
9643,10,12,-84.27710649292833,1,-17.167386388250772
9644,39,12,-108.28184885147208,6,-88.50324560744662
9645,32,12,-99.88838970893231,6,-73.08599843278336
9646,68,12,-160.6528851776278,12,-160.6528851776278
9647,35,12,-103.28316204691019,6,-79.32193460441326
9648,72,12,-170.09956846271837,12,-170.09956846271837
9649,87,12,-210.3194161813455,12,-210.3194161813455
9650,87,12,-210.3194161813455,12,-210.3194161813455
9651,77,12,-182.66516071256729,12,-182.66516071256729
9652,82,12,-196.07186924674602,12,-196.07186924674602
9653,63,12,-149.60200276748782,12,-149.60200276748782
9654,46,12,-118.32804051309115,6,-106.95269482704867
9655,98,12,-244.6224017175923,20,-238.4808810119756
9656,82,12,-196.07186924674602,12,-196.07186924674602
9657,20,12,-89.34693764525149,3,-42.025104283182344
9658,26,12,-94.01001581178649,3,-56.76113061721671
9659,28,12,-95.83446470521845,3,-62.525063432602536
9660,12,12,-85.02079284439587,1,-21.68888886194659
9661,17,12,-87.4712850103148,3,-36.095815994462484
9662,2,12,-82.65429616947476,1,-7.294070267709967
9663,36,12,-104.48223209634578,6,-81.52441352950547
9664,74,12,-175.02485362057575,12,-175.02485362057575
9665,34,12,-102.11783014653936,6,-77.18136743158533
9666,39,12,-108.28184885147208,6,-88.50324560744662
9667,10,12,-84.27710649292833,1,-17.167386388250772
9668,51,12,-126.51534543777501,6,-121.9858949902555
9669,2,12,-82.65429616947476,1,-7.294070267709967
9670,65,12,-153.92134393244743,12,-153.92134393244743
9671,23,12,-91.52653465497364,3,-48.91374309468091
9672,0,12,-82.58666666666669,1,-6.8822222222222225
9673,74,12,-175.02485362057575,12,-175.02485362057575
9674,68,12,-160.6528851776278,12,-160.6528851776278
9675,20,12,-89.34693764525149,3,-42.025104283182344
9676,57,12,-137.45226948237894,12,-137.45226948237894
9677,5,12,-83.00932314367421,1,-9.455237327983067
9678,3,12,-82.73882969802135,1,-7.808756080935194
9679,13,12,-85.44332130828904,1,-24.257161856809045
9680,94,12,-231.6780614823333,20,-230.42240386096492
9681,43,12,-113.8202034116098,6,-98.67466336494121
9682,2,12,-82.65429616947476,1,-7.294070267709967
9683,33,12,-100.9862386241835,6,-75.10271953333199
9684,27,12,-94.90536226632408,3,-59.5898777586643
9685,5,12,-83.00932314367421,1,-9.455237327983067
9686,51,12,-126.51534543777501,6,-121.9858949902555
9687,77,12,-182.66516071256729,12,-182.66516071256729
9688,37,12,-105.71503806602566,6,-83.78879668536612
9689,23,12,-91.52653465497364,3,-48.91374309468091
9690,15,12,-86.38973765322098,1,-30.008338880137654
9691,74,12,-175.02485362057575,12,-175.02485362057575
9692,92,12,-225.4075237139973,12,-225.4075237139973
9693,35,12,-103.28316204691019,6,-79.32193460441326
9694,24,12,-92.32059977591312,3,-51.42304101039932
9695,94,12,-231.6780614823333,20,-230.42240386096492
9696,61,12,-145.41736476856974,12,-145.41736476856974
9697,53,12,-130.0262005218131,6,-128.43176816621013
9698,87,12,-210.3194161813455,12,-210.3194161813455
9699,8,12,-83.66859579030925,1,-13.466492256876304
9700,29,12,-96.79732089859871,3,-65.56666537455592
9701,94,12,-231.6780614823333,20,-230.42240386096492
9702,99,12,-247.94248729970576,20,-240.54785882360903
9703,74,12,-175.02485362057575,12,-175.02485362057575
9704,25,12,-93.14842757160632,3,-54.03884427687615
9705,5,12,-83.00932314367421,1,-9.455237327983067
9706,5,12,-83.00932314367421,1,-9.455237327983067
9707,30,12,-97.79392861672859,3,-68.71466132418306
9708,3,12,-82.73882969802135,1,-7.808756080935194
9709,11,12,-84.63205382862074,1,-19.32560286376086
9710,57,12,-137.45226948237894,12,-137.45226948237894
9711,27,12,-94.90536226632408,3,-59.5898777586643
9712,0,12,-82.58666666666669,1,-6.8822222222222225
9713,91,12,-222.3226706914009,12,-222.3226706914009
9714,11,12,-84.63205382862074,1,-19.32560286376086
9715,36,12,-104.48223209634578,6,-81.52441352950547
9716,66,12,-156.13152263937536,12,-156.13152263937536
9717,21,12,-90.03970135905276,3,-44.21475244382181
9718,73,12,-172.54538426876832,12,-172.54538426876832
9719,94,12,-231.6780614823333,20,-230.42240386096492
9720,58,12,-139.39301515084207,12,-139.39301515084207
9721,27,12,-94.90536226632408,3,-59.5898777586643
9722,18,12,-88.0627272398999,3,-37.96561375881964
9723,49,12,-123.13930036828388,6,-115.78718783779036
9724,57,12,-137.45226948237894,12,-137.45226948237894
9725,88,12,-213.26980172825859,12,-213.26980172825859
9726,40,12,-109.61584921025063,6,-90.95329633472858
9727,51,12,-126.51534543777501,6,-121.9858949902555
9728,22,12,-90.76623443917929,3,-46.51097281076241
9729,29,12,-96.79732089859871,3,-65.56666537455592
9730,53,12,-130.0262005218131,6,-128.43176816621013
9731,40,12,-109.61584921025063,6,-90.95329633472858
9732,45,12,-116.79171153665492,6,-104.13151192781399
9733,50,12,-124.81047053779731,6,-118.85564190652914
9734,53,12,-130.0262005218131,6,-128.43176816621013
9735,80,12,-190.60826966535672,12,-190.60826966535672
9736,11,12,-84.63205382862074,1,-19.32560286376086
9737,32,12,-99.88838970893231,6,-73.08599843278336
9738,57,12,-137.45226948237894,12,-137.45226948237894
9739,27,12,-94.90536226632408,3,-59.5898777586643
9740,12,12,-85.02079284439587,1,-21.68888886194659
9741,78,12,-185.27922201012348,12,-185.27922201012348
9742,50,12,-124.81047053779731,6,-118.85564190652914
9743,60,12,-143.3755650196889,12,-143.3755650196889
9744,77,12,-182.66516071256729,12,-182.66516071256729
9745,62,12,-147.492844759646,12,-147.492844759646
9746,52,12,-128.2539228413562,6,-125.177939579655
9747,65,12,-153.92134393244743,12,-153.92134393244743
9748,60,12,-143.3755650196889,12,-143.3755650196889
9749,31,12,-98.82428562999917,6,-71.1312116538696
9750,49,12,-123.13930036828388,6,-115.78718783779036
9751,73,12,-172.54538426876832,12,-172.54538426876832
9752,14,12,-85.8996369884651,1,-27.0303393518663
9753,79,12,-187.92692573545764,12,-187.92692573545764
9754,11,12,-84.63205382862074,1,-19.32560286376086
9755,68,12,-160.6528851776278,12,-160.6528851776278
9756,33,12,-100.9862386241835,6,-75.10271953333199
9757,56,12,-135.54521295910172,12,-135.54521295910172
9758,41,12,-110.98357657528959,6,-93.46522121489485
9759,27,12,-94.90536226632408,3,-59.5898777586643
9760,50,12,-124.81047053779731,6,-118.85564190652914
9761,95,12,-234.86374178545628,20,-232.40560631336535
9762,17,12,-87.4712850103148,3,-36.095815994462484
9763,15,12,-86.38973765322098,1,-30.008338880137654
9764,38,12,-106.98157772725399,6,-86.11507655130762
9765,2,12,-82.65429616947476,1,-7.294070267709967
9766,85,12,-204.51951458063076,12,-204.51951458063076
9767,35,12,-103.28316204691019,6,-79.32193460441326
9768,17,12,-87.4712850103148,3,-36.095815994462484
9769,39,12,-108.28184885147208,6,-88.50324560744662
9770,94,12,-231.6780614823333,20,-230.42240386096492
9771,63,12,-149.60200276748782,12,-149.60200276748782
9772,49,12,-123.13930036828388,6,-115.78718783779036
9773,9,12,-83.95595306941537,1,-15.214321990937147
9774,25,12,-93.14842757160632,3,-54.03884427687615
9775,29,12,-96.79732089859871,3,-65.56666537455592
9776,66,12,-156.13152263937536,12,-156.13152263937536
9777,0,12,-82.58666666666669,1,-6.8822222222222225
9778,49,12,-123.13930036828388,6,-115.78718783779036
9779,89,12,-216.25380747683084,12,-216.25380747683084
9780,5,12,-83.00932314367421,1,-9.455237327983067
9781,84,12,-201.67000297128635,12,-201.67000297128635
9782,13,12,-85.44332130828904,1,-24.257161856809045
9783,37,12,-105.71503806602566,6,-83.78879668536612
9784,84,12,-201.67000297128635,12,-201.67000297128635
9785,30,12,-97.79392861672859,3,-68.71466132418306
9786,60,12,-143.3755650196889,12,-143.3755650196889
9787,57,12,-137.45226948237894,12,-137.45226948237894
9788,2,12,-82.65429616947476,1,-7.294070267709967
9789,37,12,-105.71503806602566,6,-83.78879668536612
9790,52,12,-128.2539228413562,6,-125.177939579655
9791,22,12,-90.76623443917929,3,-46.51097281076241
9792,93,12,-228.5259880514485,20,-228.46014739973276
9793,84,12,-201.67000297128635,12,-201.67000297128635
9794,65,12,-153.92134393244743,12,-153.92134393244743
9795,41,12,-110.98357657528959,6,-93.46522121489485
9796,86,12,-207.4026530580665,12,-207.4026530580665
9797,54,12,-131.832176252549,6,-131.7473732422173
9798,71,12,-167.68740842638795,12,-167.68740842638795
9799,38,12,-106.98157772725399,6,-86.11507655130762
9800,16,12,-86.91362107098472,1,-33.19107800413937
9801,52,12,-128.2539228413562,6,-125.177939579655
9802,92,12,-225.4075237139973,12,-225.4075237139973
9803,51,12,-126.51534543777501,6,-121.9858949902555
9804,87,12,-210.3194161813455,12,-210.3194161813455
9805,28,12,-95.83446470521845,3,-62.525063432602536
9806,46,12,-118.32804051309115,6,-106.95269482704867
9807,9,12,-83.95595306941537,1,-15.214321990937147
9808,41,12,-110.98357657528959,6,-93.46522121489485
9809,27,12,-94.90536226632408,3,-59.5898777586643
9810,15,12,-86.38973765322098,1,-30.008338880137654
9811,26,12,-94.01001581178649,3,-56.76113061721671
9812,79,12,-187.92692573545764,12,-187.92692573545764
9813,14,12,-85.8996369884651,1,-27.0303393518663
9814,16,12,-86.91362107098472,1,-33.19107800413937
9815,29,12,-96.79732089859871,3,-65.56666537455592
9816,61,12,-145.41736476856974,12,-145.41736476856974
9817,82,12,-196.07186924674602,12,-196.07186924674602
9818,6,12,-83.19527859488348,1,-10.586867266464079
9819,55,12,-133.67184780709107,12,-133.67184780709107
9820,65,12,-153.92134393244743,12,-153.92134393244743
9821,81,12,-193.3232515767758,12,-193.3232515767758
9822,0,12,-82.58666666666669,1,-6.8822222222222225
9823,30,12,-97.79392861672859,3,-68.71466132418306
9824,49,12,-123.13930036828388,6,-115.78718783779036
9825,62,12,-147.492844759646,12,-147.492844759646
9826,1,12,-82.6035744145978,1,-6.9851980409108565
9827,75,12,-177.53797429426584,12,-177.53797429426584
9828,31,12,-98.82428562999917,6,-71.1312116538696
9829,32,12,-99.88838970893231,6,-73.08599843278336
9830,74,12,-175.02485362057575,12,-175.02485362057575
9831,3,12,-82.73882969802135,1,-7.808756080935194
9832,61,12,-145.41736476856974,12,-145.41736476856974
9833,88,12,-213.26980172825859,12,-213.26980172825859
9834,12,12,-85.02079284439587,1,-21.68888886194659
9835,26,12,-94.01001581178649,3,-56.76113061721671
9836,4,12,-82.85717276709248,1,-8.529172688515441
9837,41,12,-110.98357657528959,6,-93.46522121489485
9838,49,12,-123.13930036828388,6,-115.78718783779036
9839,78,12,-185.27922201012348,12,-185.27922201012348
9840,20,12,-89.34693764525149,3,-42.025104283182344
9841,59,12,-141.367447738551,12,-141.367447738551
9842,42,12,-112.38502871842148,6,-96.03901273050752
9843,14,12,-85.8996369884651,1,-27.0303393518663
9844,54,12,-131.832176252549,6,-131.7473732422173
9845,4,12,-82.85717276709248,1,-8.529172688515441
9846,59,12,-141.367447738551,12,-141.367447738551
9847,50,12,-124.81047053779731,6,-118.85564190652914
9848,87,12,-210.3194161813455,12,-210.3194161813455
9849,10,12,-84.27710649292833,1,-17.167386388250772
9850,11,12,-84.63205382862074,1,-19.32560286376086
9851,85,12,-204.51951458063076,12,-204.51951458063076
9852,57,12,-137.45226948237894,12,-137.45226948237894
9853,66,12,-156.13152263937536,12,-156.13152263937536
9854,62,12,-147.492844759646,12,-147.492844759646
9855,11,12,-84.63205382862074,1,-19.32560286376086
9856,73,12,-172.54538426876832,12,-172.54538426876832
9857,54,12,-131.832176252549,6,-131.7473732422173
9858,53,12,-130.0262005218131,6,-128.43176816621013
9859,56,12,-135.54521295910172,12,-135.54521295910172
9860,30,12,-97.79392861672859,3,-68.71466132418306
9861,58,12,-139.39301515084207,12,-139.39301515084207
9862,40,12,-109.61584921025063,6,-90.95329633472858
9863,55,12,-133.67184780709107,12,-133.67184780709107
9864,95,12,-234.86374178545628,20,-232.40560631336535
9865,88,12,-213.26980172825859,12,-213.26980172825859
9866,8,12,-83.66859579030925,1,-13.466492256876304
9867,80,12,-190.60826966535672,12,-190.60826966535672
9868,81,12,-193.3232515767758,12,-193.3232515767758
9869,93,12,-228.5259880514485,20,-228.46014739973276
9870,93,12,-228.5259880514485,20,-228.46014739973276
9871,15,12,-86.38973765322098,1,-30.008338880137654
9872,57,12,-137.45226948237894,12,-137.45226948237894
9873,7,12,-83.41503688796908,1,-11.923979800667436
9874,24,12,-92.32059977591312,3,-51.42304101039932
9875,74,12,-175.02485362057575,12,-175.02485362057575
9876,53,12,-130.0262005218131,6,-128.43176816621013
9877,50,12,-124.81047053779731,6,-118.85564190652914
9878,72,12,-170.09956846271837,12,-170.09956846271837
9879,40,12,-109.61584921025063,6,-90.95329633472858
9880,74,12,-175.02485362057575,12,-175.02485362057575
9881,39,12,-108.28184885147208,6,-88.50324560744662
9882,99,12,-247.94248729970576,20,-240.54785882360903
9883,22,12,-90.76623443917929,3,-46.51097281076241
9884,44,12,-115.28909842694712,6,-101.37216560238318
9885,48,12,-121.50183715622016,6,-112.7805402942011
9886,53,12,-130.0262005218131,6,-128.43176816621013
9887,0,12,-82.58666666666669,1,-6.8822222222222225
9888,81,12,-193.3232515767758,12,-193.3232515767758
9889,72,12,-170.09956846271837,12,-170.09956846271837
9890,22,12,-90.76623443917929,3,-46.51097281076241
9891,75,12,-177.53797429426584,12,-177.53797429426584
9892,93,12,-228.5259880514485,20,-228.46014739973276
9893,52,12,-128.2539228413562,6,-125.177939579655
9894,32,12,-99.88838970893231,6,-73.08599843278336
9895,46,12,-118.32804051309115,6,-106.95269482704867
9896,19,12,-88.68794552856191,3,-39.9420506223111
9897,38,12,-106.98157772725399,6,-86.11507655130762
9898,96,12,-238.08302673965238,20,-234.40975389635224
9899,47,12,-119.89808312874094,6,-109.83570678670114
9900,47,12,-119.89808312874094,6,-109.83570678670114
9901,73,12,-172.54538426876832,12,-172.54538426876832
9902,48,12,-121.50183715622016,6,-112.7805402942011
9903,28,12,-95.83446470521845,3,-62.525063432602536
9904,82,12,-196.07186924674602,12,-196.07186924674602
9905,21,12,-90.03970135905276,3,-44.21475244382181
9906,30,12,-97.79392861672859,3,-68.71466132418306
9907,97,12,-241.33591412399238,20,-236.43484574939123
9908,32,12,-99.88838970893231,6,-73.08599843278336
9909,71,12,-167.68740842638795,12,-167.68740842638795
9910,99,12,-247.94248729970576,20,-240.54785882360903
9911,24,12,-92.32059977591312,3,-51.42304101039932
9912,65,12,-153.92134393244743,12,-153.92134393244743
9913,82,12,-196.07186924674602,12,-196.07186924674602
9914,54,12,-131.832176252549,6,-131.7473732422173
9915,61,12,-145.41736476856974,12,-145.41736476856974
9916,0,12,-82.58666666666669,1,-6.8822222222222225
9917,53,12,-130.0262005218131,6,-128.43176816621013
9918,84,12,-201.67000297128635,12,-201.67000297128635
9919,64,12,-151.74483656681207,12,-151.74483656681207
9920,53,12,-130.0262005218131,6,-128.43176816621013
9921,8,12,-83.66859579030925,1,-13.466492256876304
9922,78,12,-185.27922201012348,12,-185.27922201012348
9923,38,12,-106.98157772725399,6,-86.11507655130762
9924,82,12,-196.07186924674602,12,-196.07186924674602
9925,2,12,-82.65429616947476,1,-7.294070267709967
9926,3,12,-82.73882969802135,1,-7.808756080935194
9927,54,12,-131.832176252549,6,-131.7473732422173
9928,18,12,-88.0627272398999,3,-37.96561375881964
9929,46,12,-118.32804051309115,6,-106.95269482704867
9930,7,12,-83.41503688796908,1,-11.923979800667436
9931,6,12,-83.19527859488348,1,-10.586867266464079
9932,0,12,-82.58666666666669,1,-6.8822222222222225
9933,72,12,-170.09956846271837,12,-170.09956846271837
9934,28,12,-95.83446470521845,3,-62.525063432602536
9935,16,12,-86.91362107098472,1,-33.19107800413937
9936,43,12,-113.8202034116098,6,-98.67466336494121
9937,95,12,-234.86374178545628,20,-232.40560631336535
9938,56,12,-135.54521295910172,12,-135.54521295910172
9939,91,12,-222.3226706914009,12,-222.3226706914009
9940,73,12,-172.54538426876832,12,-172.54538426876832
9941,36,12,-104.48223209634578,6,-81.52441352950547
9942,39,12,-108.28184885147208,6,-88.50324560744662
9943,7,12,-83.41503688796908,1,-11.923979800667436
9944,32,12,-99.88838970893231,6,-73.08599843278336
9945,14,12,-85.8996369884651,1,-27.0303393518663
9946,14,12,-85.8996369884651,1,-27.0303393518663
9947,99,12,-247.94248729970576,20,-240.54785882360903
9948,95,12,-234.86374178545628,20,-232.40560631336535
9949,12,12,-85.02079284439587,1,-21.68888886194659
9950,10,12,-84.27710649292833,1,-17.167386388250772
9951,36,12,-104.48223209634578,6,-81.52441352950547
9952,78,12,-185.27922201012348,12,-185.27922201012348
9953,5,12,-83.00932314367421,1,-9.455237327983067
9954,15,12,-86.38973765322098,1,-30.008338880137654
9955,77,12,-182.66516071256729,12,-182.66516071256729
9956,84,12,-201.67000297128635,12,-201.67000297128635
9957,16,12,-86.91362107098472,1,-33.19107800413937
9958,80,12,-190.60826966535672,12,-190.60826966535672
9959,49,12,-123.13930036828388,6,-115.78718783779036
9960,91,12,-222.3226706914009,12,-222.3226706914009
9961,26,12,-94.01001581178649,3,-56.76113061721671
9962,20,12,-89.34693764525149,3,-42.025104283182344
9963,41,12,-110.98357657528959,6,-93.46522121489485
9964,42,12,-112.38502871842148,6,-96.03901273050752
9965,46,12,-118.32804051309115,6,-106.95269482704867
9966,30,12,-97.79392861672859,3,-68.71466132418306
9967,33,12,-100.9862386241835,6,-75.10271953333199
9968,58,12,-139.39301515084207,12,-139.39301515084207
9969,51,12,-126.51534543777501,6,-121.9858949902555
9970,72,12,-170.09956846271837,12,-170.09956846271837
9971,8,12,-83.66859579030925,1,-13.466492256876304
9972,27,12,-94.90536226632408,3,-59.5898777586643
9973,93,12,-228.5259880514485,20,-228.46014739973276
9974,67,12,-158.37537046268577,12,-158.37537046268577
9975,37,12,-105.71503806602566,6,-83.78879668536612
9976,56,12,-135.54521295910172,12,-135.54521295910172
9977,76,12,-180.08474406613544,12,-180.08474406613544
9978,2,12,-82.65429616947476,1,-7.294070267709967
9979,76,12,-180.08474406613544,12,-180.08474406613544
9980,28,12,-95.83446470521845,3,-62.525063432602536
9981,79,12,-187.92692573545764,12,-187.92692573545764
9982,8,12,-83.66859579030925,1,-13.466492256876304
9983,30,12,-97.79392861672859,3,-68.71466132418306
9984,90,12,-219.27143120512085,12,-219.27143120512085
9985,30,12,-97.79392861672859,3,-68.71466132418306
9986,48,12,-121.50183715622016,6,-112.7805402942011
9987,40,12,-109.61584921025063,6,-90.95329633472858
9988,0,12,-82.58666666666669,1,-6.8822222222222225
9989,16,12,-86.91362107098472,1,-33.19107800413937
9990,16,12,-86.91362107098472,1,-33.19107800413937
9991,85,12,-204.51951458063076,12,-204.51951458063076
9992,69,12,-162.96406455953235,12,-162.96406455953235
9993,14,12,-85.8996369884651,1,-27.0303393518663
9994,75,12,-177.53797429426584,12,-177.53797429426584
9995,7,12,-83.41503688796908,1,-11.923979800667436
9996,29,12,-96.79732089859871,3,-65.56666537455592
9997,39,12,-108.28184885147208,6,-88.50324560744662
9998,72,12,-170.09956846271837,12,-170.09956846271837
9999,48,12,-121.50183715622016,6,-112.7805402942011
results trunacted - 10000/1000000,results trunacted - 10000/1000000,results trunacted - 10000/1000000,results trunacted - 10000/1000000,results trunacted - 10000/1000000,results trunacted - 10000/1000000
Sample no.,Theta sample,Prior action,Prior utility,Posterior action,Posterior utility
0,44,12,-115.28909842694712,6,-101.37216560238318
1,47,12,-119.89808312874094,6,-109.83570678670114
2,64,12,-151.74483656681207,12,-151.74483656681207
3,67,12,-158.37537046268577,12,-158.37537046268577
4,67,12,-158.37537046268577,12,-158.37537046268577
5,9,12,-83.95595306941537,1,-15.214321990937147
6,83,12,-198.854120452488,12,-198.854120452488
7,21,12,-90.03970135905276,3,-44.21475244382181
8,36,12,-104.48223209634578,6,-81.52441352950547
9,87,12,-210.3194161813455,12,-210.3194161813455
10,70,12,-165.30890638391594,12,-165.30890638391594
11,88,12,-213.26980172825859,12,-213.26980172825859
12,88,12,-213.26980172825859,12,-213.26980172825859
13,12,12,-85.02079284439587,1,-21.68888886194659
14,58,12,-139.39301515084207,12,-139.39301515084207
15,65,12,-153.92134393244743,12,-153.92134393244743
16,39,12,-108.28184885147208,6,-88.50324560744662
17,87,12,-210.3194161813455,12,-210.3194161813455
18,46,12,-118.32804051309115,6,-106.95269482704867
19,88,12,-213.26980172825859,12,-213.26980172825859
20,81,12,-193.3232515767758,12,-193.3232515767758
21,37,12,-105.71503806602566,6,-83.78879668536612
22,25,12,-93.14842757160632,3,-54.03884427687615
23,77,12,-182.66516071256729,12,-182.66516071256729
24,72,12,-170.09956846271837,12,-170.09956846271837
25,9,12,-83.95595306941537,1,-15.214321990937147
26,20,12,-89.34693764525149,3,-42.025104283182344
27,80,12,-190.60826966535672,12,-190.60826966535672
28,69,12,-162.96406455953235,12,-162.96406455953235
29,79,12,-187.92692573545764,12,-187.92692573545764
30,47,12,-119.89808312874094,6,-109.83570678670114
31,64,12,-151.74483656681207,12,-151.74483656681207
32,82,12,-196.07186924674602,12,-196.07186924674602
33,99,12,-247.94248729970576,20,-240.54785882360903
34,88,12,-213.26980172825859,12,-213.26980172825859
35,49,12,-123.13930036828388,6,-115.78718783779036
36,29,12,-96.79732089859871,3,-65.56666537455592
37,19,12,-88.68794552856191,3,-39.9420506223111
38,19,12,-88.68794552856191,3,-39.9420506223111
39,14,12,-85.8996369884651,1,-27.0303393518663
40,39,12,-108.28184885147208,6,-88.50324560744662
41,32,12,-99.88838970893231,6,-73.08599843278336
42,65,12,-153.92134393244743,12,-153.92134393244743
43,9,12,-83.95595306941537,1,-15.214321990937147
44,57,12,-137.45226948237894,12,-137.45226948237894
45,32,12,-99.88838970893231,6,-73.08599843278336
46,31,12,-98.82428562999917,6,-71.1312116538696
47,74,12,-175.02485362057575,12,-175.02485362057575
48,23,12,-91.52653465497364,3,-48.91374309468091
49,35,12,-103.28316204691019,6,-79.32193460441326
50,75,12,-177.53797429426584,12,-177.53797429426584
51,55,12,-133.67184780709107,12,-133.67184780709107
52,28,12,-95.83446470521845,3,-62.525063432602536
53,34,12,-102.11783014653936,6,-77.18136743158533
54,0,12,-82.58666666666669,1,-6.8822222222222225
55,0,12,-82.58666666666669,1,-6.8822222222222225
56,36,12,-104.48223209634578,6,-81.52441352950547
57,53,12,-130.0262005218131,6,-128.43176816621013
58,5,12,-83.00932314367421,1,-9.455237327983067
59,38,12,-106.98157772725399,6,-86.11507655130762
60,17,12,-87.4712850103148,3,-36.095815994462484
61,79,12,-187.92692573545764,12,-187.92692573545764
62,4,12,-82.85717276709248,1,-8.529172688515441
63,42,12,-112.38502871842148,6,-96.03901273050752
64,58,12,-139.39301515084207,12,-139.39301515084207
65,31,12,-98.82428562999917,6,-71.1312116538696
66,1,12,-82.6035744145978,1,-6.9851980409108565
67,65,12,-153.92134393244743,12,-153.92134393244743
68,41,12,-110.98357657528959,6,-93.46522121489485
69,57,12,-137.45226948237894,12,-137.45226948237894
70,35,12,-103.28316204691019,6,-79.32193460441326
71,11,12,-84.63205382862074,1,-19.32560286376086
72,46,12,-118.32804051309115,6,-106.95269482704867
73,82,12,-196.07186924674602,12,-196.07186924674602
74,91,12,-222.3226706914009,12,-222.3226706914009
75,0,12,-82.58666666666669,1,-6.8822222222222225
76,14,12,-85.8996369884651,1,-27.0303393518663
77,99,12,-247.94248729970576,20,-240.54785882360903
78,53,12,-130.0262005218131,6,-128.43176816621013
79,12,12,-85.02079284439587,1,-21.68888886194659
80,42,12,-112.38502871842148,6,-96.03901273050752
81,84,12,-201.67000297128635,12,-201.67000297128635
82,75,12,-177.53797429426584,12,-177.53797429426584
83,68,12,-160.6528851776278,12,-160.6528851776278
84,6,12,-83.19527859488348,1,-10.586867266464079
85,68,12,-160.6528851776278,12,-160.6528851776278
86,47,12,-119.89808312874094,6,-109.83570678670114
87,3,12,-82.73882969802135,1,-7.808756080935194
88,76,12,-180.08474406613544,12,-180.08474406613544
89,52,12,-128.2539228413562,6,-125.177939579655
90,78,12,-185.27922201012348,12,-185.27922201012348
91,15,12,-86.38973765322098,1,-30.008338880137654
92,20,12,-89.34693764525149,3,-42.025104283182344
93,99,12,-247.94248729970576,20,-240.54785882360903
94,58,12,-139.39301515084207,12,-139.39301515084207
95,23,12,-91.52653465497364,3,-48.91374309468091
96,79,12,-187.92692573545764,12,-187.92692573545764
97,13,12,-85.44332130828904,1,-24.257161856809045
98,85,12,-204.51951458063076,12,-204.51951458063076
99,48,12,-121.50183715622016,6,-112.7805402942011
100,49,12,-123.13930036828388,6,-115.78718783779036
101,69,12,-162.96406455953235,12,-162.96406455953235
102,41,12,-110.98357657528959,6,-93.46522121489485
103,35,12,-103.28316204691019,6,-79.32193460441326
104,64,12,-151.74483656681207,12,-151.74483656681207
105,95,12,-234.86374178545628,20,-232.40560631336535
106,69,12,-162.96406455953235,12,-162.96406455953235
107,94,12,-231.6780614823333,20,-230.42240386096492
108,0,12,-82.58666666666669,1,-6.8822222222222225
109,50,12,-124.81047053779731,6,-118.85564190652914
110,36,12,-104.48223209634578,6,-81.52441352950547
111,34,12,-102.11783014653936,6,-77.18136743158533
112,48,12,-121.50183715622016,6,-112.7805402942011
113,93,12,-228.5259880514485,20,-228.46014739973276
114,3,12,-82.73882969802135,1,-7.808756080935194
115,98,12,-244.6224017175923,20,-238.4808810119756
116,42,12,-112.38502871842148,6,-96.03901273050752
117,77,12,-182.66516071256729,12,-182.66516071256729
118,21,12,-90.03970135905276,3,-44.21475244382181
119,73,12,-172.54538426876832,12,-172.54538426876832
120,0,12,-82.58666666666669,1,-6.8822222222222225
121,10,12,-84.27710649292833,1,-17.167386388250772
122,43,12,-113.8202034116098,6,-98.67466336494121
123,58,12,-139.39301515084207,12,-139.39301515084207
124,23,12,-91.52653465497364,3,-48.91374309468091
125,59,12,-141.367447738551,12,-141.367447738551
126,2,12,-82.65429616947476,1,-7.294070267709967
127,98,12,-244.6224017175923,20,-238.4808810119756
128,62,12,-147.492844759646,12,-147.492844759646
129,35,12,-103.28316204691019,6,-79.32193460441326
130,94,12,-231.6780614823333,20,-230.42240386096492
131,67,12,-158.37537046268577,12,-158.37537046268577
132,82,12,-196.07186924674602,12,-196.07186924674602
133,46,12,-118.32804051309115,6,-106.95269482704867
134,99,12,-247.94248729970576,20,-240.54785882360903
135,20,12,-89.34693764525149,3,-42.025104283182344
136,81,12,-193.3232515767758,12,-193.3232515767758
137,50,12,-124.81047053779731,6,-118.85564190652914
138,27,12,-94.90536226632408,3,-59.5898777586643
139,14,12,-85.8996369884651,1,-27.0303393518663
140,41,12,-110.98357657528959,6,-93.46522121489485
141,58,12,-139.39301515084207,12,-139.39301515084207
142,65,12,-153.92134393244743,12,-153.92134393244743
143,36,12,-104.48223209634578,6,-81.52441352950547
144,10,12,-84.27710649292833,1,-17.167386388250772
145,86,12,-207.4026530580665,12,-207.4026530580665
146,43,12,-113.8202034116098,6,-98.67466336494121
147,11,12,-84.63205382862074,1,-19.32560286376086
148,2,12,-82.65429616947476,1,-7.294070267709967
149,51,12,-126.51534543777501,6,-121.9858949902555
150,80,12,-190.60826966535672,12,-190.60826966535672
151,32,12,-99.88838970893231,6,-73.08599843278336
152,54,12,-131.832176252549,6,-131.7473732422173
153,0,12,-82.58666666666669,1,-6.8822222222222225
154,38,12,-106.98157772725399,6,-86.11507655130762
155,19,12,-88.68794552856191,3,-39.9420506223111
156,46,12,-118.32804051309115,6,-106.95269482704867
157,42,12,-112.38502871842148,6,-96.03901273050752
158,56,12,-135.54521295910172,12,-135.54521295910172
159,60,12,-143.3755650196889,12,-143.3755650196889
160,77,12,-182.66516071256729,12,-182.66516071256729
161,30,12,-97.79392861672859,3,-68.71466132418306
162,24,12,-92.32059977591312,3,-51.42304101039932
163,2,12,-82.65429616947476,1,-7.294070267709967
164,3,12,-82.73882969802135,1,-7.808756080935194
165,94,12,-231.6780614823333,20,-230.42240386096492
166,98,12,-244.6224017175923,20,-238.4808810119756
167,13,12,-85.44332130828904,1,-24.257161856809045
168,40,12,-109.61584921025063,6,-90.95329633472858
169,72,12,-170.09956846271837,12,-170.09956846271837
170,19,12,-88.68794552856191,3,-39.9420506223111
171,95,12,-234.86374178545628,20,-232.40560631336535
172,72,12,-170.09956846271837,12,-170.09956846271837
173,26,12,-94.01001581178649,3,-56.76113061721671
174,66,12,-156.13152263937536,12,-156.13152263937536
175,52,12,-128.2539228413562,6,-125.177939579655
176,67,12,-158.37537046268577,12,-158.37537046268577
177,61,12,-145.41736476856974,12,-145.41736476856974
178,14,12,-85.8996369884651,1,-27.0303393518663
179,96,12,-238.08302673965238,20,-234.40975389635224
180,4,12,-82.85717276709248,1,-8.529172688515441
181,67,12,-158.37537046268577,12,-158.37537046268577
182,11,12,-84.63205382862074,1,-19.32560286376086
183,86,12,-207.4026530580665,12,-207.4026530580665
184,77,12,-182.66516071256729,12,-182.66516071256729
185,75,12,-177.53797429426584,12,-177.53797429426584
186,56,12,-135.54521295910172,12,-135.54521295910172
187,16,12,-86.91362107098472,1,-33.19107800413937
188,24,12,-92.32059977591312,3,-51.42304101039932
189,29,12,-96.79732089859871,3,-65.56666537455592
190,21,12,-90.03970135905276,3,-44.21475244382181
191,25,12,-93.14842757160632,3,-54.03884427687615
192,80,12,-190.60826966535672,12,-190.60826966535672
193,60,12,-143.3755650196889,12,-143.3755650196889
194,61,12,-145.41736476856974,12,-145.41736476856974
195,83,12,-198.854120452488,12,-198.854120452488
196,33,12,-100.9862386241835,6,-75.10271953333199
197,32,12,-99.88838970893231,6,-73.08599843278336
198,70,12,-165.30890638391594,12,-165.30890638391594
199,85,12,-204.51951458063076,12,-204.51951458063076
200,31,12,-98.82428562999917,6,-71.1312116538696
201,13,12,-85.44332130828904,1,-24.257161856809045
202,71,12,-167.68740842638795,12,-167.68740842638795
203,56,12,-135.54521295910172,12,-135.54521295910172
204,24,12,-92.32059977591312,3,-51.42304101039932
205,79,12,-187.92692573545764,12,-187.92692573545764
206,41,12,-110.98357657528959,6,-93.46522121489485
207,18,12,-88.0627272398999,3,-37.96561375881964
208,40,12,-109.61584921025063,6,-90.95329633472858
209,54,12,-131.832176252549,6,-131.7473732422173
210,79,12,-187.92692573545764,12,-187.92692573545764
211,11,12,-84.63205382862074,1,-19.32560286376086
212,38,12,-106.98157772725399,6,-86.11507655130762
213,93,12,-228.5259880514485,20,-228.46014739973276
214,1,12,-82.6035744145978,1,-6.9851980409108565
215,95,12,-234.86374178545628,20,-232.40560631336535
216,44,12,-115.28909842694712,6,-101.37216560238318
217,88,12,-213.26980172825859,12,-213.26980172825859
218,24,12,-92.32059977591312,3,-51.42304101039932
219,67,12,-158.37537046268577,12,-158.37537046268577
220,82,12,-196.07186924674602,12,-196.07186924674602
221,3,12,-82.73882969802135,1,-7.808756080935194
222,76,12,-180.08474406613544,12,-180.08474406613544
223,35,12,-103.28316204691019,6,-79.32193460441326
224,86,12,-207.4026530580665,12,-207.4026530580665
225,61,12,-145.41736476856974,12,-145.41736476856974
226,69,12,-162.96406455953235,12,-162.96406455953235
227,87,12,-210.3194161813455,12,-210.3194161813455
228,43,12,-113.8202034116098,6,-98.67466336494121
229,32,12,-99.88838970893231,6,-73.08599843278336
230,11,12,-84.63205382862074,1,-19.32560286376086
231,84,12,-201.67000297128635,12,-201.67000297128635
232,10,12,-84.27710649292833,1,-17.167386388250772
233,54,12,-131.832176252549,6,-131.7473732422173
234,37,12,-105.71503806602566,6,-83.78879668536612
235,28,12,-95.83446470521845,3,-62.525063432602536
236,2,12,-82.65429616947476,1,-7.294070267709967
237,27,12,-94.90536226632408,3,-59.5898777586643
238,83,12,-198.854120452488,12,-198.854120452488
239,89,12,-216.25380747683084,12,-216.25380747683084
240,23,12,-91.52653465497364,3,-48.91374309468091
241,53,12,-130.0262005218131,6,-128.43176816621013
242,51,12,-126.51534543777501,6,-121.9858949902555
243,46,12,-118.32804051309115,6,-106.95269482704867
244,20,12,-89.34693764525149,3,-42.025104283182344
245,53,12,-130.0262005218131,6,-128.43176816621013
246,29,12,-96.79732089859871,3,-65.56666537455592
247,67,12,-158.37537046268577,12,-158.37537046268577
248,35,12,-103.28316204691019,6,-79.32193460441326
249,39,12,-108.28184885147208,6,-88.50324560744662
250,9,12,-83.95595306941537,1,-15.214321990937147
251,73,12,-172.54538426876832,12,-172.54538426876832
252,41,12,-110.98357657528959,6,-93.46522121489485
253,23,12,-91.52653465497364,3,-48.91374309468091
254,3,12,-82.73882969802135,1,-7.808756080935194
255,46,12,-118.32804051309115,6,-106.95269482704867
256,90,12,-219.27143120512085,12,-219.27143120512085
257,50,12,-124.81047053779731,6,-118.85564190652914
258,3,12,-82.73882969802135,1,-7.808756080935194
259,31,12,-98.82428562999917,6,-71.1312116538696
260,9,12,-83.95595306941537,1,-15.214321990937147
261,10,12,-84.27710649292833,1,-17.167386388250772
262,27,12,-94.90536226632408,3,-59.5898777586643
263,45,12,-116.79171153665492,6,-104.13151192781399
264,71,12,-167.68740842638795,12,-167.68740842638795
265,39,12,-108.28184885147208,6,-88.50324560744662
266,61,12,-145.41736476856974,12,-145.41736476856974
267,85,12,-204.51951458063076,12,-204.51951458063076
268,97,12,-241.33591412399238,20,-236.43484574939123
269,44,12,-115.28909842694712,6,-101.37216560238318
270,34,12,-102.11783014653936,6,-77.18136743158533
271,34,12,-102.11783014653936,6,-77.18136743158533
272,88,12,-213.26980172825859,12,-213.26980172825859
273,33,12,-100.9862386241835,6,-75.10271953333199
274,5,12,-83.00932314367421,1,-9.455237327983067
275,36,12,-104.48223209634578,6,-81.52441352950547
276,0,12,-82.58666666666669,1,-6.8822222222222225
277,75,12,-177.53797429426584,12,-177.53797429426584
278,34,12,-102.11783014653936,6,-77.18136743158533
279,69,12,-162.96406455953235,12,-162.96406455953235
280,53,12,-130.0262005218131,6,-128.43176816621013
281,80,12,-190.60826966535672,12,-190.60826966535672
282,62,12,-147.492844759646,12,-147.492844759646
283,8,12,-83.66859579030925,1,-13.466492256876304
284,61,12,-145.41736476856974,12,-145.41736476856974
285,1,12,-82.6035744145978,1,-6.9851980409108565
286,81,12,-193.3232515767758,12,-193.3232515767758
287,35,12,-103.28316204691019,6,-79.32193460441326
288,91,12,-222.3226706914009,12,-222.3226706914009
289,40,12,-109.61584921025063,6,-90.95329633472858
290,36,12,-104.48223209634578,6,-81.52441352950547
291,48,12,-121.50183715622016,6,-112.7805402942011
292,25,12,-93.14842757160632,3,-54.03884427687615
293,67,12,-158.37537046268577,12,-158.37537046268577
294,35,12,-103.28316204691019,6,-79.32193460441326
295,30,12,-97.79392861672859,3,-68.71466132418306
296,29,12,-96.79732089859871,3,-65.56666537455592
297,33,12,-100.9862386241835,6,-75.10271953333199
298,18,12,-88.0627272398999,3,-37.96561375881964
299,17,12,-87.4712850103148,3,-36.095815994462484
300,93,12,-228.5259880514485,20,-228.46014739973276
301,84,12,-201.67000297128635,12,-201.67000297128635
302,2,12,-82.65429616947476,1,-7.294070267709967
303,69,12,-162.96406455953235,12,-162.96406455953235
304,12,12,-85.02079284439587,1,-21.68888886194659
305,44,12,-115.28909842694712,6,-101.37216560238318
306,66,12,-156.13152263937536,12,-156.13152263937536
307,91,12,-222.3226706914009,12,-222.3226706914009
308,85,12,-204.51951458063076,12,-204.51951458063076
309,39,12,-108.28184885147208,6,-88.50324560744662
310,39,12,-108.28184885147208,6,-88.50324560744662
311,75,12,-177.53797429426584,12,-177.53797429426584
312,22,12,-90.76623443917929,3,-46.51097281076241
313,30,12,-97.79392861672859,3,-68.71466132418306
314,17,12,-87.4712850103148,3,-36.095815994462484
315,70,12,-165.30890638391594,12,-165.30890638391594
316,71,12,-167.68740842638795,12,-167.68740842638795
317,18,12,-88.0627272398999,3,-37.96561375881964
318,92,12,-225.4075237139973,12,-225.4075237139973
319,43,12,-113.8202034116098,6,-98.67466336494121
320,83,12,-198.854120452488,12,-198.854120452488
321,49,12,-123.13930036828388,6,-115.78718783779036
322,41,12,-110.98357657528959,6,-93.46522121489485
323,93,12,-228.5259880514485,20,-228.46014739973276
324,46,12,-118.32804051309115,6,-106.95269482704867
325,21,12,-90.03970135905276,3,-44.21475244382181
326,73,12,-172.54538426876832,12,-172.54538426876832
327,89,12,-216.25380747683084,12,-216.25380747683084
328,96,12,-238.08302673965238,20,-234.40975389635224
329,91,12,-222.3226706914009,12,-222.3226706914009
330,73,12,-172.54538426876832,12,-172.54538426876832
331,28,12,-95.83446470521845,3,-62.525063432602536
332,81,12,-193.3232515767758,12,-193.3232515767758
333,58,12,-139.39301515084207,12,-139.39301515084207
334,0,12,-82.58666666666669,1,-6.8822222222222225
335,86,12,-207.4026530580665,12,-207.4026530580665
336,63,12,-149.60200276748782,12,-149.60200276748782
337,16,12,-86.91362107098472,1,-33.19107800413937
338,36,12,-104.48223209634578,6,-81.52441352950547
339,94,12,-231.6780614823333,20,-230.42240386096492
340,24,12,-92.32059977591312,3,-51.42304101039932
341,63,12,-149.60200276748782,12,-149.60200276748782
342,67,12,-158.37537046268577,12,-158.37537046268577
343,51,12,-126.51534543777501,6,-121.9858949902555
344,8,12,-83.66859579030925,1,-13.466492256876304
345,56,12,-135.54521295910172,12,-135.54521295910172
346,91,12,-222.3226706914009,12,-222.3226706914009
347,93,12,-228.5259880514485,20,-228.46014739973276
348,87,12,-210.3194161813455,12,-210.3194161813455
349,32,12,-99.88838970893231,6,-73.08599843278336
350,19,12,-88.68794552856191,3,-39.9420506223111
351,72,12,-170.09956846271837,12,-170.09956846271837
352,71,12,-167.68740842638795,12,-167.68740842638795
353,87,12,-210.3194161813455,12,-210.3194161813455
354,13,12,-85.44332130828904,1,-24.257161856809045
355,58,12,-139.39301515084207,12,-139.39301515084207
356,81,12,-193.3232515767758,12,-193.3232515767758
357,55,12,-133.67184780709107,12,-133.67184780709107
358,64,12,-151.74483656681207,12,-151.74483656681207
359,75,12,-177.53797429426584,12,-177.53797429426584
360,92,12,-225.4075237139973,12,-225.4075237139973
361,36,12,-104.48223209634578,6,-81.52441352950547
362,25,12,-93.14842757160632,3,-54.03884427687615
363,32,12,-99.88838970893231,6,-73.08599843278336
364,42,12,-112.38502871842148,6,-96.03901273050752
365,14,12,-85.8996369884651,1,-27.0303393518663
366,86,12,-207.4026530580665,12,-207.4026530580665
367,28,12,-95.83446470521845,3,-62.525063432602536
368,20,12,-89.34693764525149,3,-42.025104283182344
369,82,12,-196.07186924674602,12,-196.07186924674602
370,68,12,-160.6528851776278,12,-160.6528851776278
371,22,12,-90.76623443917929,3,-46.51097281076241
372,99,12,-247.94248729970576,20,-240.54785882360903
373,83,12,-198.854120452488,12,-198.854120452488
374,7,12,-83.41503688796908,1,-11.923979800667436
375,72,12,-170.09956846271837,12,-170.09956846271837
376,61,12,-145.41736476856974,12,-145.41736476856974
377,13,12,-85.44332130828904,1,-24.257161856809045
378,5,12,-83.00932314367421,1,-9.455237327983067
379,0,12,-82.58666666666669,1,-6.8822222222222225
380,8,12,-83.66859579030925,1,-13.466492256876304
381,79,12,-187.92692573545764,12,-187.92692573545764
382,79,12,-187.92692573545764,12,-187.92692573545764
383,53,12,-130.0262005218131,6,-128.43176816621013
384,11,12,-84.63205382862074,1,-19.32560286376086
385,4,12,-82.85717276709248,1,-8.529172688515441
386,39,12,-108.28184885147208,6,-88.50324560744662
387,92,12,-225.4075237139973,12,-225.4075237139973
388,45,12,-116.79171153665492,6,-104.13151192781399
389,26,12,-94.01001581178649,3,-56.76113061721671
390,74,12,-175.02485362057575,12,-175.02485362057575
391,52,12,-128.2539228413562,6,-125.177939579655
392,49,12,-123.13930036828388,6,-115.78718783779036
393,91,12,-222.3226706914009,12,-222.3226706914009
394,51,12,-126.51534543777501,6,-121.9858949902555
395,99,12,-247.94248729970576,20,-240.54785882360903
396,18,12,-88.0627272398999,3,-37.96561375881964
397,34,12,-102.11783014653936,6,-77.18136743158533
398,51,12,-126.51534543777501,6,-121.9858949902555
399,30,12,-97.79392861672859,3,-68.71466132418306
400,53,12,-130.0262005218131,6,-128.43176816621013
401,58,12,-139.39301515084207,12,-139.39301515084207
402,43,12,-113.8202034116098,6,-98.67466336494121
403,55,12,-133.67184780709107,12,-133.67184780709107
404,18,12,-88.0627272398999,3,-37.96561375881964
405,45,12,-116.79171153665492,6,-104.13151192781399
406,87,12,-210.3194161813455,12,-210.3194161813455
407,65,12,-153.92134393244743,12,-153.92134393244743
408,70,12,-165.30890638391594,12,-165.30890638391594
409,53,12,-130.0262005218131,6,-128.43176816621013
410,48,12,-121.50183715622016,6,-112.7805402942011
411,94,12,-231.6780614823333,20,-230.42240386096492
412,59,12,-141.367447738551,12,-141.367447738551
413,80,12,-190.60826966535672,12,-190.60826966535672
414,26,12,-94.01001581178649,3,-56.76113061721671
415,35,12,-103.28316204691019,6,-79.32193460441326
416,58,12,-139.39301515084207,12,-139.39301515084207
417,49,12,-123.13930036828388,6,-115.78718783779036
418,73,12,-172.54538426876832,12,-172.54538426876832
419,44,12,-115.28909842694712,6,-101.37216560238318
420,13,12,-85.44332130828904,1,-24.257161856809045
421,70,12,-165.30890638391594,12,-165.30890638391594
422,38,12,-106.98157772725399,6,-86.11507655130762
423,39,12,-108.28184885147208,6,-88.50324560744662
424,8,12,-83.66859579030925,1,-13.466492256876304
425,13,12,-85.44332130828904,1,-24.257161856809045
426,7,12,-83.41503688796908,1,-11.923979800667436
427,80,12,-190.60826966535672,12,-190.60826966535672
428,22,12,-90.76623443917929,3,-46.51097281076241
429,79,12,-187.92692573545764,12,-187.92692573545764
430,89,12,-216.25380747683084,12,-216.25380747683084
431,8,12,-83.66859579030925,1,-13.466492256876304
432,99,12,-247.94248729970576,20,-240.54785882360903
433,6,12,-83.19527859488348,1,-10.586867266464079
434,81,12,-193.3232515767758,12,-193.3232515767758
435,71,12,-167.68740842638795,12,-167.68740842638795
436,84,12,-201.67000297128635,12,-201.67000297128635
437,89,12,-216.25380747683084,12,-216.25380747683084
438,66,12,-156.13152263937536,12,-156.13152263937536
439,60,12,-143.3755650196889,12,-143.3755650196889
440,16,12,-86.91362107098472,1,-33.19107800413937
441,56,12,-135.54521295910172,12,-135.54521295910172
442,23,12,-91.52653465497364,3,-48.91374309468091
443,24,12,-92.32059977591312,3,-51.42304101039932
444,4,12,-82.85717276709248,1,-8.529172688515441
445,49,12,-123.13930036828388,6,-115.78718783779036
446,87,12,-210.3194161813455,12,-210.3194161813455
447,30,12,-97.79392861672859,3,-68.71466132418306
448,54,12,-131.832176252549,6,-131.7473732422173
449,25,12,-93.14842757160632,3,-54.03884427687615
450,20,12,-89.34693764525149,3,-42.025104283182344
451,97,12,-241.33591412399238,20,-236.43484574939123
452,57,12,-137.45226948237894,12,-137.45226948237894
453,23,12,-91.52653465497364,3,-48.91374309468091
454,27,12,-94.90536226632408,3,-59.5898777586643
455,29,12,-96.79732089859871,3,-65.56666537455592
456,33,12,-100.9862386241835,6,-75.10271953333199
457,53,12,-130.0262005218131,6,-128.43176816621013
458,51,12,-126.51534543777501,6,-121.9858949902555
459,86,12,-207.4026530580665,12,-207.4026530580665
460,7,12,-83.41503688796908,1,-11.923979800667436
461,9,12,-83.95595306941537,1,-15.214321990937147
462,54,12,-131.832176252549,6,-131.7473732422173
463,0,12,-82.58666666666669,1,-6.8822222222222225
464,83,12,-198.854120452488,12,-198.854120452488
465,36,12,-104.48223209634578,6,-81.52441352950547
466,81,12,-193.3232515767758,12,-193.3232515767758
467,20,12,-89.34693764525149,3,-42.025104283182344
468,3,12,-82.73882969802135,1,-7.808756080935194
469,42,12,-112.38502871842148,6,-96.03901273050752
470,65,12,-153.92134393244743,12,-153.92134393244743
471,20,12,-89.34693764525149,3,-42.025104283182344
472,36,12,-104.48223209634578,6,-81.52441352950547
473,68,12,-160.6528851776278,12,-160.6528851776278
474,80,12,-190.60826966535672,12,-190.60826966535672
475,47,12,-119.89808312874094,6,-109.83570678670114
476,10,12,-84.27710649292833,1,-17.167386388250772
477,94,12,-231.6780614823333,20,-230.42240386096492
478,91,12,-222.3226706914009,12,-222.3226706914009
479,43,12,-113.8202034116098,6,-98.67466336494121
480,63,12,-149.60200276748782,12,-149.60200276748782
481,31,12,-98.82428562999917,6,-71.1312116538696
482,20,12,-89.34693764525149,3,-42.025104283182344
483,70,12,-165.30890638391594,12,-165.30890638391594
484,9,12,-83.95595306941537,1,-15.214321990937147
485,60,12,-143.3755650196889,12,-143.3755650196889
486,91,12,-222.3226706914009,12,-222.3226706914009
487,35,12,-103.28316204691019,6,-79.32193460441326
488,83,12,-198.854120452488,12,-198.854120452488
489,76,12,-180.08474406613544,12,-180.08474406613544
490,18,12,-88.0627272398999,3,-37.96561375881964
491,74,12,-175.02485362057575,12,-175.02485362057575
492,98,12,-244.6224017175923,20,-238.4808810119756
493,97,12,-241.33591412399238,20,-236.43484574939123
494,43,12,-113.8202034116098,6,-98.67466336494121
495,3,12,-82.73882969802135,1,-7.808756080935194
496,12,12,-85.02079284439587,1,-21.68888886194659
497,58,12,-139.39301515084207,12,-139.39301515084207
498,1,12,-82.6035744145978,1,-6.9851980409108565
499,0,12,-82.58666666666669,1,-6.8822222222222225
500,39,12,-108.28184885147208,6,-88.50324560744662
501,24,12,-92.32059977591312,3,-51.42304101039932
502,58,12,-139.39301515084207,12,-139.39301515084207
503,36,12,-104.48223209634578,6,-81.52441352950547
504,99,12,-247.94248729970576,20,-240.54785882360903
505,69,12,-162.96406455953235,12,-162.96406455953235
506,6,12,-83.19527859488348,1,-10.586867266464079
507,3,12,-82.73882969802135,1,-7.808756080935194
508,98,12,-244.6224017175923,20,-238.4808810119756
509,40,12,-109.61584921025063,6,-90.95329633472858
510,60,12,-143.3755650196889,12,-143.3755650196889
511,33,12,-100.9862386241835,6,-75.10271953333199
512,28,12,-95.83446470521845,3,-62.525063432602536
513,68,12,-160.6528851776278,12,-160.6528851776278
514,26,12,-94.01001581178649,3,-56.76113061721671
515,96,12,-238.08302673965238,20,-234.40975389635224
516,51,12,-126.51534543777501,6,-121.9858949902555
517,73,12,-172.54538426876832,12,-172.54538426876832
518,53,12,-130.0262005218131,6,-128.43176816621013
519,69,12,-162.96406455953235,12,-162.96406455953235
520,33,12,-100.9862386241835,6,-75.10271953333199
521,7,12,-83.41503688796908,1,-11.923979800667436
522,94,12,-231.6780614823333,20,-230.42240386096492
523,72,12,-170.09956846271837,12,-170.09956846271837
524,84,12,-201.67000297128635,12,-201.67000297128635
525,7,12,-83.41503688796908,1,-11.923979800667436
526,67,12,-158.37537046268577,12,-158.37537046268577
527,85,12,-204.51951458063076,12,-204.51951458063076
528,91,12,-222.3226706914009,12,-222.3226706914009
529,67,12,-158.37537046268577,12,-158.37537046268577
530,84,12,-201.67000297128635,12,-201.67000297128635
531,71,12,-167.68740842638795,12,-167.68740842638795
532,83,12,-198.854120452488,12,-198.854120452488
533,95,12,-234.86374178545628,20,-232.40560631336535
534,0,12,-82.58666666666669,1,-6.8822222222222225
535,5,12,-83.00932314367421,1,-9.455237327983067
536,91,12,-222.3226706914009,12,-222.3226706914009
537,30,12,-97.79392861672859,3,-68.71466132418306
538,73,12,-172.54538426876832,12,-172.54538426876832
539,83,12,-198.854120452488,12,-198.854120452488
540,7,12,-83.41503688796908,1,-11.923979800667436
541,21,12,-90.03970135905276,3,-44.21475244382181
542,92,12,-225.4075237139973,12,-225.4075237139973
543,8,12,-83.66859579030925,1,-13.466492256876304
544,43,12,-113.8202034116098,6,-98.67466336494121
545,46,12,-118.32804051309115,6,-106.95269482704867
546,0,12,-82.58666666666669,1,-6.8822222222222225
547,51,12,-126.51534543777501,6,-121.9858949902555
548,38,12,-106.98157772725399,6,-86.11507655130762
549,89,12,-216.25380747683084,12,-216.25380747683084
550,74,12,-175.02485362057575,12,-175.02485362057575
551,98,12,-244.6224017175923,20,-238.4808810119756
552,87,12,-210.3194161813455,12,-210.3194161813455
553,96,12,-238.08302673965238,20,-234.40975389635224
554,83,12,-198.854120452488,12,-198.854120452488
555,26,12,-94.01001581178649,3,-56.76113061721671
556,78,12,-185.27922201012348,12,-185.27922201012348
557,32,12,-99.88838970893231,6,-73.08599843278336
558,70,12,-165.30890638391594,12,-165.30890638391594
559,97,12,-241.33591412399238,20,-236.43484574939123
560,44,12,-115.28909842694712,6,-101.37216560238318
561,59,12,-141.367447738551,12,-141.367447738551
562,57,12,-137.45226948237894,12,-137.45226948237894
563,50,12,-124.81047053779731,6,-118.85564190652914
564,45,12,-116.79171153665492,6,-104.13151192781399
565,4,12,-82.85717276709248,1,-8.529172688515441
566,57,12,-137.45226948237894,12,-137.45226948237894
567,93,12,-228.5259880514485,20,-228.46014739973276
568,91,12,-222.3226706914009,12,-222.3226706914009
569,17,12,-87.4712850103148,3,-36.095815994462484
570,35,12,-103.28316204691019,6,-79.32193460441326
571,66,12,-156.13152263937536,12,-156.13152263937536
572,20,12,-89.34693764525149,3,-42.025104283182344
573,45,12,-116.79171153665492,6,-104.13151192781399
574,57,12,-137.45226948237894,12,-137.45226948237894
575,79,12,-187.92692573545764,12,-187.92692573545764
576,36,12,-104.48223209634578,6,-81.52441352950547
577,62,12,-147.492844759646,12,-147.492844759646
578,4,12,-82.85717276709248,1,-8.529172688515441
579,77,12,-182.66516071256729,12,-182.66516071256729
580,30,12,-97.79392861672859,3,-68.71466132418306
581,87,12,-210.3194161813455,12,-210.3194161813455
582,98,12,-244.6224017175923,20,-238.4808810119756
583,35,12,-103.28316204691019,6,-79.32193460441326
584,73,12,-172.54538426876832,12,-172.54538426876832
585,90,12,-219.27143120512085,12,-219.27143120512085
586,55,12,-133.67184780709107,12,-133.67184780709107
587,26,12,-94.01001581178649,3,-56.76113061721671
588,22,12,-90.76623443917929,3,-46.51097281076241
589,76,12,-180.08474406613544,12,-180.08474406613544
590,79,12,-187.92692573545764,12,-187.92692573545764
591,98,12,-244.6224017175923,20,-238.4808810119756
592,90,12,-219.27143120512085,12,-219.27143120512085
593,51,12,-126.51534543777501,6,-121.9858949902555
594,46,12,-118.32804051309115,6,-106.95269482704867
595,80,12,-190.60826966535672,12,-190.60826966535672
596,61,12,-145.41736476856974,12,-145.41736476856974
597,60,12,-143.3755650196889,12,-143.3755650196889
598,47,12,-119.89808312874094,6,-109.83570678670114
599,0,12,-82.58666666666669,1,-6.8822222222222225
600,10,12,-84.27710649292833,1,-17.167386388250772
601,75,12,-177.53797429426584,12,-177.53797429426584
602,13,12,-85.44332130828904,1,-24.257161856809045
603,71,12,-167.68740842638795,12,-167.68740842638795
604,94,12,-231.6780614823333,20,-230.42240386096492
605,6,12,-83.19527859488348,1,-10.586867266464079
606,45,12,-116.79171153665492,6,-104.13151192781399
607,30,12,-97.79392861672859,3,-68.71466132418306
608,15,12,-86.38973765322098,1,-30.008338880137654
609,41,12,-110.98357657528959,6,-93.46522121489485
610,38,12,-106.98157772725399,6,-86.11507655130762
611,53,12,-130.0262005218131,6,-128.43176816621013
612,43,12,-113.8202034116098,6,-98.67466336494121
613,82,12,-196.07186924674602,12,-196.07186924674602
614,7,12,-83.41503688796908,1,-11.923979800667436
615,92,12,-225.4075237139973,12,-225.4075237139973
616,65,12,-153.92134393244743,12,-153.92134393244743
617,41,12,-110.98357657528959,6,-93.46522121489485
618,66,12,-156.13152263937536,12,-156.13152263937536
619,92,12,-225.4075237139973,12,-225.4075237139973
620,78,12,-185.27922201012348,12,-185.27922201012348
621,91,12,-222.3226706914009,12,-222.3226706914009
622,31,12,-98.82428562999917,6,-71.1312116538696
623,93,12,-228.5259880514485,20,-228.46014739973276
624,50,12,-124.81047053779731,6,-118.85564190652914
625,46,12,-118.32804051309115,6,-106.95269482704867
626,93,12,-228.5259880514485,20,-228.46014739973276
627,33,12,-100.9862386241835,6,-75.10271953333199
628,12,12,-85.02079284439587,1,-21.68888886194659
629,96,12,-238.08302673965238,20,-234.40975389635224
630,80,12,-190.60826966535672,12,-190.60826966535672
631,66,12,-156.13152263937536,12,-156.13152263937536
632,72,12,-170.09956846271837,12,-170.09956846271837
633,10,12,-84.27710649292833,1,-17.167386388250772
634,90,12,-219.27143120512085,12,-219.27143120512085
635,27,12,-94.90536226632408,3,-59.5898777586643
636,56,12,-135.54521295910172,12,-135.54521295910172
637,65,12,-153.92134393244743,12,-153.92134393244743
638,64,12,-151.74483656681207,12,-151.74483656681207
639,69,12,-162.96406455953235,12,-162.96406455953235
640,88,12,-213.26980172825859,12,-213.26980172825859
641,34,12,-102.11783014653936,6,-77.18136743158533
642,79,12,-187.92692573545764,12,-187.92692573545764
643,3,12,-82.73882969802135,1,-7.808756080935194
644,60,12,-143.3755650196889,12,-143.3755650196889
645,37,12,-105.71503806602566,6,-83.78879668536612
646,43,12,-113.8202034116098,6,-98.67466336494121
647,83,12,-198.854120452488,12,-198.854120452488
648,88,12,-213.26980172825859,12,-213.26980172825859
649,70,12,-165.30890638391594,12,-165.30890638391594
650,20,12,-89.34693764525149,3,-42.025104283182344
651,6,12,-83.19527859488348,1,-10.586867266464079
652,28,12,-95.83446470521845,3,-62.525063432602536
653,6,12,-83.19527859488348,1,-10.586867266464079
654,66,12,-156.13152263937536,12,-156.13152263937536
655,92,12,-225.4075237139973,12,-225.4075237139973
656,92,12,-225.4075237139973,12,-225.4075237139973
657,69,12,-162.96406455953235,12,-162.96406455953235
658,73,12,-172.54538426876832,12,-172.54538426876832
659,54,12,-131.832176252549,6,-131.7473732422173
660,77,12,-182.66516071256729,12,-182.66516071256729
661,21,12,-90.03970135905276,3,-44.21475244382181
662,31,12,-98.82428562999917,6,-71.1312116538696
663,81,12,-193.3232515767758,12,-193.3232515767758
664,35,12,-103.28316204691019,6,-79.32193460441326
665,8,12,-83.66859579030925,1,-13.466492256876304
666,25,12,-93.14842757160632,3,-54.03884427687615
667,21,12,-90.03970135905276,3,-44.21475244382181
668,45,12,-116.79171153665492,6,-104.13151192781399
669,86,12,-207.4026530580665,12,-207.4026530580665
670,16,12,-86.91362107098472,1,-33.19107800413937
671,25,12,-93.14842757160632,3,-54.03884427687615
672,37,12,-105.71503806602566,6,-83.78879668536612
673,1,12,-82.6035744145978,1,-6.9851980409108565
674,5,12,-83.00932314367421,1,-9.455237327983067
675,70,12,-165.30890638391594,12,-165.30890638391594
676,12,12,-85.02079284439587,1,-21.68888886194659
677,90,12,-219.27143120512085,12,-219.27143120512085
678,74,12,-175.02485362057575,12,-175.02485362057575
679,54,12,-131.832176252549,6,-131.7473732422173
680,78,12,-185.27922201012348,12,-185.27922201012348
681,62,12,-147.492844759646,12,-147.492844759646
682,72,12,-170.09956846271837,12,-170.09956846271837
683,71,12,-167.68740842638795,12,-167.68740842638795
684,45,12,-116.79171153665492,6,-104.13151192781399
685,5,12,-83.00932314367421,1,-9.455237327983067
686,47,12,-119.89808312874094,6,-109.83570678670114
687,59,12,-141.367447738551,12,-141.367447738551
688,42,12,-112.38502871842148,6,-96.03901273050752
689,67,12,-158.37537046268577,12,-158.37537046268577
690,10,12,-84.27710649292833,1,-17.167386388250772
691,57,12,-137.45226948237894,12,-137.45226948237894
692,91,12,-222.3226706914009,12,-222.3226706914009
693,89,12,-216.25380747683084,12,-216.25380747683084
694,3,12,-82.73882969802135,1,-7.808756080935194
695,78,12,-185.27922201012348,12,-185.27922201012348
696,82,12,-196.07186924674602,12,-196.07186924674602
697,69,12,-162.96406455953235,12,-162.96406455953235
698,58,12,-139.39301515084207,12,-139.39301515084207
699,4,12,-82.85717276709248,1,-8.529172688515441
700,17,12,-87.4712850103148,3,-36.095815994462484
701,69,12,-162.96406455953235,12,-162.96406455953235
702,63,12,-149.60200276748782,12,-149.60200276748782
703,94,12,-231.6780614823333,20,-230.42240386096492
704,24,12,-92.32059977591312,3,-51.42304101039932
705,3,12,-82.73882969802135,1,-7.808756080935194
706,69,12,-162.96406455953235,12,-162.96406455953235
707,40,12,-109.61584921025063,6,-90.95329633472858
708,36,12,-104.48223209634578,6,-81.52441352950547
709,58,12,-139.39301515084207,12,-139.39301515084207
710,49,12,-123.13930036828388,6,-115.78718783779036
711,55,12,-133.67184780709107,12,-133.67184780709107
712,24,12,-92.32059977591312,3,-51.42304101039932
713,33,12,-100.9862386241835,6,-75.10271953333199
714,18,12,-88.0627272398999,3,-37.96561375881964
715,97,12,-241.33591412399238,20,-236.43484574939123
716,78,12,-185.27922201012348,12,-185.27922201012348
717,7,12,-83.41503688796908,1,-11.923979800667436
718,53,12,-130.0262005218131,6,-128.43176816621013
719,46,12,-118.32804051309115,6,-106.95269482704867
720,33,12,-100.9862386241835,6,-75.10271953333199
721,81,12,-193.3232515767758,12,-193.3232515767758
722,29,12,-96.79732089859871,3,-65.56666537455592
723,12,12,-85.02079284439587,1,-21.68888886194659
724,46,12,-118.32804051309115,6,-106.95269482704867
725,32,12,-99.88838970893231,6,-73.08599843278336
726,34,12,-102.11783014653936,6,-77.18136743158533
727,87,12,-210.3194161813455,12,-210.3194161813455
728,25,12,-93.14842757160632,3,-54.03884427687615
729,46,12,-118.32804051309115,6,-106.95269482704867
730,52,12,-128.2539228413562,6,-125.177939579655
731,64,12,-151.74483656681207,12,-151.74483656681207
732,76,12,-180.08474406613544,12,-180.08474406613544
733,73,12,-172.54538426876832,12,-172.54538426876832
734,18,12,-88.0627272398999,3,-37.96561375881964
735,4,12,-82.85717276709248,1,-8.529172688515441
736,7,12,-83.41503688796908,1,-11.923979800667436
737,3,12,-82.73882969802135,1,-7.808756080935194
738,48,12,-121.50183715622016,6,-112.7805402942011
739,76,12,-180.08474406613544,12,-180.08474406613544
740,37,12,-105.71503806602566,6,-83.78879668536612
741,48,12,-121.50183715622016,6,-112.7805402942011
742,82,12,-196.07186924674602,12,-196.07186924674602
743,51,12,-126.51534543777501,6,-121.9858949902555
744,49,12,-123.13930036828388,6,-115.78718783779036
745,71,12,-167.68740842638795,12,-167.68740842638795
746,90,12,-219.27143120512085,12,-219.27143120512085
747,49,12,-123.13930036828388,6,-115.78718783779036
748,29,12,-96.79732089859871,3,-65.56666537455592
749,3,12,-82.73882969802135,1,-7.808756080935194
750,74,12,-175.02485362057575,12,-175.02485362057575
751,84,12,-201.67000297128635,12,-201.67000297128635
752,65,12,-153.92134393244743,12,-153.92134393244743
753,20,12,-89.34693764525149,3,-42.025104283182344
754,80,12,-190.60826966535672,12,-190.60826966535672
755,42,12,-112.38502871842148,6,-96.03901273050752
756,28,12,-95.83446470521845,3,-62.525063432602536
757,26,12,-94.01001581178649,3,-56.76113061721671
758,87,12,-210.3194161813455,12,-210.3194161813455
759,52,12,-128.2539228413562,6,-125.177939579655
760,48,12,-121.50183715622016,6,-112.7805402942011
761,66,12,-156.13152263937536,12,-156.13152263937536
762,9,12,-83.95595306941537,1,-15.214321990937147
763,2,12,-82.65429616947476,1,-7.294070267709967
764,89,12,-216.25380747683084,12,-216.25380747683084
765,90,12,-219.27143120512085,12,-219.27143120512085
766,68,12,-160.6528851776278,12,-160.6528851776278
767,10,12,-84.27710649292833,1,-17.167386388250772
768,12,12,-85.02079284439587,1,-21.68888886194659
769,97,12,-241.33591412399238,20,-236.43484574939123
770,37,12,-105.71503806602566,6,-83.78879668536612
771,39,12,-108.28184885147208,6,-88.50324560744662
772,32,12,-99.88838970893231,6,-73.08599843278336
773,33,12,-100.9862386241835,6,-75.10271953333199
774,26,12,-94.01001581178649,3,-56.76113061721671
775,99,12,-247.94248729970576,20,-240.54785882360903
776,89,12,-216.25380747683084,12,-216.25380747683084
777,50,12,-124.81047053779731,6,-118.85564190652914
778,88,12,-213.26980172825859,12,-213.26980172825859
779,82,12,-196.07186924674602,12,-196.07186924674602
780,20,12,-89.34693764525149,3,-42.025104283182344
781,94,12,-231.6780614823333,20,-230.42240386096492
782,28,12,-95.83446470521845,3,-62.525063432602536
783,72,12,-170.09956846271837,12,-170.09956846271837
784,18,12,-88.0627272398999,3,-37.96561375881964
785,25,12,-93.14842757160632,3,-54.03884427687615
786,24,12,-92.32059977591312,3,-51.42304101039932
787,39,12,-108.28184885147208,6,-88.50324560744662
788,28,12,-95.83446470521845,3,-62.525063432602536
789,24,12,-92.32059977591312,3,-51.42304101039932
790,18,12,-88.0627272398999,3,-37.96561375881964
791,67,12,-158.37537046268577,12,-158.37537046268577
792,44,12,-115.28909842694712,6,-101.37216560238318
793,83,12,-198.854120452488,12,-198.854120452488
794,45,12,-116.79171153665492,6,-104.13151192781399
795,54,12,-131.832176252549,6,-131.7473732422173
796,0,12,-82.58666666666669,1,-6.8822222222222225
797,10,12,-84.27710649292833,1,-17.167386388250772
798,67,12,-158.37537046268577,12,-158.37537046268577
799,6,12,-83.19527859488348,1,-10.586867266464079
800,91,12,-222.3226706914009,12,-222.3226706914009
801,99,12,-247.94248729970576,20,-240.54785882360903
802,57,12,-137.45226948237894,12,-137.45226948237894
803,70,12,-165.30890638391594,12,-165.30890638391594
804,19,12,-88.68794552856191,3,-39.9420506223111
805,34,12,-102.11783014653936,6,-77.18136743158533
806,50,12,-124.81047053779731,6,-118.85564190652914
807,20,12,-89.34693764525149,3,-42.025104283182344
808,43,12,-113.8202034116098,6,-98.67466336494121
809,0,12,-82.58666666666669,1,-6.8822222222222225
810,66,12,-156.13152263937536,12,-156.13152263937536
811,97,12,-241.33591412399238,20,-236.43484574939123
812,12,12,-85.02079284439587,1,-21.68888886194659
813,15,12,-86.38973765322098,1,-30.008338880137654
814,33,12,-100.9862386241835,6,-75.10271953333199
815,23,12,-91.52653465497364,3,-48.91374309468091
816,12,12,-85.02079284439587,1,-21.68888886194659
817,5,12,-83.00932314367421,1,-9.455237327983067
818,38,12,-106.98157772725399,6,-86.11507655130762
819,1,12,-82.6035744145978,1,-6.9851980409108565
820,10,12,-84.27710649292833,1,-17.167386388250772
821,6,12,-83.19527859488348,1,-10.586867266464079
822,6,12,-83.19527859488348,1,-10.586867266464079
823,38,12,-106.98157772725399,6,-86.11507655130762
824,75,12,-177.53797429426584,12,-177.53797429426584
825,85,12,-204.51951458063076,12,-204.51951458063076
826,50,12,-124.81047053779731,6,-118.85564190652914
827,51,12,-126.51534543777501,6,-121.9858949902555
828,2,12,-82.65429616947476,1,-7.294070267709967
829,76,12,-180.08474406613544,12,-180.08474406613544
830,29,12,-96.79732089859871,3,-65.56666537455592
831,9,12,-83.95595306941537,1,-15.214321990937147
832,72,12,-170.09956846271837,12,-170.09956846271837
833,5,12,-83.00932314367421,1,-9.455237327983067
834,53,12,-130.0262005218131,6,-128.43176816621013
835,65,12,-153.92134393244743,12,-153.92134393244743
836,43,12,-113.8202034116098,6,-98.67466336494121
837,79,12,-187.92692573545764,12,-187.92692573545764
838,62,12,-147.492844759646,12,-147.492844759646
839,76,12,-180.08474406613544,12,-180.08474406613544
840,47,12,-119.89808312874094,6,-109.83570678670114
841,76,12,-180.08474406613544,12,-180.08474406613544
842,21,12,-90.03970135905276,3,-44.21475244382181
843,18,12,-88.0627272398999,3,-37.96561375881964
844,89,12,-216.25380747683084,12,-216.25380747683084
845,13,12,-85.44332130828904,1,-24.257161856809045
846,94,12,-231.6780614823333,20,-230.42240386096492
847,92,12,-225.4075237139973,12,-225.4075237139973
848,85,12,-204.51951458063076,12,-204.51951458063076
849,6,12,-83.19527859488348,1,-10.586867266464079
850,48,12,-121.50183715622016,6,-112.7805402942011
851,40,12,-109.61584921025063,6,-90.95329633472858
852,26,12,-94.01001581178649,3,-56.76113061721671
853,30,12,-97.79392861672859,3,-68.71466132418306
854,5,12,-83.00932314367421,1,-9.455237327983067
855,15,12,-86.38973765322098,1,-30.008338880137654
856,63,12,-149.60200276748782,12,-149.60200276748782
857,37,12,-105.71503806602566,6,-83.78879668536612
858,59,12,-141.367447738551,12,-141.367447738551
859,95,12,-234.86374178545628,20,-232.40560631336535
860,96,12,-238.08302673965238,20,-234.40975389635224
861,80,12,-190.60826966535672,12,-190.60826966535672
862,32,12,-99.88838970893231,6,-73.08599843278336
863,62,12,-147.492844759646,12,-147.492844759646
864,10,12,-84.27710649292833,1,-17.167386388250772
865,12,12,-85.02079284439587,1,-21.68888886194659
866,93,12,-228.5259880514485,20,-228.46014739973276
867,64,12,-151.74483656681207,12,-151.74483656681207
868,29,12,-96.79732089859871,3,-65.56666537455592
869,90,12,-219.27143120512085,12,-219.27143120512085
870,22,12,-90.76623443917929,3,-46.51097281076241
871,19,12,-88.68794552856191,3,-39.9420506223111
872,5,12,-83.00932314367421,1,-9.455237327983067
873,36,12,-104.48223209634578,6,-81.52441352950547
874,83,12,-198.854120452488,12,-198.854120452488
875,5,12,-83.00932314367421,1,-9.455237327983067
876,92,12,-225.4075237139973,12,-225.4075237139973
877,76,12,-180.08474406613544,12,-180.08474406613544
878,26,12,-94.01001581178649,3,-56.76113061721671
879,83,12,-198.854120452488,12,-198.854120452488
880,12,12,-85.02079284439587,1,-21.68888886194659
881,7,12,-83.41503688796908,1,-11.923979800667436
882,52,12,-128.2539228413562,6,-125.177939579655
883,80,12,-190.60826966535672,12,-190.60826966535672
884,29,12,-96.79732089859871,3,-65.56666537455592
885,0,12,-82.58666666666669,1,-6.8822222222222225
886,87,12,-210.3194161813455,12,-210.3194161813455
887,79,12,-187.92692573545764,12,-187.92692573545764
888,74,12,-175.02485362057575,12,-175.02485362057575
889,3,12,-82.73882969802135,1,-7.808756080935194
890,61,12,-145.41736476856974,12,-145.41736476856974
891,67,12,-158.37537046268577,12,-158.37537046268577
892,16,12,-86.91362107098472,1,-33.19107800413937
893,73,12,-172.54538426876832,12,-172.54538426876832
894,84,12,-201.67000297128635,12,-201.67000297128635
895,56,12,-135.54521295910172,12,-135.54521295910172
896,62,12,-147.492844759646,12,-147.492844759646
897,56,12,-135.54521295910172,12,-135.54521295910172
898,48,12,-121.50183715622016,6,-112.7805402942011
899,17,12,-87.4712850103148,3,-36.095815994462484
900,57,12,-137.45226948237894,12,-137.45226948237894
901,9,12,-83.95595306941537,1,-15.214321990937147
902,62,12,-147.492844759646,12,-147.492844759646
903,79,12,-187.92692573545764,12,-187.92692573545764
904,78,12,-185.27922201012348,12,-185.27922201012348
905,33,12,-100.9862386241835,6,-75.10271953333199
906,4,12,-82.85717276709248,1,-8.529172688515441
907,16,12,-86.91362107098472,1,-33.19107800413937
908,71,12,-167.68740842638795,12,-167.68740842638795
909,62,12,-147.492844759646,12,-147.492844759646
910,23,12,-91.52653465497364,3,-48.91374309468091
911,91,12,-222.3226706914009,12,-222.3226706914009
912,7,12,-83.41503688796908,1,-11.923979800667436
913,22,12,-90.76623443917929,3,-46.51097281076241
914,98,12,-244.6224017175923,20,-238.4808810119756
915,30,12,-97.79392861672859,3,-68.71466132418306
916,80,12,-190.60826966535672,12,-190.60826966535672
917,27,12,-94.90536226632408,3,-59.5898777586643
918,47,12,-119.89808312874094,6,-109.83570678670114
919,11,12,-84.63205382862074,1,-19.32560286376086
920,87,12,-210.3194161813455,12,-210.3194161813455
921,78,12,-185.27922201012348,12,-185.27922201012348
922,30,12,-97.79392861672859,3,-68.71466132418306
923,90,12,-219.27143120512085,12,-219.27143120512085
924,34,12,-102.11783014653936,6,-77.18136743158533
925,54,12,-131.832176252549,6,-131.7473732422173
926,81,12,-193.3232515767758,12,-193.3232515767758
927,35,12,-103.28316204691019,6,-79.32193460441326
928,71,12,-167.68740842638795,12,-167.68740842638795
929,59,12,-141.367447738551,12,-141.367447738551
930,37,12,-105.71503806602566,6,-83.78879668536612
931,68,12,-160.6528851776278,12,-160.6528851776278
932,53,12,-130.0262005218131,6,-128.43176816621013
933,13,12,-85.44332130828904,1,-24.257161856809045
934,19,12,-88.68794552856191,3,-39.9420506223111
935,8,12,-83.66859579030925,1,-13.466492256876304
936,96,12,-238.08302673965238,20,-234.40975389635224
937,81,12,-193.3232515767758,12,-193.3232515767758
938,69,12,-162.96406455953235,12,-162.96406455953235
939,1,12,-82.6035744145978,1,-6.9851980409108565
940,29,12,-96.79732089859871,3,-65.56666537455592
941,5,12,-83.00932314367421,1,-9.455237327983067
942,80,12,-190.60826966535672,12,-190.60826966535672
943,40,12,-109.61584921025063,6,-90.95329633472858
944,22,12,-90.76623443917929,3,-46.51097281076241
945,30,12,-97.79392861672859,3,-68.71466132418306
946,19,12,-88.68794552856191,3,-39.9420506223111
947,4,12,-82.85717276709248,1,-8.529172688515441
948,20,12,-89.34693764525149,3,-42.025104283182344
949,74,12,-175.02485362057575,12,-175.02485362057575
950,67,12,-158.37537046268577,12,-158.37537046268577
951,86,12,-207.4026530580665,12,-207.4026530580665
952,60,12,-143.3755650196889,12,-143.3755650196889
953,93,12,-228.5259880514485,20,-228.46014739973276
954,41,12,-110.98357657528959,6,-93.46522121489485
955,40,12,-109.61584921025063,6,-90.95329633472858
956,60,12,-143.3755650196889,12,-143.3755650196889
957,81,12,-193.3232515767758,12,-193.3232515767758
958,51,12,-126.51534543777501,6,-121.9858949902555
959,40,12,-109.61584921025063,6,-90.95329633472858
960,59,12,-141.367447738551,12,-141.367447738551
961,94,12,-231.6780614823333,20,-230.42240386096492
962,29,12,-96.79732089859871,3,-65.56666537455592
963,97,12,-241.33591412399238,20,-236.43484574939123
964,94,12,-231.6780614823333,20,-230.42240386096492
965,37,12,-105.71503806602566,6,-83.78879668536612
966,88,12,-213.26980172825859,12,-213.26980172825859
967,16,12,-86.91362107098472,1,-33.19107800413937
968,99,12,-247.94248729970576,20,-240.54785882360903
969,39,12,-108.28184885147208,6,-88.50324560744662
970,29,12,-96.79732089859871,3,-65.56666537455592
971,65,12,-153.92134393244743,12,-153.92134393244743
972,23,12,-91.52653465497364,3,-48.91374309468091
973,72,12,-170.09956846271837,12,-170.09956846271837
974,0,12,-82.58666666666669,1,-6.8822222222222225
975,87,12,-210.3194161813455,12,-210.3194161813455
976,37,12,-105.71503806602566,6,-83.78879668536612
977,63,12,-149.60200276748782,12,-149.60200276748782
978,26,12,-94.01001581178649,3,-56.76113061721671
979,89,12,-216.25380747683084,12,-216.25380747683084
980,89,12,-216.25380747683084,12,-216.25380747683084
981,6,12,-83.19527859488348,1,-10.586867266464079
982,88,12,-213.26980172825859,12,-213.26980172825859
983,79,12,-187.92692573545764,12,-187.92692573545764
984,41,12,-110.98357657528959,6,-93.46522121489485
985,17,12,-87.4712850103148,3,-36.095815994462484
986,80,12,-190.60826966535672,12,-190.60826966535672
987,43,12,-113.8202034116098,6,-98.67466336494121
988,69,12,-162.96406455953235,12,-162.96406455953235
989,19,12,-88.68794552856191,3,-39.9420506223111
990,22,12,-90.76623443917929,3,-46.51097281076241
991,11,12,-84.63205382862074,1,-19.32560286376086
992,11,12,-84.63205382862074,1,-19.32560286376086
993,33,12,-100.9862386241835,6,-75.10271953333199
994,7,12,-83.41503688796908,1,-11.923979800667436
995,26,12,-94.01001581178649,3,-56.76113061721671
996,48,12,-121.50183715622016,6,-112.7805402942011
997,71,12,-167.68740842638795,12,-167.68740842638795
998,54,12,-131.832176252549,6,-131.7473732422173
999,96,12,-238.08302673965238,20,-234.40975389635224
1000,82,12,-196.07186924674602,12,-196.07186924674602
1001,87,12,-210.3194161813455,12,-210.3194161813455
1002,21,12,-90.03970135905276,3,-44.21475244382181
1003,2,12,-82.65429616947476,1,-7.294070267709967
1004,8,12,-83.66859579030925,1,-13.466492256876304
1005,10,12,-84.27710649292833,1,-17.167386388250772
1006,5,12,-83.00932314367421,1,-9.455237327983067
1007,38,12,-106.98157772725399,6,-86.11507655130762
1008,38,12,-106.98157772725399,6,-86.11507655130762
1009,65,12,-153.92134393244743,12,-153.92134393244743
1010,59,12,-141.367447738551,12,-141.367447738551
1011,36,12,-104.48223209634578,6,-81.52441352950547
1012,5,12,-83.00932314367421,1,-9.455237327983067
1013,5,12,-83.00932314367421,1,-9.455237327983067
1014,38,12,-106.98157772725399,6,-86.11507655130762
1015,35,12,-103.28316204691019,6,-79.32193460441326
1016,88,12,-213.26980172825859,12,-213.26980172825859
1017,49,12,-123.13930036828388,6,-115.78718783779036
1018,79,12,-187.92692573545764,12,-187.92692573545764
1019,84,12,-201.67000297128635,12,-201.67000297128635
1020,9,12,-83.95595306941537,1,-15.214321990937147
1021,4,12,-82.85717276709248,1,-8.529172688515441
1022,49,12,-123.13930036828388,6,-115.78718783779036
1023,24,12,-92.32059977591312,3,-51.42304101039932
1024,94,12,-231.6780614823333,20,-230.42240386096492
1025,2,12,-82.65429616947476,1,-7.294070267709967
1026,83,12,-198.854120452488,12,-198.854120452488
1027,3,12,-82.73882969802135,1,-7.808756080935194
1028,77,12,-182.66516071256729,12,-182.66516071256729
1029,11,12,-84.63205382862074,1,-19.32560286376086
1030,13,12,-85.44332130828904,1,-24.257161856809045
1031,81,12,-193.3232515767758,12,-193.3232515767758
1032,26,12,-94.01001581178649,3,-56.76113061721671
1033,70,12,-165.30890638391594,12,-165.30890638391594
1034,47,12,-119.89808312874094,6,-109.83570678670114
1035,98,12,-244.6224017175923,20,-238.4808810119756
1036,21,12,-90.03970135905276,3,-44.21475244382181
1037,20,12,-89.34693764525149,3,-42.025104283182344
1038,42,12,-112.38502871842148,6,-96.03901273050752
1039,57,12,-137.45226948237894,12,-137.45226948237894
1040,17,12,-87.4712850103148,3,-36.095815994462484
1041,89,12,-216.25380747683084,12,-216.25380747683084
1042,85,12,-204.51951458063076,12,-204.51951458063076
1043,55,12,-133.67184780709107,12,-133.67184780709107
1044,68,12,-160.6528851776278,12,-160.6528851776278
1045,98,12,-244.6224017175923,20,-238.4808810119756
1046,11,12,-84.63205382862074,1,-19.32560286376086
1047,98,12,-244.6224017175923,20,-238.4808810119756
1048,97,12,-241.33591412399238,20,-236.43484574939123
1049,19,12,-88.68794552856191,3,-39.9420506223111
1050,11,12,-84.63205382862074,1,-19.32560286376086
1051,97,12,-241.33591412399238,20,-236.43484574939123
1052,25,12,-93.14842757160632,3,-54.03884427687615
1053,97,12,-241.33591412399238,20,-236.43484574939123
1054,95,12,-234.86374178545628,20,-232.40560631336535
1055,45,12,-116.79171153665492,6,-104.13151192781399
1056,6,12,-83.19527859488348,1,-10.586867266464079
1057,89,12,-216.25380747683084,12,-216.25380747683084
1058,88,12,-213.26980172825859,12,-213.26980172825859
1059,38,12,-106.98157772725399,6,-86.11507655130762
1060,51,12,-126.51534543777501,6,-121.9858949902555
1061,16,12,-86.91362107098472,1,-33.19107800413937
1062,23,12,-91.52653465497364,3,-48.91374309468091
1063,90,12,-219.27143120512085,12,-219.27143120512085
1064,3,12,-82.73882969802135,1,-7.808756080935194
1065,90,12,-219.27143120512085,12,-219.27143120512085
1066,46,12,-118.32804051309115,6,-106.95269482704867
1067,29,12,-96.79732089859871,3,-65.56666537455592
1068,2,12,-82.65429616947476,1,-7.294070267709967
1069,5,12,-83.00932314367421,1,-9.455237327983067
1070,71,12,-167.68740842638795,12,-167.68740842638795
1071,15,12,-86.38973765322098,1,-30.008338880137654
1072,78,12,-185.27922201012348,12,-185.27922201012348
1073,35,12,-103.28316204691019,6,-79.32193460441326
1074,52,12,-128.2539228413562,6,-125.177939579655
1075,7,12,-83.41503688796908,1,-11.923979800667436
1076,51,12,-126.51534543777501,6,-121.9858949902555
1077,51,12,-126.51534543777501,6,-121.9858949902555
1078,29,12,-96.79732089859871,3,-65.56666537455592
1079,55,12,-133.67184780709107,12,-133.67184780709107
1080,11,12,-84.63205382862074,1,-19.32560286376086
1081,67,12,-158.37537046268577,12,-158.37537046268577
1082,77,12,-182.66516071256729,12,-182.66516071256729
1083,55,12,-133.67184780709107,12,-133.67184780709107
1084,88,12,-213.26980172825859,12,-213.26980172825859
1085,68,12,-160.6528851776278,12,-160.6528851776278
1086,86,12,-207.4026530580665,12,-207.4026530580665
1087,57,12,-137.45226948237894,12,-137.45226948237894
1088,93,12,-228.5259880514485,20,-228.46014739973276
1089,11,12,-84.63205382862074,1,-19.32560286376086
1090,78,12,-185.27922201012348,12,-185.27922201012348
1091,82,12,-196.07186924674602,12,-196.07186924674602
1092,89,12,-216.25380747683084,12,-216.25380747683084
1093,3,12,-82.73882969802135,1,-7.808756080935194
1094,37,12,-105.71503806602566,6,-83.78879668536612
1095,7,12,-83.41503688796908,1,-11.923979800667436
1096,29,12,-96.79732089859871,3,-65.56666537455592
1097,78,12,-185.27922201012348,12,-185.27922201012348
1098,11,12,-84.63205382862074,1,-19.32560286376086
1099,73,12,-172.54538426876832,12,-172.54538426876832
1100,11,12,-84.63205382862074,1,-19.32560286376086
1101,16,12,-86.91362107098472,1,-33.19107800413937
1102,60,12,-143.3755650196889,12,-143.3755650196889
1103,63,12,-149.60200276748782,12,-149.60200276748782
1104,59,12,-141.367447738551,12,-141.367447738551
1105,1,12,-82.6035744145978,1,-6.9851980409108565
1106,18,12,-88.0627272398999,3,-37.96561375881964
1107,53,12,-130.0262005218131,6,-128.43176816621013
1108,28,12,-95.83446470521845,3,-62.525063432602536
1109,64,12,-151.74483656681207,12,-151.74483656681207
1110,85,12,-204.51951458063076,12,-204.51951458063076
1111,88,12,-213.26980172825859,12,-213.26980172825859
1112,73,12,-172.54538426876832,12,-172.54538426876832
1113,8,12,-83.66859579030925,1,-13.466492256876304
1114,82,12,-196.07186924674602,12,-196.07186924674602
1115,11,12,-84.63205382862074,1,-19.32560286376086
1116,92,12,-225.4075237139973,12,-225.4075237139973
1117,51,12,-126.51534543777501,6,-121.9858949902555
1118,81,12,-193.3232515767758,12,-193.3232515767758
1119,55,12,-133.67184780709107,12,-133.67184780709107
1120,15,12,-86.38973765322098,1,-30.008338880137654
1121,3,12,-82.73882969802135,1,-7.808756080935194
1122,88,12,-213.26980172825859,12,-213.26980172825859
1123,85,12,-204.51951458063076,12,-204.51951458063076
1124,28,12,-95.83446470521845,3,-62.525063432602536
1125,58,12,-139.39301515084207,12,-139.39301515084207
1126,85,12,-204.51951458063076,12,-204.51951458063076
1127,78,12,-185.27922201012348,12,-185.27922201012348
1128,65,12,-153.92134393244743,12,-153.92134393244743
1129,76,12,-180.08474406613544,12,-180.08474406613544
1130,11,12,-84.63205382862074,1,-19.32560286376086
1131,25,12,-93.14842757160632,3,-54.03884427687615
1132,11,12,-84.63205382862074,1,-19.32560286376086
1133,90,12,-219.27143120512085,12,-219.27143120512085
1134,34,12,-102.11783014653936,6,-77.18136743158533
1135,1,12,-82.6035744145978,1,-6.9851980409108565
1136,16,12,-86.91362107098472,1,-33.19107800413937
1137,1,12,-82.6035744145978,1,-6.9851980409108565
1138,16,12,-86.91362107098472,1,-33.19107800413937
1139,33,12,-100.9862386241835,6,-75.10271953333199
1140,33,12,-100.9862386241835,6,-75.10271953333199
1141,44,12,-115.28909842694712,6,-101.37216560238318
1142,40,12,-109.61584921025063,6,-90.95329633472858
1143,72,12,-170.09956846271837,12,-170.09956846271837
1144,77,12,-182.66516071256729,12,-182.66516071256729
1145,83,12,-198.854120452488,12,-198.854120452488
1146,32,12,-99.88838970893231,6,-73.08599843278336
1147,23,12,-91.52653465497364,3,-48.91374309468091
1148,68,12,-160.6528851776278,12,-160.6528851776278
1149,31,12,-98.82428562999917,6,-71.1312116538696
1150,22,12,-90.76623443917929,3,-46.51097281076241
1151,64,12,-151.74483656681207,12,-151.74483656681207
1152,31,12,-98.82428562999917,6,-71.1312116538696
1153,79,12,-187.92692573545764,12,-187.92692573545764
1154,83,12,-198.854120452488,12,-198.854120452488
1155,15,12,-86.38973765322098,1,-30.008338880137654
1156,51,12,-126.51534543777501,6,-121.9858949902555
1157,12,12,-85.02079284439587,1,-21.68888886194659
1158,45,12,-116.79171153665492,6,-104.13151192781399
1159,10,12,-84.27710649292833,1,-17.167386388250772
1160,80,12,-190.60826966535672,12,-190.60826966535672
1161,70,12,-165.30890638391594,12,-165.30890638391594
1162,21,12,-90.03970135905276,3,-44.21475244382181
1163,94,12,-231.6780614823333,20,-230.42240386096492
1164,67,12,-158.37537046268577,12,-158.37537046268577
1165,80,12,-190.60826966535672,12,-190.60826966535672
1166,64,12,-151.74483656681207,12,-151.74483656681207
1167,1,12,-82.6035744145978,1,-6.9851980409108565
1168,50,12,-124.81047053779731,6,-118.85564190652914
1169,96,12,-238.08302673965238,20,-234.40975389635224
1170,82,12,-196.07186924674602,12,-196.07186924674602
1171,82,12,-196.07186924674602,12,-196.07186924674602
1172,57,12,-137.45226948237894,12,-137.45226948237894
1173,22,12,-90.76623443917929,3,-46.51097281076241
1174,15,12,-86.38973765322098,1,-30.008338880137654
1175,15,12,-86.38973765322098,1,-30.008338880137654
1176,28,12,-95.83446470521845,3,-62.525063432602536
1177,71,12,-167.68740842638795,12,-167.68740842638795
1178,27,12,-94.90536226632408,3,-59.5898777586643
1179,88,12,-213.26980172825859,12,-213.26980172825859
1180,57,12,-137.45226948237894,12,-137.45226948237894
1181,58,12,-139.39301515084207,12,-139.39301515084207
1182,88,12,-213.26980172825859,12,-213.26980172825859
1183,76,12,-180.08474406613544,12,-180.08474406613544
1184,13,12,-85.44332130828904,1,-24.257161856809045
1185,18,12,-88.0627272398999,3,-37.96561375881964
1186,78,12,-185.27922201012348,12,-185.27922201012348
1187,78,12,-185.27922201012348,12,-185.27922201012348
1188,20,12,-89.34693764525149,3,-42.025104283182344
1189,71,12,-167.68740842638795,12,-167.68740842638795
1190,55,12,-133.67184780709107,12,-133.67184780709107
1191,44,12,-115.28909842694712,6,-101.37216560238318
1192,91,12,-222.3226706914009,12,-222.3226706914009
1193,44,12,-115.28909842694712,6,-101.37216560238318
1194,15,12,-86.38973765322098,1,-30.008338880137654
1195,87,12,-210.3194161813455,12,-210.3194161813455
1196,75,12,-177.53797429426584,12,-177.53797429426584
1197,77,12,-182.66516071256729,12,-182.66516071256729
1198,29,12,-96.79732089859871,3,-65.56666537455592
1199,95,12,-234.86374178545628,20,-232.40560631336535
1200,82,12,-196.07186924674602,12,-196.07186924674602
1201,4,12,-82.85717276709248,1,-8.529172688515441
1202,28,12,-95.83446470521845,3,-62.525063432602536
1203,65,12,-153.92134393244743,12,-153.92134393244743
1204,49,12,-123.13930036828388,6,-115.78718783779036
1205,49,12,-123.13930036828388,6,-115.78718783779036
1206,87,12,-210.3194161813455,12,-210.3194161813455
1207,57,12,-137.45226948237894,12,-137.45226948237894
1208,80,12,-190.60826966535672,12,-190.60826966535672
1209,41,12,-110.98357657528959,6,-93.46522121489485
1210,90,12,-219.27143120512085,12,-219.27143120512085
1211,66,12,-156.13152263937536,12,-156.13152263937536
1212,47,12,-119.89808312874094,6,-109.83570678670114
1213,17,12,-87.4712850103148,3,-36.095815994462484
1214,20,12,-89.34693764525149,3,-42.025104283182344
1215,38,12,-106.98157772725399,6,-86.11507655130762
1216,64,12,-151.74483656681207,12,-151.74483656681207
1217,6,12,-83.19527859488348,1,-10.586867266464079
1218,22,12,-90.76623443917929,3,-46.51097281076241
1219,79,12,-187.92692573545764,12,-187.92692573545764
1220,74,12,-175.02485362057575,12,-175.02485362057575
1221,34,12,-102.11783014653936,6,-77.18136743158533
1222,40,12,-109.61584921025063,6,-90.95329633472858
1223,38,12,-106.98157772725399,6,-86.11507655130762
1224,21,12,-90.03970135905276,3,-44.21475244382181
1225,34,12,-102.11783014653936,6,-77.18136743158533
1226,32,12,-99.88838970893231,6,-73.08599843278336
1227,42,12,-112.38502871842148,6,-96.03901273050752
1228,44,12,-115.28909842694712,6,-101.37216560238318
1229,99,12,-247.94248729970576,20,-240.54785882360903
1230,41,12,-110.98357657528959,6,-93.46522121489485
1231,27,12,-94.90536226632408,3,-59.5898777586643
1232,48,12,-121.50183715622016,6,-112.7805402942011
1233,10,12,-84.27710649292833,1,-17.167386388250772
1234,68,12,-160.6528851776278,12,-160.6528851776278
1235,17,12,-87.4712850103148,3,-36.095815994462484
1236,3,12,-82.73882969802135,1,-7.808756080935194
1237,94,12,-231.6780614823333,20,-230.42240386096492
1238,87,12,-210.3194161813455,12,-210.3194161813455
1239,29,12,-96.79732089859871,3,-65.56666537455592
1240,30,12,-97.79392861672859,3,-68.71466132418306
1241,75,12,-177.53797429426584,12,-177.53797429426584
1242,66,12,-156.13152263937536,12,-156.13152263937536
1243,93,12,-228.5259880514485,20,-228.46014739973276
1244,60,12,-143.3755650196889,12,-143.3755650196889
1245,7,12,-83.41503688796908,1,-11.923979800667436
1246,51,12,-126.51534543777501,6,-121.9858949902555
1247,73,12,-172.54538426876832,12,-172.54538426876832
1248,87,12,-210.3194161813455,12,-210.3194161813455
1249,64,12,-151.74483656681207,12,-151.74483656681207
1250,17,12,-87.4712850103148,3,-36.095815994462484
1251,40,12,-109.61584921025063,6,-90.95329633472858
1252,21,12,-90.03970135905276,3,-44.21475244382181
1253,94,12,-231.6780614823333,20,-230.42240386096492
1254,26,12,-94.01001581178649,3,-56.76113061721671
1255,15,12,-86.38973765322098,1,-30.008338880137654
1256,17,12,-87.4712850103148,3,-36.095815994462484
1257,10,12,-84.27710649292833,1,-17.167386388250772
1258,17,12,-87.4712850103148,3,-36.095815994462484
1259,3,12,-82.73882969802135,1,-7.808756080935194
1260,73,12,-172.54538426876832,12,-172.54538426876832
1261,29,12,-96.79732089859871,3,-65.56666537455592
1262,67,12,-158.37537046268577,12,-158.37537046268577
1263,71,12,-167.68740842638795,12,-167.68740842638795
1264,80,12,-190.60826966535672,12,-190.60826966535672
1265,98,12,-244.6224017175923,20,-238.4808810119756
1266,4,12,-82.85717276709248,1,-8.529172688515441
1267,61,12,-145.41736476856974,12,-145.41736476856974
1268,90,12,-219.27143120512085,12,-219.27143120512085
1269,6,12,-83.19527859488348,1,-10.586867266464079
1270,32,12,-99.88838970893231,6,-73.08599843278336
1271,81,12,-193.3232515767758,12,-193.3232515767758
1272,37,12,-105.71503806602566,6,-83.78879668536612
1273,27,12,-94.90536226632408,3,-59.5898777586643
1274,51,12,-126.51534543777501,6,-121.9858949902555
1275,78,12,-185.27922201012348,12,-185.27922201012348
1276,59,12,-141.367447738551,12,-141.367447738551
1277,86,12,-207.4026530580665,12,-207.4026530580665
1278,95,12,-234.86374178545628,20,-232.40560631336535
1279,8,12,-83.66859579030925,1,-13.466492256876304
1280,56,12,-135.54521295910172,12,-135.54521295910172
1281,29,12,-96.79732089859871,3,-65.56666537455592
1282,28,12,-95.83446470521845,3,-62.525063432602536
1283,95,12,-234.86374178545628,20,-232.40560631336535
1284,34,12,-102.11783014653936,6,-77.18136743158533
1285,58,12,-139.39301515084207,12,-139.39301515084207
1286,81,12,-193.3232515767758,12,-193.3232515767758
1287,92,12,-225.4075237139973,12,-225.4075237139973
1288,16,12,-86.91362107098472,1,-33.19107800413937
1289,72,12,-170.09956846271837,12,-170.09956846271837
1290,59,12,-141.367447738551,12,-141.367447738551
1291,7,12,-83.41503688796908,1,-11.923979800667436
1292,12,12,-85.02079284439587,1,-21.68888886194659
1293,32,12,-99.88838970893231,6,-73.08599843278336
1294,84,12,-201.67000297128635,12,-201.67000297128635
1295,75,12,-177.53797429426584,12,-177.53797429426584
1296,93,12,-228.5259880514485,20,-228.46014739973276
1297,40,12,-109.61584921025063,6,-90.95329633472858
1298,0,12,-82.58666666666669,1,-6.8822222222222225
1299,84,12,-201.67000297128635,12,-201.67000297128635
1300,92,12,-225.4075237139973,12,-225.4075237139973
1301,77,12,-182.66516071256729,12,-182.66516071256729
1302,37,12,-105.71503806602566,6,-83.78879668536612
1303,47,12,-119.89808312874094,6,-109.83570678670114
1304,61,12,-145.41736476856974,12,-145.41736476856974
1305,50,12,-124.81047053779731,6,-118.85564190652914
1306,68,12,-160.6528851776278,12,-160.6528851776278
1307,76,12,-180.08474406613544,12,-180.08474406613544
1308,57,12,-137.45226948237894,12,-137.45226948237894
1309,4,12,-82.85717276709248,1,-8.529172688515441
1310,36,12,-104.48223209634578,6,-81.52441352950547
1311,80,12,-190.60826966535672,12,-190.60826966535672
1312,82,12,-196.07186924674602,12,-196.07186924674602
1313,37,12,-105.71503806602566,6,-83.78879668536612
1314,94,12,-231.6780614823333,20,-230.42240386096492
1315,35,12,-103.28316204691019,6,-79.32193460441326
1316,48,12,-121.50183715622016,6,-112.7805402942011
1317,0,12,-82.58666666666669,1,-6.8822222222222225
1318,49,12,-123.13930036828388,6,-115.78718783779036
1319,57,12,-137.45226948237894,12,-137.45226948237894
1320,9,12,-83.95595306941537,1,-15.214321990937147
1321,50,12,-124.81047053779731,6,-118.85564190652914
1322,97,12,-241.33591412399238,20,-236.43484574939123
1323,48,12,-121.50183715622016,6,-112.7805402942011
1324,12,12,-85.02079284439587,1,-21.68888886194659
1325,70,12,-165.30890638391594,12,-165.30890638391594
1326,36,12,-104.48223209634578,6,-81.52441352950547
1327,99,12,-247.94248729970576,20,-240.54785882360903
1328,36,12,-104.48223209634578,6,-81.52441352950547
1329,30,12,-97.79392861672859,3,-68.71466132418306
1330,19,12,-88.68794552856191,3,-39.9420506223111
1331,38,12,-106.98157772725399,6,-86.11507655130762
1332,44,12,-115.28909842694712,6,-101.37216560238318
1333,35,12,-103.28316204691019,6,-79.32193460441326
1334,14,12,-85.8996369884651,1,-27.0303393518663
1335,29,12,-96.79732089859871,3,-65.56666537455592
1336,51,12,-126.51534543777501,6,-121.9858949902555
1337,60,12,-143.3755650196889,12,-143.3755650196889
1338,81,12,-193.3232515767758,12,-193.3232515767758
1339,67,12,-158.37537046268577,12,-158.37537046268577
1340,29,12,-96.79732089859871,3,-65.56666537455592
1341,27,12,-94.90536226632408,3,-59.5898777586643
1342,3,12,-82.73882969802135,1,-7.808756080935194
1343,33,12,-100.9862386241835,6,-75.10271953333199
1344,51,12,-126.51534543777501,6,-121.9858949902555
1345,27,12,-94.90536226632408,3,-59.5898777586643
1346,56,12,-135.54521295910172,12,-135.54521295910172
1347,21,12,-90.03970135905276,3,-44.21475244382181
1348,39,12,-108.28184885147208,6,-88.50324560744662
1349,74,12,-175.02485362057575,12,-175.02485362057575
1350,29,12,-96.79732089859871,3,-65.56666537455592
1351,29,12,-96.79732089859871,3,-65.56666537455592
1352,61,12,-145.41736476856974,12,-145.41736476856974
1353,58,12,-139.39301515084207,12,-139.39301515084207
1354,24,12,-92.32059977591312,3,-51.42304101039932
1355,16,12,-86.91362107098472,1,-33.19107800413937
1356,64,12,-151.74483656681207,12,-151.74483656681207
1357,98,12,-244.6224017175923,20,-238.4808810119756
1358,13,12,-85.44332130828904,1,-24.257161856809045
1359,1,12,-82.6035744145978,1,-6.9851980409108565
1360,2,12,-82.65429616947476,1,-7.294070267709967
1361,66,12,-156.13152263937536,12,-156.13152263937536
1362,19,12,-88.68794552856191,3,-39.9420506223111
1363,76,12,-180.08474406613544,12,-180.08474406613544
1364,30,12,-97.79392861672859,3,-68.71466132418306
1365,39,12,-108.28184885147208,6,-88.50324560744662
1366,85,12,-204.51951458063076,12,-204.51951458063076
1367,77,12,-182.66516071256729,12,-182.66516071256729
1368,49,12,-123.13930036828388,6,-115.78718783779036
1369,26,12,-94.01001581178649,3,-56.76113061721671
1370,12,12,-85.02079284439587,1,-21.68888886194659
1371,64,12,-151.74483656681207,12,-151.74483656681207
1372,1,12,-82.6035744145978,1,-6.9851980409108565
1373,36,12,-104.48223209634578,6,-81.52441352950547
1374,10,12,-84.27710649292833,1,-17.167386388250772
1375,32,12,-99.88838970893231,6,-73.08599843278336
1376,28,12,-95.83446470521845,3,-62.525063432602536
1377,58,12,-139.39301515084207,12,-139.39301515084207
1378,66,12,-156.13152263937536,12,-156.13152263937536
1379,92,12,-225.4075237139973,12,-225.4075237139973
1380,65,12,-153.92134393244743,12,-153.92134393244743
1381,77,12,-182.66516071256729,12,-182.66516071256729
1382,83,12,-198.854120452488,12,-198.854120452488
1383,47,12,-119.89808312874094,6,-109.83570678670114
1384,81,12,-193.3232515767758,12,-193.3232515767758
1385,36,12,-104.48223209634578,6,-81.52441352950547
1386,71,12,-167.68740842638795,12,-167.68740842638795
1387,53,12,-130.0262005218131,6,-128.43176816621013
1388,70,12,-165.30890638391594,12,-165.30890638391594
1389,9,12,-83.95595306941537,1,-15.214321990937147
1390,15,12,-86.38973765322098,1,-30.008338880137654
1391,18,12,-88.0627272398999,3,-37.96561375881964
1392,29,12,-96.79732089859871,3,-65.56666537455592
1393,53,12,-130.0262005218131,6,-128.43176816621013
1394,60,12,-143.3755650196889,12,-143.3755650196889
1395,42,12,-112.38502871842148,6,-96.03901273050752
1396,82,12,-196.07186924674602,12,-196.07186924674602
1397,2,12,-82.65429616947476,1,-7.294070267709967
1398,29,12,-96.79732089859871,3,-65.56666537455592
1399,17,12,-87.4712850103148,3,-36.095815994462484
1400,35,12,-103.28316204691019,6,-79.32193460441326
1401,19,12,-88.68794552856191,3,-39.9420506223111
1402,16,12,-86.91362107098472,1,-33.19107800413937
1403,23,12,-91.52653465497364,3,-48.91374309468091
1404,12,12,-85.02079284439587,1,-21.68888886194659
1405,99,12,-247.94248729970576,20,-240.54785882360903
1406,56,12,-135.54521295910172,12,-135.54521295910172
1407,66,12,-156.13152263937536,12,-156.13152263937536
1408,20,12,-89.34693764525149,3,-42.025104283182344
1409,3,12,-82.73882969802135,1,-7.808756080935194
1410,81,12,-193.3232515767758,12,-193.3232515767758
1411,44,12,-115.28909842694712,6,-101.37216560238318
1412,38,12,-106.98157772725399,6,-86.11507655130762
1413,42,12,-112.38502871842148,6,-96.03901273050752
1414,74,12,-175.02485362057575,12,-175.02485362057575
1415,37,12,-105.71503806602566,6,-83.78879668536612
1416,40,12,-109.61584921025063,6,-90.95329633472858
1417,27,12,-94.90536226632408,3,-59.5898777586643
1418,4,12,-82.85717276709248,1,-8.529172688515441
1419,51,12,-126.51534543777501,6,-121.9858949902555
1420,22,12,-90.76623443917929,3,-46.51097281076241
1421,37,12,-105.71503806602566,6,-83.78879668536612
1422,35,12,-103.28316204691019,6,-79.32193460441326
1423,30,12,-97.79392861672859,3,-68.71466132418306
1424,7,12,-83.41503688796908,1,-11.923979800667436
1425,88,12,-213.26980172825859,12,-213.26980172825859
1426,88,12,-213.26980172825859,12,-213.26980172825859
1427,15,12,-86.38973765322098,1,-30.008338880137654
1428,10,12,-84.27710649292833,1,-17.167386388250772
1429,19,12,-88.68794552856191,3,-39.9420506223111
1430,77,12,-182.66516071256729,12,-182.66516071256729
1431,56,12,-135.54521295910172,12,-135.54521295910172
1432,18,12,-88.0627272398999,3,-37.96561375881964
1433,71,12,-167.68740842638795,12,-167.68740842638795
1434,60,12,-143.3755650196889,12,-143.3755650196889
1435,24,12,-92.32059977591312,3,-51.42304101039932
1436,32,12,-99.88838970893231,6,-73.08599843278336
1437,39,12,-108.28184885147208,6,-88.50324560744662
1438,16,12,-86.91362107098472,1,-33.19107800413937
1439,52,12,-128.2539228413562,6,-125.177939579655
1440,90,12,-219.27143120512085,12,-219.27143120512085
1441,80,12,-190.60826966535672,12,-190.60826966535672
1442,46,12,-118.32804051309115,6,-106.95269482704867
1443,96,12,-238.08302673965238,20,-234.40975389635224
1444,94,12,-231.6780614823333,20,-230.42240386096492
1445,84,12,-201.67000297128635,12,-201.67000297128635
1446,23,12,-91.52653465497364,3,-48.91374309468091
1447,15,12,-86.38973765322098,1,-30.008338880137654
1448,44,12,-115.28909842694712,6,-101.37216560238318
1449,83,12,-198.854120452488,12,-198.854120452488
1450,55,12,-133.67184780709107,12,-133.67184780709107
1451,98,12,-244.6224017175923,20,-238.4808810119756
1452,27,12,-94.90536226632408,3,-59.5898777586643
1453,45,12,-116.79171153665492,6,-104.13151192781399
1454,98,12,-244.6224017175923,20,-238.4808810119756
1455,81,12,-193.3232515767758,12,-193.3232515767758
1456,87,12,-210.3194161813455,12,-210.3194161813455
1457,27,12,-94.90536226632408,3,-59.5898777586643
1458,77,12,-182.66516071256729,12,-182.66516071256729
1459,48,12,-121.50183715622016,6,-112.7805402942011
1460,87,12,-210.3194161813455,12,-210.3194161813455
1461,94,12,-231.6780614823333,20,-230.42240386096492
1462,5,12,-83.00932314367421,1,-9.455237327983067
1463,97,12,-241.33591412399238,20,-236.43484574939123
1464,98,12,-244.6224017175923,20,-238.4808810119756
1465,28,12,-95.83446470521845,3,-62.525063432602536
1466,65,12,-153.92134393244743,12,-153.92134393244743
1467,68,12,-160.6528851776278,12,-160.6528851776278
1468,85,12,-204.51951458063076,12,-204.51951458063076
1469,72,12,-170.09956846271837,12,-170.09956846271837
1470,33,12,-100.9862386241835,6,-75.10271953333199
1471,99,12,-247.94248729970576,20,-240.54785882360903
1472,48,12,-121.50183715622016,6,-112.7805402942011
1473,99,12,-247.94248729970576,20,-240.54785882360903
1474,89,12,-216.25380747683084,12,-216.25380747683084
1475,69,12,-162.96406455953235,12,-162.96406455953235
1476,65,12,-153.92134393244743,12,-153.92134393244743
1477,99,12,-247.94248729970576,20,-240.54785882360903
1478,71,12,-167.68740842638795,12,-167.68740842638795
1479,1,12,-82.6035744145978,1,-6.9851980409108565
1480,1,12,-82.6035744145978,1,-6.9851980409108565
1481,71,12,-167.68740842638795,12,-167.68740842638795
1482,25,12,-93.14842757160632,3,-54.03884427687615
1483,77,12,-182.66516071256729,12,-182.66516071256729
1484,50,12,-124.81047053779731,6,-118.85564190652914
1485,27,12,-94.90536226632408,3,-59.5898777586643
1486,96,12,-238.08302673965238,20,-234.40975389635224
1487,43,12,-113.8202034116098,6,-98.67466336494121
1488,19,12,-88.68794552856191,3,-39.9420506223111
1489,98,12,-244.6224017175923,20,-238.4808810119756
1490,45,12,-116.79171153665492,6,-104.13151192781399
1491,80,12,-190.60826966535672,12,-190.60826966535672
1492,43,12,-113.8202034116098,6,-98.67466336494121
1493,67,12,-158.37537046268577,12,-158.37537046268577
1494,8,12,-83.66859579030925,1,-13.466492256876304
1495,83,12,-198.854120452488,12,-198.854120452488
1496,46,12,-118.32804051309115,6,-106.95269482704867
1497,64,12,-151.74483656681207,12,-151.74483656681207
1498,20,12,-89.34693764525149,3,-42.025104283182344
1499,96,12,-238.08302673965238,20,-234.40975389635224
1500,98,12,-244.6224017175923,20,-238.4808810119756
1501,5,12,-83.00932314367421,1,-9.455237327983067
1502,85,12,-204.51951458063076,12,-204.51951458063076
1503,24,12,-92.32059977591312,3,-51.42304101039932
1504,2,12,-82.65429616947476,1,-7.294070267709967
1505,71,12,-167.68740842638795,12,-167.68740842638795
1506,75,12,-177.53797429426584,12,-177.53797429426584
1507,28,12,-95.83446470521845,3,-62.525063432602536
1508,95,12,-234.86374178545628,20,-232.40560631336535
1509,65,12,-153.92134393244743,12,-153.92134393244743
1510,80,12,-190.60826966535672,12,-190.60826966535672
1511,82,12,-196.07186924674602,12,-196.07186924674602
1512,14,12,-85.8996369884651,1,-27.0303393518663
1513,21,12,-90.03970135905276,3,-44.21475244382181
1514,69,12,-162.96406455953235,12,-162.96406455953235
1515,33,12,-100.9862386241835,6,-75.10271953333199
1516,2,12,-82.65429616947476,1,-7.294070267709967
1517,27,12,-94.90536226632408,3,-59.5898777586643
1518,19,12,-88.68794552856191,3,-39.9420506223111
1519,15,12,-86.38973765322098,1,-30.008338880137654
1520,71,12,-167.68740842638795,12,-167.68740842638795
1521,29,12,-96.79732089859871,3,-65.56666537455592
1522,35,12,-103.28316204691019,6,-79.32193460441326
1523,97,12,-241.33591412399238,20,-236.43484574939123
1524,48,12,-121.50183715622016,6,-112.7805402942011
1525,49,12,-123.13930036828388,6,-115.78718783779036
1526,80,12,-190.60826966535672,12,-190.60826966535672
1527,56,12,-135.54521295910172,12,-135.54521295910172
1528,63,12,-149.60200276748782,12,-149.60200276748782
1529,88,12,-213.26980172825859,12,-213.26980172825859
1530,58,12,-139.39301515084207,12,-139.39301515084207
1531,5,12,-83.00932314367421,1,-9.455237327983067
1532,51,12,-126.51534543777501,6,-121.9858949902555
1533,61,12,-145.41736476856974,12,-145.41736476856974
1534,83,12,-198.854120452488,12,-198.854120452488
1535,17,12,-87.4712850103148,3,-36.095815994462484
1536,45,12,-116.79171153665492,6,-104.13151192781399
1537,96,12,-238.08302673965238,20,-234.40975389635224
1538,62,12,-147.492844759646,12,-147.492844759646
1539,22,12,-90.76623443917929,3,-46.51097281076241
1540,97,12,-241.33591412399238,20,-236.43484574939123
1541,9,12,-83.95595306941537,1,-15.214321990937147
1542,5,12,-83.00932314367421,1,-9.455237327983067
1543,76,12,-180.08474406613544,12,-180.08474406613544
1544,61,12,-145.41736476856974,12,-145.41736476856974
1545,42,12,-112.38502871842148,6,-96.03901273050752
1546,16,12,-86.91362107098472,1,-33.19107800413937
1547,59,12,-141.367447738551,12,-141.367447738551
1548,17,12,-87.4712850103148,3,-36.095815994462484
1549,68,12,-160.6528851776278,12,-160.6528851776278
1550,60,12,-143.3755650196889,12,-143.3755650196889
1551,25,12,-93.14842757160632,3,-54.03884427687615
1552,14,12,-85.8996369884651,1,-27.0303393518663
1553,61,12,-145.41736476856974,12,-145.41736476856974
1554,53,12,-130.0262005218131,6,-128.43176816621013
1555,81,12,-193.3232515767758,12,-193.3232515767758
1556,29,12,-96.79732089859871,3,-65.56666537455592
1557,70,12,-165.30890638391594,12,-165.30890638391594
1558,28,12,-95.83446470521845,3,-62.525063432602536
1559,74,12,-175.02485362057575,12,-175.02485362057575
1560,5,12,-83.00932314367421,1,-9.455237327983067
1561,84,12,-201.67000297128635,12,-201.67000297128635
1562,55,12,-133.67184780709107,12,-133.67184780709107
1563,50,12,-124.81047053779731,6,-118.85564190652914
1564,86,12,-207.4026530580665,12,-207.4026530580665
1565,53,12,-130.0262005218131,6,-128.43176816621013
1566,10,12,-84.27710649292833,1,-17.167386388250772
1567,43,12,-113.8202034116098,6,-98.67466336494121
1568,59,12,-141.367447738551,12,-141.367447738551
1569,30,12,-97.79392861672859,3,-68.71466132418306
1570,59,12,-141.367447738551,12,-141.367447738551
1571,14,12,-85.8996369884651,1,-27.0303393518663
1572,48,12,-121.50183715622016,6,-112.7805402942011
1573,56,12,-135.54521295910172,12,-135.54521295910172
1574,65,12,-153.92134393244743,12,-153.92134393244743
1575,7,12,-83.41503688796908,1,-11.923979800667436
1576,69,12,-162.96406455953235,12,-162.96406455953235
1577,15,12,-86.38973765322098,1,-30.008338880137654
1578,52,12,-128.2539228413562,6,-125.177939579655
1579,32,12,-99.88838970893231,6,-73.08599843278336
1580,87,12,-210.3194161813455,12,-210.3194161813455
1581,78,12,-185.27922201012348,12,-185.27922201012348
1582,34,12,-102.11783014653936,6,-77.18136743158533
1583,29,12,-96.79732089859871,3,-65.56666537455592
1584,51,12,-126.51534543777501,6,-121.9858949902555
1585,89,12,-216.25380747683084,12,-216.25380747683084
1586,53,12,-130.0262005218131,6,-128.43176816621013
1587,4,12,-82.85717276709248,1,-8.529172688515441
1588,64,12,-151.74483656681207,12,-151.74483656681207
1589,26,12,-94.01001581178649,3,-56.76113061721671
1590,84,12,-201.67000297128635,12,-201.67000297128635
1591,5,12,-83.00932314367421,1,-9.455237327983067
1592,88,12,-213.26980172825859,12,-213.26980172825859
1593,17,12,-87.4712850103148,3,-36.095815994462484
1594,68,12,-160.6528851776278,12,-160.6528851776278
1595,56,12,-135.54521295910172,12,-135.54521295910172
1596,32,12,-99.88838970893231,6,-73.08599843278336
1597,81,12,-193.3232515767758,12,-193.3232515767758
1598,72,12,-170.09956846271837,12,-170.09956846271837
1599,73,12,-172.54538426876832,12,-172.54538426876832
1600,31,12,-98.82428562999917,6,-71.1312116538696
1601,94,12,-231.6780614823333,20,-230.42240386096492
1602,73,12,-172.54538426876832,12,-172.54538426876832
1603,48,12,-121.50183715622016,6,-112.7805402942011
1604,99,12,-247.94248729970576,20,-240.54785882360903
1605,32,12,-99.88838970893231,6,-73.08599843278336
1606,14,12,-85.8996369884651,1,-27.0303393518663
1607,61,12,-145.41736476856974,12,-145.41736476856974
1608,87,12,-210.3194161813455,12,-210.3194161813455
1609,32,12,-99.88838970893231,6,-73.08599843278336
1610,56,12,-135.54521295910172,12,-135.54521295910172
1611,28,12,-95.83446470521845,3,-62.525063432602536
1612,43,12,-113.8202034116098,6,-98.67466336494121
1613,97,12,-241.33591412399238,20,-236.43484574939123
1614,50,12,-124.81047053779731,6,-118.85564190652914
1615,46,12,-118.32804051309115,6,-106.95269482704867
1616,72,12,-170.09956846271837,12,-170.09956846271837
1617,37,12,-105.71503806602566,6,-83.78879668536612
1618,2,12,-82.65429616947476,1,-7.294070267709967
1619,17,12,-87.4712850103148,3,-36.095815994462484
1620,15,12,-86.38973765322098,1,-30.008338880137654
1621,67,12,-158.37537046268577,12,-158.37537046268577
1622,85,12,-204.51951458063076,12,-204.51951458063076
1623,93,12,-228.5259880514485,20,-228.46014739973276
1624,22,12,-90.76623443917929,3,-46.51097281076241
1625,82,12,-196.07186924674602,12,-196.07186924674602
1626,7,12,-83.41503688796908,1,-11.923979800667436
1627,55,12,-133.67184780709107,12,-133.67184780709107
1628,49,12,-123.13930036828388,6,-115.78718783779036
1629,26,12,-94.01001581178649,3,-56.76113061721671
1630,4,12,-82.85717276709248,1,-8.529172688515441
1631,89,12,-216.25380747683084,12,-216.25380747683084
1632,26,12,-94.01001581178649,3,-56.76113061721671
1633,60,12,-143.3755650196889,12,-143.3755650196889
1634,83,12,-198.854120452488,12,-198.854120452488
1635,78,12,-185.27922201012348,12,-185.27922201012348
1636,18,12,-88.0627272398999,3,-37.96561375881964
1637,96,12,-238.08302673965238,20,-234.40975389635224
1638,91,12,-222.3226706914009,12,-222.3226706914009
1639,36,12,-104.48223209634578,6,-81.52441352950547
1640,20,12,-89.34693764525149,3,-42.025104283182344
1641,3,12,-82.73882969802135,1,-7.808756080935194
1642,18,12,-88.0627272398999,3,-37.96561375881964
1643,77,12,-182.66516071256729,12,-182.66516071256729
1644,51,12,-126.51534543777501,6,-121.9858949902555
1645,49,12,-123.13930036828388,6,-115.78718783779036
1646,31,12,-98.82428562999917,6,-71.1312116538696
1647,97,12,-241.33591412399238,20,-236.43484574939123
1648,18,12,-88.0627272398999,3,-37.96561375881964
1649,12,12,-85.02079284439587,1,-21.68888886194659
1650,91,12,-222.3226706914009,12,-222.3226706914009
1651,98,12,-244.6224017175923,20,-238.4808810119756
1652,71,12,-167.68740842638795,12,-167.68740842638795
1653,94,12,-231.6780614823333,20,-230.42240386096492
1654,45,12,-116.79171153665492,6,-104.13151192781399
1655,80,12,-190.60826966535672,12,-190.60826966535672
1656,65,12,-153.92134393244743,12,-153.92134393244743
1657,88,12,-213.26980172825859,12,-213.26980172825859
1658,16,12,-86.91362107098472,1,-33.19107800413937
1659,45,12,-116.79171153665492,6,-104.13151192781399
1660,91,12,-222.3226706914009,12,-222.3226706914009
1661,37,12,-105.71503806602566,6,-83.78879668536612
1662,50,12,-124.81047053779731,6,-118.85564190652914
1663,24,12,-92.32059977591312,3,-51.42304101039932
1664,48,12,-121.50183715622016,6,-112.7805402942011
1665,76,12,-180.08474406613544,12,-180.08474406613544
1666,4,12,-82.85717276709248,1,-8.529172688515441
1667,51,12,-126.51534543777501,6,-121.9858949902555
1668,46,12,-118.32804051309115,6,-106.95269482704867
1669,40,12,-109.61584921025063,6,-90.95329633472858
1670,14,12,-85.8996369884651,1,-27.0303393518663
1671,10,12,-84.27710649292833,1,-17.167386388250772
1672,27,12,-94.90536226632408,3,-59.5898777586643
1673,78,12,-185.27922201012348,12,-185.27922201012348
1674,13,12,-85.44332130828904,1,-24.257161856809045
1675,4,12,-82.85717276709248,1,-8.529172688515441
1676,86,12,-207.4026530580665,12,-207.4026530580665
1677,15,12,-86.38973765322098,1,-30.008338880137654
1678,29,12,-96.79732089859871,3,-65.56666537455592
1679,78,12,-185.27922201012348,12,-185.27922201012348
1680,42,12,-112.38502871842148,6,-96.03901273050752
1681,25,12,-93.14842757160632,3,-54.03884427687615
1682,75,12,-177.53797429426584,12,-177.53797429426584
1683,95,12,-234.86374178545628,20,-232.40560631336535
1684,91,12,-222.3226706914009,12,-222.3226706914009
1685,22,12,-90.76623443917929,3,-46.51097281076241
1686,43,12,-113.8202034116098,6,-98.67466336494121
1687,84,12,-201.67000297128635,12,-201.67000297128635
1688,55,12,-133.67184780709107,12,-133.67184780709107
1689,2,12,-82.65429616947476,1,-7.294070267709967
1690,25,12,-93.14842757160632,3,-54.03884427687615
1691,0,12,-82.58666666666669,1,-6.8822222222222225
1692,95,12,-234.86374178545628,20,-232.40560631336535
1693,56,12,-135.54521295910172,12,-135.54521295910172
1694,70,12,-165.30890638391594,12,-165.30890638391594
1695,82,12,-196.07186924674602,12,-196.07186924674602
1696,86,12,-207.4026530580665,12,-207.4026530580665
1697,62,12,-147.492844759646,12,-147.492844759646
1698,46,12,-118.32804051309115,6,-106.95269482704867
1699,89,12,-216.25380747683084,12,-216.25380747683084
1700,77,12,-182.66516071256729,12,-182.66516071256729
1701,12,12,-85.02079284439587,1,-21.68888886194659
1702,62,12,-147.492844759646,12,-147.492844759646
1703,37,12,-105.71503806602566,6,-83.78879668536612
1704,83,12,-198.854120452488,12,-198.854120452488
1705,31,12,-98.82428562999917,6,-71.1312116538696
1706,28,12,-95.83446470521845,3,-62.525063432602536
1707,59,12,-141.367447738551,12,-141.367447738551
1708,83,12,-198.854120452488,12,-198.854120452488
1709,40,12,-109.61584921025063,6,-90.95329633472858
1710,89,12,-216.25380747683084,12,-216.25380747683084
1711,29,12,-96.79732089859871,3,-65.56666537455592
1712,28,12,-95.83446470521845,3,-62.525063432602536
1713,52,12,-128.2539228413562,6,-125.177939579655
1714,42,12,-112.38502871842148,6,-96.03901273050752
1715,10,12,-84.27710649292833,1,-17.167386388250772
1716,84,12,-201.67000297128635,12,-201.67000297128635
1717,17,12,-87.4712850103148,3,-36.095815994462484
1718,0,12,-82.58666666666669,1,-6.8822222222222225
1719,39,12,-108.28184885147208,6,-88.50324560744662
1720,38,12,-106.98157772725399,6,-86.11507655130762
1721,98,12,-244.6224017175923,20,-238.4808810119756
1722,65,12,-153.92134393244743,12,-153.92134393244743
1723,48,12,-121.50183715622016,6,-112.7805402942011
1724,86,12,-207.4026530580665,12,-207.4026530580665
1725,45,12,-116.79171153665492,6,-104.13151192781399
1726,49,12,-123.13930036828388,6,-115.78718783779036
1727,22,12,-90.76623443917929,3,-46.51097281076241
1728,92,12,-225.4075237139973,12,-225.4075237139973
1729,65,12,-153.92134393244743,12,-153.92134393244743
1730,85,12,-204.51951458063076,12,-204.51951458063076
1731,66,12,-156.13152263937536,12,-156.13152263937536
1732,32,12,-99.88838970893231,6,-73.08599843278336
1733,50,12,-124.81047053779731,6,-118.85564190652914
1734,70,12,-165.30890638391594,12,-165.30890638391594
1735,35,12,-103.28316204691019,6,-79.32193460441326
1736,23,12,-91.52653465497364,3,-48.91374309468091
1737,82,12,-196.07186924674602,12,-196.07186924674602
1738,89,12,-216.25380747683084,12,-216.25380747683084
1739,79,12,-187.92692573545764,12,-187.92692573545764
1740,27,12,-94.90536226632408,3,-59.5898777586643
1741,85,12,-204.51951458063076,12,-204.51951458063076
1742,1,12,-82.6035744145978,1,-6.9851980409108565
1743,9,12,-83.95595306941537,1,-15.214321990937147
1744,81,12,-193.3232515767758,12,-193.3232515767758
1745,11,12,-84.63205382862074,1,-19.32560286376086
1746,64,12,-151.74483656681207,12,-151.74483656681207
1747,67,12,-158.37537046268577,12,-158.37537046268577
1748,61,12,-145.41736476856974,12,-145.41736476856974
1749,54,12,-131.832176252549,6,-131.7473732422173
1750,36,12,-104.48223209634578,6,-81.52441352950547
1751,84,12,-201.67000297128635,12,-201.67000297128635
1752,19,12,-88.68794552856191,3,-39.9420506223111
1753,69,12,-162.96406455953235,12,-162.96406455953235
1754,84,12,-201.67000297128635,12,-201.67000297128635
1755,62,12,-147.492844759646,12,-147.492844759646
1756,68,12,-160.6528851776278,12,-160.6528851776278
1757,41,12,-110.98357657528959,6,-93.46522121489485
1758,80,12,-190.60826966535672,12,-190.60826966535672
1759,16,12,-86.91362107098472,1,-33.19107800413937
1760,57,12,-137.45226948237894,12,-137.45226948237894
1761,5,12,-83.00932314367421,1,-9.455237327983067
1762,96,12,-238.08302673965238,20,-234.40975389635224
1763,22,12,-90.76623443917929,3,-46.51097281076241
1764,3,12,-82.73882969802135,1,-7.808756080935194
1765,8,12,-83.66859579030925,1,-13.466492256876304
1766,62,12,-147.492844759646,12,-147.492844759646
1767,92,12,-225.4075237139973,12,-225.4075237139973
1768,41,12,-110.98357657528959,6,-93.46522121489485
1769,74,12,-175.02485362057575,12,-175.02485362057575
1770,92,12,-225.4075237139973,12,-225.4075237139973
1771,95,12,-234.86374178545628,20,-232.40560631336535
1772,11,12,-84.63205382862074,1,-19.32560286376086
1773,34,12,-102.11783014653936,6,-77.18136743158533
1774,91,12,-222.3226706914009,12,-222.3226706914009
1775,49,12,-123.13930036828388,6,-115.78718783779036
1776,71,12,-167.68740842638795,12,-167.68740842638795
1777,39,12,-108.28184885147208,6,-88.50324560744662
1778,58,12,-139.39301515084207,12,-139.39301515084207
1779,5,12,-83.00932314367421,1,-9.455237327983067
1780,73,12,-172.54538426876832,12,-172.54538426876832
1781,88,12,-213.26980172825859,12,-213.26980172825859
1782,12,12,-85.02079284439587,1,-21.68888886194659
1783,97,12,-241.33591412399238,20,-236.43484574939123
1784,59,12,-141.367447738551,12,-141.367447738551
1785,78,12,-185.27922201012348,12,-185.27922201012348
1786,15,12,-86.38973765322098,1,-30.008338880137654
1787,4,12,-82.85717276709248,1,-8.529172688515441
1788,22,12,-90.76623443917929,3,-46.51097281076241
1789,52,12,-128.2539228413562,6,-125.177939579655
1790,66,12,-156.13152263937536,12,-156.13152263937536
1791,71,12,-167.68740842638795,12,-167.68740842638795
1792,72,12,-170.09956846271837,12,-170.09956846271837
1793,5,12,-83.00932314367421,1,-9.455237327983067
1794,39,12,-108.28184885147208,6,-88.50324560744662
1795,79,12,-187.92692573545764,12,-187.92692573545764
1796,79,12,-187.92692573545764,12,-187.92692573545764
1797,41,12,-110.98357657528959,6,-93.46522121489485
1798,89,12,-216.25380747683084,12,-216.25380747683084
1799,22,12,-90.76623443917929,3,-46.51097281076241
1800,89,12,-216.25380747683084,12,-216.25380747683084
1801,89,12,-216.25380747683084,12,-216.25380747683084
1802,19,12,-88.68794552856191,3,-39.9420506223111
1803,62,12,-147.492844759646,12,-147.492844759646
1804,29,12,-96.79732089859871,3,-65.56666537455592
1805,9,12,-83.95595306941537,1,-15.214321990937147
1806,11,12,-84.63205382862074,1,-19.32560286376086
1807,99,12,-247.94248729970576,20,-240.54785882360903
1808,26,12,-94.01001581178649,3,-56.76113061721671
1809,82,12,-196.07186924674602,12,-196.07186924674602
1810,72,12,-170.09956846271837,12,-170.09956846271837
1811,1,12,-82.6035744145978,1,-6.9851980409108565
1812,99,12,-247.94248729970576,20,-240.54785882360903
1813,46,12,-118.32804051309115,6,-106.95269482704867
1814,55,12,-133.67184780709107,12,-133.67184780709107
1815,10,12,-84.27710649292833,1,-17.167386388250772
1816,74,12,-175.02485362057575,12,-175.02485362057575
1817,24,12,-92.32059977591312,3,-51.42304101039932
1818,95,12,-234.86374178545628,20,-232.40560631336535
1819,43,12,-113.8202034116098,6,-98.67466336494121
1820,91,12,-222.3226706914009,12,-222.3226706914009
1821,13,12,-85.44332130828904,1,-24.257161856809045
1822,78,12,-185.27922201012348,12,-185.27922201012348
1823,55,12,-133.67184780709107,12,-133.67184780709107
1824,5,12,-83.00932314367421,1,-9.455237327983067
1825,23,12,-91.52653465497364,3,-48.91374309468091
1826,42,12,-112.38502871842148,6,-96.03901273050752
1827,49,12,-123.13930036828388,6,-115.78718783779036
1828,75,12,-177.53797429426584,12,-177.53797429426584
1829,56,12,-135.54521295910172,12,-135.54521295910172
1830,43,12,-113.8202034116098,6,-98.67466336494121
1831,24,12,-92.32059977591312,3,-51.42304101039932
1832,81,12,-193.3232515767758,12,-193.3232515767758
1833,21,12,-90.03970135905276,3,-44.21475244382181
1834,94,12,-231.6780614823333,20,-230.42240386096492
1835,18,12,-88.0627272398999,3,-37.96561375881964
1836,63,12,-149.60200276748782,12,-149.60200276748782
1837,89,12,-216.25380747683084,12,-216.25380747683084
1838,29,12,-96.79732089859871,3,-65.56666537455592
1839,37,12,-105.71503806602566,6,-83.78879668536612
1840,49,12,-123.13930036828388,6,-115.78718783779036
1841,40,12,-109.61584921025063,6,-90.95329633472858
1842,95,12,-234.86374178545628,20,-232.40560631336535
1843,11,12,-84.63205382862074,1,-19.32560286376086
1844,56,12,-135.54521295910172,12,-135.54521295910172
1845,63,12,-149.60200276748782,12,-149.60200276748782
1846,14,12,-85.8996369884651,1,-27.0303393518663
1847,32,12,-99.88838970893231,6,-73.08599843278336
1848,65,12,-153.92134393244743,12,-153.92134393244743
1849,65,12,-153.92134393244743,12,-153.92134393244743
1850,36,12,-104.48223209634578,6,-81.52441352950547
1851,25,12,-93.14842757160632,3,-54.03884427687615
1852,76,12,-180.08474406613544,12,-180.08474406613544
1853,72,12,-170.09956846271837,12,-170.09956846271837
1854,50,12,-124.81047053779731,6,-118.85564190652914
1855,12,12,-85.02079284439587,1,-21.68888886194659
1856,24,12,-92.32059977591312,3,-51.42304101039932
1857,19,12,-88.68794552856191,3,-39.9420506223111
1858,67,12,-158.37537046268577,12,-158.37537046268577
1859,10,12,-84.27710649292833,1,-17.167386388250772
1860,7,12,-83.41503688796908,1,-11.923979800667436
1861,52,12,-128.2539228413562,6,-125.177939579655
1862,92,12,-225.4075237139973,12,-225.4075237139973
1863,14,12,-85.8996369884651,1,-27.0303393518663
1864,72,12,-170.09956846271837,12,-170.09956846271837
1865,46,12,-118.32804051309115,6,-106.95269482704867
1866,99,12,-247.94248729970576,20,-240.54785882360903
1867,35,12,-103.28316204691019,6,-79.32193460441326
1868,81,12,-193.3232515767758,12,-193.3232515767758
1869,23,12,-91.52653465497364,3,-48.91374309468091
1870,61,12,-145.41736476856974,12,-145.41736476856974
1871,53,12,-130.0262005218131,6,-128.43176816621013
1872,12,12,-85.02079284439587,1,-21.68888886194659
1873,45,12,-116.79171153665492,6,-104.13151192781399
1874,7,12,-83.41503688796908,1,-11.923979800667436
1875,47,12,-119.89808312874094,6,-109.83570678670114
1876,39,12,-108.28184885147208,6,-88.50324560744662
1877,94,12,-231.6780614823333,20,-230.42240386096492
1878,19,12,-88.68794552856191,3,-39.9420506223111
1879,50,12,-124.81047053779731,6,-118.85564190652914
1880,65,12,-153.92134393244743,12,-153.92134393244743
1881,43,12,-113.8202034116098,6,-98.67466336494121
1882,82,12,-196.07186924674602,12,-196.07186924674602
1883,78,12,-185.27922201012348,12,-185.27922201012348
1884,89,12,-216.25380747683084,12,-216.25380747683084
1885,56,12,-135.54521295910172,12,-135.54521295910172
1886,72,12,-170.09956846271837,12,-170.09956846271837
1887,50,12,-124.81047053779731,6,-118.85564190652914
1888,34,12,-102.11783014653936,6,-77.18136743158533
1889,90,12,-219.27143120512085,12,-219.27143120512085
1890,11,12,-84.63205382862074,1,-19.32560286376086
1891,11,12,-84.63205382862074,1,-19.32560286376086
1892,36,12,-104.48223209634578,6,-81.52441352950547
1893,49,12,-123.13930036828388,6,-115.78718783779036
1894,76,12,-180.08474406613544,12,-180.08474406613544
1895,81,12,-193.3232515767758,12,-193.3232515767758
1896,95,12,-234.86374178545628,20,-232.40560631336535
1897,74,12,-175.02485362057575,12,-175.02485362057575
1898,48,12,-121.50183715622016,6,-112.7805402942011
1899,74,12,-175.02485362057575,12,-175.02485362057575
1900,11,12,-84.63205382862074,1,-19.32560286376086
1901,93,12,-228.5259880514485,20,-228.46014739973276
1902,34,12,-102.11783014653936,6,-77.18136743158533
1903,74,12,-175.02485362057575,12,-175.02485362057575
1904,76,12,-180.08474406613544,12,-180.08474406613544
1905,39,12,-108.28184885147208,6,-88.50324560744662
1906,10,12,-84.27710649292833,1,-17.167386388250772
1907,2,12,-82.65429616947476,1,-7.294070267709967
1908,75,12,-177.53797429426584,12,-177.53797429426584
1909,46,12,-118.32804051309115,6,-106.95269482704867
1910,51,12,-126.51534543777501,6,-121.9858949902555
1911,41,12,-110.98357657528959,6,-93.46522121489485
1912,91,12,-222.3226706914009,12,-222.3226706914009
1913,3,12,-82.73882969802135,1,-7.808756080935194
1914,16,12,-86.91362107098472,1,-33.19107800413937
1915,63,12,-149.60200276748782,12,-149.60200276748782
1916,64,12,-151.74483656681207,12,-151.74483656681207
1917,13,12,-85.44332130828904,1,-24.257161856809045
1918,38,12,-106.98157772725399,6,-86.11507655130762
1919,4,12,-82.85717276709248,1,-8.529172688515441
1920,3,12,-82.73882969802135,1,-7.808756080935194
1921,19,12,-88.68794552856191,3,-39.9420506223111
1922,81,12,-193.3232515767758,12,-193.3232515767758
1923,16,12,-86.91362107098472,1,-33.19107800413937
1924,71,12,-167.68740842638795,12,-167.68740842638795
1925,24,12,-92.32059977591312,3,-51.42304101039932
1926,11,12,-84.63205382862074,1,-19.32560286376086
1927,22,12,-90.76623443917929,3,-46.51097281076241
1928,60,12,-143.3755650196889,12,-143.3755650196889
1929,91,12,-222.3226706914009,12,-222.3226706914009
1930,2,12,-82.65429616947476,1,-7.294070267709967
1931,8,12,-83.66859579030925,1,-13.466492256876304
1932,72,12,-170.09956846271837,12,-170.09956846271837
1933,89,12,-216.25380747683084,12,-216.25380747683084
1934,38,12,-106.98157772725399,6,-86.11507655130762
1935,52,12,-128.2539228413562,6,-125.177939579655
1936,97,12,-241.33591412399238,20,-236.43484574939123
1937,88,12,-213.26980172825859,12,-213.26980172825859
1938,63,12,-149.60200276748782,12,-149.60200276748782
1939,21,12,-90.03970135905276,3,-44.21475244382181
1940,4,12,-82.85717276709248,1,-8.529172688515441
1941,31,12,-98.82428562999917,6,-71.1312116538696
1942,75,12,-177.53797429426584,12,-177.53797429426584
1943,37,12,-105.71503806602566,6,-83.78879668536612
1944,7,12,-83.41503688796908,1,-11.923979800667436
1945,22,12,-90.76623443917929,3,-46.51097281076241
1946,42,12,-112.38502871842148,6,-96.03901273050752
1947,59,12,-141.367447738551,12,-141.367447738551
1948,95,12,-234.86374178545628,20,-232.40560631336535
1949,54,12,-131.832176252549,6,-131.7473732422173
1950,73,12,-172.54538426876832,12,-172.54538426876832
1951,51,12,-126.51534543777501,6,-121.9858949902555
1952,82,12,-196.07186924674602,12,-196.07186924674602
1953,23,12,-91.52653465497364,3,-48.91374309468091
1954,83,12,-198.854120452488,12,-198.854120452488
1955,25,12,-93.14842757160632,3,-54.03884427687615
1956,57,12,-137.45226948237894,12,-137.45226948237894
1957,69,12,-162.96406455953235,12,-162.96406455953235
1958,89,12,-216.25380747683084,12,-216.25380747683084
1959,45,12,-116.79171153665492,6,-104.13151192781399
1960,88,12,-213.26980172825859,12,-213.26980172825859
1961,51,12,-126.51534543777501,6,-121.9858949902555
1962,59,12,-141.367447738551,12,-141.367447738551
1963,44,12,-115.28909842694712,6,-101.37216560238318
1964,26,12,-94.01001581178649,3,-56.76113061721671
1965,43,12,-113.8202034116098,6,-98.67466336494121
1966,32,12,-99.88838970893231,6,-73.08599843278336
1967,30,12,-97.79392861672859,3,-68.71466132418306
1968,14,12,-85.8996369884651,1,-27.0303393518663
1969,71,12,-167.68740842638795,12,-167.68740842638795
1970,96,12,-238.08302673965238,20,-234.40975389635224
1971,61,12,-145.41736476856974,12,-145.41736476856974
1972,1,12,-82.6035744145978,1,-6.9851980409108565
1973,47,12,-119.89808312874094,6,-109.83570678670114
1974,43,12,-113.8202034116098,6,-98.67466336494121
1975,90,12,-219.27143120512085,12,-219.27143120512085
1976,15,12,-86.38973765322098,1,-30.008338880137654
1977,68,12,-160.6528851776278,12,-160.6528851776278
1978,74,12,-175.02485362057575,12,-175.02485362057575
1979,85,12,-204.51951458063076,12,-204.51951458063076
1980,39,12,-108.28184885147208,6,-88.50324560744662
1981,94,12,-231.6780614823333,20,-230.42240386096492
1982,86,12,-207.4026530580665,12,-207.4026530580665
1983,0,12,-82.58666666666669,1,-6.8822222222222225
1984,81,12,-193.3232515767758,12,-193.3232515767758
1985,58,12,-139.39301515084207,12,-139.39301515084207
1986,12,12,-85.02079284439587,1,-21.68888886194659
1987,91,12,-222.3226706914009,12,-222.3226706914009
1988,43,12,-113.8202034116098,6,-98.67466336494121
1989,54,12,-131.832176252549,6,-131.7473732422173
1990,47,12,-119.89808312874094,6,-109.83570678670114
1991,22,12,-90.76623443917929,3,-46.51097281076241
1992,31,12,-98.82428562999917,6,-71.1312116538696
1993,34,12,-102.11783014653936,6,-77.18136743158533
1994,98,12,-244.6224017175923,20,-238.4808810119756
1995,42,12,-112.38502871842148,6,-96.03901273050752
1996,68,12,-160.6528851776278,12,-160.6528851776278
1997,62,12,-147.492844759646,12,-147.492844759646
1998,36,12,-104.48223209634578,6,-81.52441352950547
1999,83,12,-198.854120452488,12,-198.854120452488
2000,44,12,-115.28909842694712,6,-101.37216560238318
2001,81,12,-193.3232515767758,12,-193.3232515767758
2002,70,12,-165.30890638391594,12,-165.30890638391594
2003,6,12,-83.19527859488348,1,-10.586867266464079
2004,48,12,-121.50183715622016,6,-112.7805402942011
2005,9,12,-83.95595306941537,1,-15.214321990937147
2006,28,12,-95.83446470521845,3,-62.525063432602536
2007,77,12,-182.66516071256729,12,-182.66516071256729
2008,56,12,-135.54521295910172,12,-135.54521295910172
2009,9,12,-83.95595306941537,1,-15.214321990937147
2010,85,12,-204.51951458063076,12,-204.51951458063076
2011,66,12,-156.13152263937536,12,-156.13152263937536
2012,9,12,-83.95595306941537,1,-15.214321990937147
2013,36,12,-104.48223209634578,6,-81.52441352950547
2014,28,12,-95.83446470521845,3,-62.525063432602536
2015,64,12,-151.74483656681207,12,-151.74483656681207
2016,74,12,-175.02485362057575,12,-175.02485362057575
2017,13,12,-85.44332130828904,1,-24.257161856809045
2018,2,12,-82.65429616947476,1,-7.294070267709967
2019,37,12,-105.71503806602566,6,-83.78879668536612
2020,71,12,-167.68740842638795,12,-167.68740842638795
2021,87,12,-210.3194161813455,12,-210.3194161813455
2022,94,12,-231.6780614823333,20,-230.42240386096492
2023,81,12,-193.3232515767758,12,-193.3232515767758
2024,3,12,-82.73882969802135,1,-7.808756080935194
2025,98,12,-244.6224017175923,20,-238.4808810119756
2026,80,12,-190.60826966535672,12,-190.60826966535672
2027,82,12,-196.07186924674602,12,-196.07186924674602
2028,50,12,-124.81047053779731,6,-118.85564190652914
2029,61,12,-145.41736476856974,12,-145.41736476856974
2030,82,12,-196.07186924674602,12,-196.07186924674602
2031,28,12,-95.83446470521845,3,-62.525063432602536
2032,35,12,-103.28316204691019,6,-79.32193460441326
2033,53,12,-130.0262005218131,6,-128.43176816621013
2034,26,12,-94.01001581178649,3,-56.76113061721671
2035,42,12,-112.38502871842148,6,-96.03901273050752
2036,46,12,-118.32804051309115,6,-106.95269482704867
2037,69,12,-162.96406455953235,12,-162.96406455953235
2038,28,12,-95.83446470521845,3,-62.525063432602536
2039,43,12,-113.8202034116098,6,-98.67466336494121
2040,83,12,-198.854120452488,12,-198.854120452488
2041,62,12,-147.492844759646,12,-147.492844759646
2042,74,12,-175.02485362057575,12,-175.02485362057575
2043,74,12,-175.02485362057575,12,-175.02485362057575
2044,9,12,-83.95595306941537,1,-15.214321990937147
2045,91,12,-222.3226706914009,12,-222.3226706914009
2046,99,12,-247.94248729970576,20,-240.54785882360903
2047,75,12,-177.53797429426584,12,-177.53797429426584
2048,96,12,-238.08302673965238,20,-234.40975389635224
2049,38,12,-106.98157772725399,6,-86.11507655130762
2050,31,12,-98.82428562999917,6,-71.1312116538696
2051,22,12,-90.76623443917929,3,-46.51097281076241
2052,91,12,-222.3226706914009,12,-222.3226706914009
2053,57,12,-137.45226948237894,12,-137.45226948237894
2054,21,12,-90.03970135905276,3,-44.21475244382181
2055,97,12,-241.33591412399238,20,-236.43484574939123
2056,61,12,-145.41736476856974,12,-145.41736476856974
2057,41,12,-110.98357657528959,6,-93.46522121489485
2058,99,12,-247.94248729970576,20,-240.54785882360903
2059,41,12,-110.98357657528959,6,-93.46522121489485
2060,23,12,-91.52653465497364,3,-48.91374309468091
2061,52,12,-128.2539228413562,6,-125.177939579655
2062,23,12,-91.52653465497364,3,-48.91374309468091
2063,72,12,-170.09956846271837,12,-170.09956846271837
2064,41,12,-110.98357657528959,6,-93.46522121489485
2065,60,12,-143.3755650196889,12,-143.3755650196889
2066,47,12,-119.89808312874094,6,-109.83570678670114
2067,15,12,-86.38973765322098,1,-30.008338880137654
2068,36,12,-104.48223209634578,6,-81.52441352950547
2069,65,12,-153.92134393244743,12,-153.92134393244743
2070,94,12,-231.6780614823333,20,-230.42240386096492
2071,42,12,-112.38502871842148,6,-96.03901273050752
2072,0,12,-82.58666666666669,1,-6.8822222222222225
2073,83,12,-198.854120452488,12,-198.854120452488
2074,6,12,-83.19527859488348,1,-10.586867266464079
2075,93,12,-228.5259880514485,20,-228.46014739973276
2076,67,12,-158.37537046268577,12,-158.37537046268577
2077,31,12,-98.82428562999917,6,-71.1312116538696
2078,29,12,-96.79732089859871,3,-65.56666537455592
2079,16,12,-86.91362107098472,1,-33.19107800413937
2080,67,12,-158.37537046268577,12,-158.37537046268577
2081,26,12,-94.01001581178649,3,-56.76113061721671
2082,6,12,-83.19527859488348,1,-10.586867266464079
2083,11,12,-84.63205382862074,1,-19.32560286376086
2084,81,12,-193.3232515767758,12,-193.3232515767758
2085,55,12,-133.67184780709107,12,-133.67184780709107
2086,43,12,-113.8202034116098,6,-98.67466336494121
2087,67,12,-158.37537046268577,12,-158.37537046268577
2088,20,12,-89.34693764525149,3,-42.025104283182344
2089,91,12,-222.3226706914009,12,-222.3226706914009
2090,92,12,-225.4075237139973,12,-225.4075237139973
2091,14,12,-85.8996369884651,1,-27.0303393518663
2092,14,12,-85.8996369884651,1,-27.0303393518663
2093,80,12,-190.60826966535672,12,-190.60826966535672
2094,99,12,-247.94248729970576,20,-240.54785882360903
2095,63,12,-149.60200276748782,12,-149.60200276748782
2096,43,12,-113.8202034116098,6,-98.67466336494121
2097,27,12,-94.90536226632408,3,-59.5898777586643
2098,87,12,-210.3194161813455,12,-210.3194161813455
2099,20,12,-89.34693764525149,3,-42.025104283182344
2100,23,12,-91.52653465497364,3,-48.91374309468091
2101,34,12,-102.11783014653936,6,-77.18136743158533
2102,32,12,-99.88838970893231,6,-73.08599843278336
2103,65,12,-153.92134393244743,12,-153.92134393244743
2104,22,12,-90.76623443917929,3,-46.51097281076241
2105,21,12,-90.03970135905276,3,-44.21475244382181
2106,57,12,-137.45226948237894,12,-137.45226948237894
2107,68,12,-160.6528851776278,12,-160.6528851776278
2108,45,12,-116.79171153665492,6,-104.13151192781399
2109,39,12,-108.28184885147208,6,-88.50324560744662
2110,24,12,-92.32059977591312,3,-51.42304101039932
2111,86,12,-207.4026530580665,12,-207.4026530580665
2112,17,12,-87.4712850103148,3,-36.095815994462484
2113,52,12,-128.2539228413562,6,-125.177939579655
2114,90,12,-219.27143120512085,12,-219.27143120512085
2115,8,12,-83.66859579030925,1,-13.466492256876304
2116,5,12,-83.00932314367421,1,-9.455237327983067
2117,97,12,-241.33591412399238,20,-236.43484574939123
2118,86,12,-207.4026530580665,12,-207.4026530580665
2119,82,12,-196.07186924674602,12,-196.07186924674602
2120,10,12,-84.27710649292833,1,-17.167386388250772
2121,62,12,-147.492844759646,12,-147.492844759646
2122,29,12,-96.79732089859871,3,-65.56666537455592
2123,11,12,-84.63205382862074,1,-19.32560286376086
2124,30,12,-97.79392861672859,3,-68.71466132418306
2125,71,12,-167.68740842638795,12,-167.68740842638795
2126,58,12,-139.39301515084207,12,-139.39301515084207
2127,94,12,-231.6780614823333,20,-230.42240386096492
2128,42,12,-112.38502871842148,6,-96.03901273050752
2129,85,12,-204.51951458063076,12,-204.51951458063076
2130,71,12,-167.68740842638795,12,-167.68740842638795
2131,25,12,-93.14842757160632,3,-54.03884427687615
2132,54,12,-131.832176252549,6,-131.7473732422173
2133,83,12,-198.854120452488,12,-198.854120452488
2134,25,12,-93.14842757160632,3,-54.03884427687615
2135,45,12,-116.79171153665492,6,-104.13151192781399
2136,3,12,-82.73882969802135,1,-7.808756080935194
2137,84,12,-201.67000297128635,12,-201.67000297128635
2138,83,12,-198.854120452488,12,-198.854120452488
2139,37,12,-105.71503806602566,6,-83.78879668536612
2140,33,12,-100.9862386241835,6,-75.10271953333199
2141,60,12,-143.3755650196889,12,-143.3755650196889
2142,89,12,-216.25380747683084,12,-216.25380747683084
2143,7,12,-83.41503688796908,1,-11.923979800667436
2144,60,12,-143.3755650196889,12,-143.3755650196889
2145,37,12,-105.71503806602566,6,-83.78879668536612
2146,84,12,-201.67000297128635,12,-201.67000297128635
2147,98,12,-244.6224017175923,20,-238.4808810119756
2148,16,12,-86.91362107098472,1,-33.19107800413937
2149,45,12,-116.79171153665492,6,-104.13151192781399
2150,39,12,-108.28184885147208,6,-88.50324560744662
2151,33,12,-100.9862386241835,6,-75.10271953333199
2152,97,12,-241.33591412399238,20,-236.43484574939123
2153,65,12,-153.92134393244743,12,-153.92134393244743
2154,73,12,-172.54538426876832,12,-172.54538426876832
2155,87,12,-210.3194161813455,12,-210.3194161813455
2156,68,12,-160.6528851776278,12,-160.6528851776278
2157,24,12,-92.32059977591312,3,-51.42304101039932
2158,6,12,-83.19527859488348,1,-10.586867266464079
2159,97,12,-241.33591412399238,20,-236.43484574939123
2160,60,12,-143.3755650196889,12,-143.3755650196889
2161,88,12,-213.26980172825859,12,-213.26980172825859
2162,61,12,-145.41736476856974,12,-145.41736476856974
2163,59,12,-141.367447738551,12,-141.367447738551
2164,74,12,-175.02485362057575,12,-175.02485362057575
2165,29,12,-96.79732089859871,3,-65.56666537455592
2166,28,12,-95.83446470521845,3,-62.525063432602536
2167,24,12,-92.32059977591312,3,-51.42304101039932
2168,3,12,-82.73882969802135,1,-7.808756080935194
2169,82,12,-196.07186924674602,12,-196.07186924674602
2170,21,12,-90.03970135905276,3,-44.21475244382181
2171,6,12,-83.19527859488348,1,-10.586867266464079
2172,84,12,-201.67000297128635,12,-201.67000297128635
2173,21,12,-90.03970135905276,3,-44.21475244382181
2174,27,12,-94.90536226632408,3,-59.5898777586643
2175,26,12,-94.01001581178649,3,-56.76113061721671
2176,89,12,-216.25380747683084,12,-216.25380747683084
2177,64,12,-151.74483656681207,12,-151.74483656681207
2178,3,12,-82.73882969802135,1,-7.808756080935194
2179,53,12,-130.0262005218131,6,-128.43176816621013
2180,37,12,-105.71503806602566,6,-83.78879668536612
2181,7,12,-83.41503688796908,1,-11.923979800667436
2182,80,12,-190.60826966535672,12,-190.60826966535672
2183,75,12,-177.53797429426584,12,-177.53797429426584
2184,11,12,-84.63205382862074,1,-19.32560286376086
2185,2,12,-82.65429616947476,1,-7.294070267709967
2186,54,12,-131.832176252549,6,-131.7473732422173
2187,5,12,-83.00932314367421,1,-9.455237327983067
2188,17,12,-87.4712850103148,3,-36.095815994462484
2189,78,12,-185.27922201012348,12,-185.27922201012348
2190,5,12,-83.00932314367421,1,-9.455237327983067
2191,78,12,-185.27922201012348,12,-185.27922201012348
2192,81,12,-193.3232515767758,12,-193.3232515767758
2193,30,12,-97.79392861672859,3,-68.71466132418306
2194,98,12,-244.6224017175923,20,-238.4808810119756
2195,3,12,-82.73882969802135,1,-7.808756080935194
2196,0,12,-82.58666666666669,1,-6.8822222222222225
2197,93,12,-228.5259880514485,20,-228.46014739973276
2198,44,12,-115.28909842694712,6,-101.37216560238318
2199,44,12,-115.28909842694712,6,-101.37216560238318
2200,61,12,-145.41736476856974,12,-145.41736476856974
2201,0,12,-82.58666666666669,1,-6.8822222222222225
2202,17,12,-87.4712850103148,3,-36.095815994462484
2203,29,12,-96.79732089859871,3,-65.56666537455592
2204,91,12,-222.3226706914009,12,-222.3226706914009
2205,34,12,-102.11783014653936,6,-77.18136743158533
2206,59,12,-141.367447738551,12,-141.367447738551
2207,21,12,-90.03970135905276,3,-44.21475244382181
2208,63,12,-149.60200276748782,12,-149.60200276748782
2209,94,12,-231.6780614823333,20,-230.42240386096492
2210,17,12,-87.4712850103148,3,-36.095815994462484
2211,38,12,-106.98157772725399,6,-86.11507655130762
2212,79,12,-187.92692573545764,12,-187.92692573545764
2213,1,12,-82.6035744145978,1,-6.9851980409108565
2214,15,12,-86.38973765322098,1,-30.008338880137654
2215,86,12,-207.4026530580665,12,-207.4026530580665
2216,17,12,-87.4712850103148,3,-36.095815994462484
2217,53,12,-130.0262005218131,6,-128.43176816621013
2218,22,12,-90.76623443917929,3,-46.51097281076241
2219,77,12,-182.66516071256729,12,-182.66516071256729
2220,47,12,-119.89808312874094,6,-109.83570678670114
2221,66,12,-156.13152263937536,12,-156.13152263937536
2222,11,12,-84.63205382862074,1,-19.32560286376086
2223,9,12,-83.95595306941537,1,-15.214321990937147
2224,40,12,-109.61584921025063,6,-90.95329633472858
2225,54,12,-131.832176252549,6,-131.7473732422173
2226,51,12,-126.51534543777501,6,-121.9858949902555
2227,47,12,-119.89808312874094,6,-109.83570678670114
2228,4,12,-82.85717276709248,1,-8.529172688515441
2229,10,12,-84.27710649292833,1,-17.167386388250772
2230,6,12,-83.19527859488348,1,-10.586867266464079
2231,44,12,-115.28909842694712,6,-101.37216560238318
2232,72,12,-170.09956846271837,12,-170.09956846271837
2233,8,12,-83.66859579030925,1,-13.466492256876304
2234,72,12,-170.09956846271837,12,-170.09956846271837
2235,18,12,-88.0627272398999,3,-37.96561375881964
2236,2,12,-82.65429616947476,1,-7.294070267709967
2237,69,12,-162.96406455953235,12,-162.96406455953235
2238,93,12,-228.5259880514485,20,-228.46014739973276
2239,29,12,-96.79732089859871,3,-65.56666537455592
2240,27,12,-94.90536226632408,3,-59.5898777586643
2241,17,12,-87.4712850103148,3,-36.095815994462484
2242,58,12,-139.39301515084207,12,-139.39301515084207
2243,11,12,-84.63205382862074,1,-19.32560286376086
2244,49,12,-123.13930036828388,6,-115.78718783779036
2245,72,12,-170.09956846271837,12,-170.09956846271837
2246,88,12,-213.26980172825859,12,-213.26980172825859
2247,3,12,-82.73882969802135,1,-7.808756080935194
2248,11,12,-84.63205382862074,1,-19.32560286376086
2249,57,12,-137.45226948237894,12,-137.45226948237894
2250,50,12,-124.81047053779731,6,-118.85564190652914
2251,15,12,-86.38973765322098,1,-30.008338880137654
2252,57,12,-137.45226948237894,12,-137.45226948237894
2253,3,12,-82.73882969802135,1,-7.808756080935194
2254,60,12,-143.3755650196889,12,-143.3755650196889
2255,39,12,-108.28184885147208,6,-88.50324560744662
2256,85,12,-204.51951458063076,12,-204.51951458063076
2257,29,12,-96.79732089859871,3,-65.56666537455592
2258,53,12,-130.0262005218131,6,-128.43176816621013
2259,67,12,-158.37537046268577,12,-158.37537046268577
2260,56,12,-135.54521295910172,12,-135.54521295910172
2261,75,12,-177.53797429426584,12,-177.53797429426584
2262,79,12,-187.92692573545764,12,-187.92692573545764
2263,45,12,-116.79171153665492,6,-104.13151192781399
2264,90,12,-219.27143120512085,12,-219.27143120512085
2265,79,12,-187.92692573545764,12,-187.92692573545764
2266,97,12,-241.33591412399238,20,-236.43484574939123
2267,11,12,-84.63205382862074,1,-19.32560286376086
2268,5,12,-83.00932314367421,1,-9.455237327983067
2269,30,12,-97.79392861672859,3,-68.71466132418306
2270,58,12,-139.39301515084207,12,-139.39301515084207
2271,68,12,-160.6528851776278,12,-160.6528851776278
2272,59,12,-141.367447738551,12,-141.367447738551
2273,32,12,-99.88838970893231,6,-73.08599843278336
2274,37,12,-105.71503806602566,6,-83.78879668536612
2275,43,12,-113.8202034116098,6,-98.67466336494121
2276,60,12,-143.3755650196889,12,-143.3755650196889
2277,45,12,-116.79171153665492,6,-104.13151192781399
2278,29,12,-96.79732089859871,3,-65.56666537455592
2279,27,12,-94.90536226632408,3,-59.5898777586643
2280,27,12,-94.90536226632408,3,-59.5898777586643
2281,29,12,-96.79732089859871,3,-65.56666537455592
2282,72,12,-170.09956846271837,12,-170.09956846271837
2283,75,12,-177.53797429426584,12,-177.53797429426584
2284,97,12,-241.33591412399238,20,-236.43484574939123
2285,78,12,-185.27922201012348,12,-185.27922201012348
2286,38,12,-106.98157772725399,6,-86.11507655130762
2287,11,12,-84.63205382862074,1,-19.32560286376086
2288,74,12,-175.02485362057575,12,-175.02485362057575
2289,89,12,-216.25380747683084,12,-216.25380747683084
2290,32,12,-99.88838970893231,6,-73.08599843278336
2291,50,12,-124.81047053779731,6,-118.85564190652914
2292,40,12,-109.61584921025063,6,-90.95329633472858
2293,70,12,-165.30890638391594,12,-165.30890638391594
2294,30,12,-97.79392861672859,3,-68.71466132418306
2295,22,12,-90.76623443917929,3,-46.51097281076241
2296,75,12,-177.53797429426584,12,-177.53797429426584
2297,35,12,-103.28316204691019,6,-79.32193460441326
2298,84,12,-201.67000297128635,12,-201.67000297128635
2299,68,12,-160.6528851776278,12,-160.6528851776278
2300,63,12,-149.60200276748782,12,-149.60200276748782
2301,4,12,-82.85717276709248,1,-8.529172688515441
2302,49,12,-123.13930036828388,6,-115.78718783779036
2303,29,12,-96.79732089859871,3,-65.56666537455592
2304,63,12,-149.60200276748782,12,-149.60200276748782
2305,61,12,-145.41736476856974,12,-145.41736476856974
2306,91,12,-222.3226706914009,12,-222.3226706914009
2307,83,12,-198.854120452488,12,-198.854120452488
2308,90,12,-219.27143120512085,12,-219.27143120512085
2309,26,12,-94.01001581178649,3,-56.76113061721671
2310,73,12,-172.54538426876832,12,-172.54538426876832
2311,50,12,-124.81047053779731,6,-118.85564190652914
2312,95,12,-234.86374178545628,20,-232.40560631336535
2313,94,12,-231.6780614823333,20,-230.42240386096492
2314,17,12,-87.4712850103148,3,-36.095815994462484
2315,71,12,-167.68740842638795,12,-167.68740842638795
2316,56,12,-135.54521295910172,12,-135.54521295910172
2317,35,12,-103.28316204691019,6,-79.32193460441326
2318,73,12,-172.54538426876832,12,-172.54538426876832
2319,92,12,-225.4075237139973,12,-225.4075237139973
2320,47,12,-119.89808312874094,6,-109.83570678670114
2321,48,12,-121.50183715622016,6,-112.7805402942011
2322,71,12,-167.68740842638795,12,-167.68740842638795
2323,67,12,-158.37537046268577,12,-158.37537046268577
2324,71,12,-167.68740842638795,12,-167.68740842638795
2325,62,12,-147.492844759646,12,-147.492844759646
2326,72,12,-170.09956846271837,12,-170.09956846271837
2327,37,12,-105.71503806602566,6,-83.78879668536612
2328,5,12,-83.00932314367421,1,-9.455237327983067
2329,97,12,-241.33591412399238,20,-236.43484574939123
2330,55,12,-133.67184780709107,12,-133.67184780709107
2331,92,12,-225.4075237139973,12,-225.4075237139973
2332,46,12,-118.32804051309115,6,-106.95269482704867
2333,38,12,-106.98157772725399,6,-86.11507655130762
2334,49,12,-123.13930036828388,6,-115.78718783779036
2335,8,12,-83.66859579030925,1,-13.466492256876304
2336,65,12,-153.92134393244743,12,-153.92134393244743
2337,66,12,-156.13152263937536,12,-156.13152263937536
2338,62,12,-147.492844759646,12,-147.492844759646
2339,16,12,-86.91362107098472,1,-33.19107800413937
2340,61,12,-145.41736476856974,12,-145.41736476856974
2341,66,12,-156.13152263937536,12,-156.13152263937536
2342,11,12,-84.63205382862074,1,-19.32560286376086
2343,31,12,-98.82428562999917,6,-71.1312116538696
2344,10,12,-84.27710649292833,1,-17.167386388250772
2345,20,12,-89.34693764525149,3,-42.025104283182344
2346,14,12,-85.8996369884651,1,-27.0303393518663
2347,52,12,-128.2539228413562,6,-125.177939579655
2348,71,12,-167.68740842638795,12,-167.68740842638795
2349,29,12,-96.79732089859871,3,-65.56666537455592
2350,5,12,-83.00932314367421,1,-9.455237327983067
2351,14,12,-85.8996369884651,1,-27.0303393518663
2352,79,12,-187.92692573545764,12,-187.92692573545764
2353,51,12,-126.51534543777501,6,-121.9858949902555
2354,32,12,-99.88838970893231,6,-73.08599843278336
2355,23,12,-91.52653465497364,3,-48.91374309468091
2356,91,12,-222.3226706914009,12,-222.3226706914009
2357,6,12,-83.19527859488348,1,-10.586867266464079
2358,73,12,-172.54538426876832,12,-172.54538426876832
2359,65,12,-153.92134393244743,12,-153.92134393244743
2360,75,12,-177.53797429426584,12,-177.53797429426584
2361,87,12,-210.3194161813455,12,-210.3194161813455
2362,70,12,-165.30890638391594,12,-165.30890638391594
2363,40,12,-109.61584921025063,6,-90.95329633472858
2364,60,12,-143.3755650196889,12,-143.3755650196889
2365,36,12,-104.48223209634578,6,-81.52441352950547
2366,12,12,-85.02079284439587,1,-21.68888886194659
2367,35,12,-103.28316204691019,6,-79.32193460441326
2368,62,12,-147.492844759646,12,-147.492844759646
2369,69,12,-162.96406455953235,12,-162.96406455953235
2370,62,12,-147.492844759646,12,-147.492844759646
2371,58,12,-139.39301515084207,12,-139.39301515084207
2372,76,12,-180.08474406613544,12,-180.08474406613544
2373,18,12,-88.0627272398999,3,-37.96561375881964
2374,0,12,-82.58666666666669,1,-6.8822222222222225
2375,1,12,-82.6035744145978,1,-6.9851980409108565
2376,84,12,-201.67000297128635,12,-201.67000297128635
2377,77,12,-182.66516071256729,12,-182.66516071256729
2378,90,12,-219.27143120512085,12,-219.27143120512085
2379,21,12,-90.03970135905276,3,-44.21475244382181
2380,78,12,-185.27922201012348,12,-185.27922201012348
2381,13,12,-85.44332130828904,1,-24.257161856809045
2382,67,12,-158.37537046268577,12,-158.37537046268577
2383,17,12,-87.4712850103148,3,-36.095815994462484
2384,5,12,-83.00932314367421,1,-9.455237327983067
2385,26,12,-94.01001581178649,3,-56.76113061721671
2386,63,12,-149.60200276748782,12,-149.60200276748782
2387,27,12,-94.90536226632408,3,-59.5898777586643
2388,41,12,-110.98357657528959,6,-93.46522121489485
2389,13,12,-85.44332130828904,1,-24.257161856809045
2390,45,12,-116.79171153665492,6,-104.13151192781399
2391,48,12,-121.50183715622016,6,-112.7805402942011
2392,56,12,-135.54521295910172,12,-135.54521295910172
2393,58,12,-139.39301515084207,12,-139.39301515084207
2394,17,12,-87.4712850103148,3,-36.095815994462484
2395,86,12,-207.4026530580665,12,-207.4026530580665
2396,95,12,-234.86374178545628,20,-232.40560631336535
2397,89,12,-216.25380747683084,12,-216.25380747683084
2398,92,12,-225.4075237139973,12,-225.4075237139973
2399,77,12,-182.66516071256729,12,-182.66516071256729
2400,7,12,-83.41503688796908,1,-11.923979800667436
2401,26,12,-94.01001581178649,3,-56.76113061721671
2402,17,12,-87.4712850103148,3,-36.095815994462484
2403,68,12,-160.6528851776278,12,-160.6528851776278
2404,43,12,-113.8202034116098,6,-98.67466336494121
2405,47,12,-119.89808312874094,6,-109.83570678670114
2406,94,12,-231.6780614823333,20,-230.42240386096492
2407,92,12,-225.4075237139973,12,-225.4075237139973
2408,72,12,-170.09956846271837,12,-170.09956846271837
2409,58,12,-139.39301515084207,12,-139.39301515084207
2410,27,12,-94.90536226632408,3,-59.5898777586643
2411,6,12,-83.19527859488348,1,-10.586867266464079
2412,7,12,-83.41503688796908,1,-11.923979800667436
2413,53,12,-130.0262005218131,6,-128.43176816621013
2414,26,12,-94.01001581178649,3,-56.76113061721671
2415,75,12,-177.53797429426584,12,-177.53797429426584
2416,37,12,-105.71503806602566,6,-83.78879668536612
2417,93,12,-228.5259880514485,20,-228.46014739973276
2418,49,12,-123.13930036828388,6,-115.78718783779036
2419,20,12,-89.34693764525149,3,-42.025104283182344
2420,93,12,-228.5259880514485,20,-228.46014739973276
2421,56,12,-135.54521295910172,12,-135.54521295910172
2422,61,12,-145.41736476856974,12,-145.41736476856974
2423,55,12,-133.67184780709107,12,-133.67184780709107
2424,92,12,-225.4075237139973,12,-225.4075237139973
2425,23,12,-91.52653465497364,3,-48.91374309468091
2426,57,12,-137.45226948237894,12,-137.45226948237894
2427,9,12,-83.95595306941537,1,-15.214321990937147
2428,0,12,-82.58666666666669,1,-6.8822222222222225
2429,19,12,-88.68794552856191,3,-39.9420506223111
2430,71,12,-167.68740842638795,12,-167.68740842638795
2431,50,12,-124.81047053779731,6,-118.85564190652914
2432,38,12,-106.98157772725399,6,-86.11507655130762
2433,67,12,-158.37537046268577,12,-158.37537046268577
2434,30,12,-97.79392861672859,3,-68.71466132418306
2435,37,12,-105.71503806602566,6,-83.78879668536612
2436,56,12,-135.54521295910172,12,-135.54521295910172
2437,5,12,-83.00932314367421,1,-9.455237327983067
2438,59,12,-141.367447738551,12,-141.367447738551
2439,80,12,-190.60826966535672,12,-190.60826966535672
2440,90,12,-219.27143120512085,12,-219.27143120512085
2441,61,12,-145.41736476856974,12,-145.41736476856974
2442,31,12,-98.82428562999917,6,-71.1312116538696
2443,70,12,-165.30890638391594,12,-165.30890638391594
2444,89,12,-216.25380747683084,12,-216.25380747683084
2445,75,12,-177.53797429426584,12,-177.53797429426584
2446,17,12,-87.4712850103148,3,-36.095815994462484
2447,31,12,-98.82428562999917,6,-71.1312116538696
2448,31,12,-98.82428562999917,6,-71.1312116538696
2449,84,12,-201.67000297128635,12,-201.67000297128635
2450,90,12,-219.27143120512085,12,-219.27143120512085
2451,39,12,-108.28184885147208,6,-88.50324560744662
2452,50,12,-124.81047053779731,6,-118.85564190652914
2453,74,12,-175.02485362057575,12,-175.02485362057575
2454,38,12,-106.98157772725399,6,-86.11507655130762
2455,68,12,-160.6528851776278,12,-160.6528851776278
2456,39,12,-108.28184885147208,6,-88.50324560744662
2457,79,12,-187.92692573545764,12,-187.92692573545764
2458,13,12,-85.44332130828904,1,-24.257161856809045
2459,35,12,-103.28316204691019,6,-79.32193460441326
2460,11,12,-84.63205382862074,1,-19.32560286376086
2461,75,12,-177.53797429426584,12,-177.53797429426584
2462,54,12,-131.832176252549,6,-131.7473732422173
2463,36,12,-104.48223209634578,6,-81.52441352950547
2464,82,12,-196.07186924674602,12,-196.07186924674602
2465,75,12,-177.53797429426584,12,-177.53797429426584
2466,51,12,-126.51534543777501,6,-121.9858949902555
2467,34,12,-102.11783014653936,6,-77.18136743158533
2468,58,12,-139.39301515084207,12,-139.39301515084207
2469,80,12,-190.60826966535672,12,-190.60826966535672
2470,28,12,-95.83446470521845,3,-62.525063432602536
2471,9,12,-83.95595306941537,1,-15.214321990937147
2472,8,12,-83.66859579030925,1,-13.466492256876304
2473,17,12,-87.4712850103148,3,-36.095815994462484
2474,92,12,-225.4075237139973,12,-225.4075237139973
2475,25,12,-93.14842757160632,3,-54.03884427687615
2476,94,12,-231.6780614823333,20,-230.42240386096492
2477,59,12,-141.367447738551,12,-141.367447738551
2478,94,12,-231.6780614823333,20,-230.42240386096492
2479,59,12,-141.367447738551,12,-141.367447738551
2480,58,12,-139.39301515084207,12,-139.39301515084207
2481,18,12,-88.0627272398999,3,-37.96561375881964
2482,12,12,-85.02079284439587,1,-21.68888886194659
2483,1,12,-82.6035744145978,1,-6.9851980409108565
2484,27,12,-94.90536226632408,3,-59.5898777586643
2485,10,12,-84.27710649292833,1,-17.167386388250772
2486,67,12,-158.37537046268577,12,-158.37537046268577
2487,61,12,-145.41736476856974,12,-145.41736476856974
2488,16,12,-86.91362107098472,1,-33.19107800413937
2489,27,12,-94.90536226632408,3,-59.5898777586643
2490,6,12,-83.19527859488348,1,-10.586867266464079
2491,0,12,-82.58666666666669,1,-6.8822222222222225
2492,7,12,-83.41503688796908,1,-11.923979800667436
2493,25,12,-93.14842757160632,3,-54.03884427687615
2494,67,12,-158.37537046268577,12,-158.37537046268577
2495,59,12,-141.367447738551,12,-141.367447738551
2496,36,12,-104.48223209634578,6,-81.52441352950547
2497,44,12,-115.28909842694712,6,-101.37216560238318
2498,85,12,-204.51951458063076,12,-204.51951458063076
2499,72,12,-170.09956846271837,12,-170.09956846271837
2500,38,12,-106.98157772725399,6,-86.11507655130762
2501,42,12,-112.38502871842148,6,-96.03901273050752
2502,97,12,-241.33591412399238,20,-236.43484574939123
2503,36,12,-104.48223209634578,6,-81.52441352950547
2504,68,12,-160.6528851776278,12,-160.6528851776278
2505,91,12,-222.3226706914009,12,-222.3226706914009
2506,13,12,-85.44332130828904,1,-24.257161856809045
2507,13,12,-85.44332130828904,1,-24.257161856809045
2508,41,12,-110.98357657528959,6,-93.46522121489485
2509,72,12,-170.09956846271837,12,-170.09956846271837
2510,6,12,-83.19527859488348,1,-10.586867266464079
2511,94,12,-231.6780614823333,20,-230.42240386096492
2512,12,12,-85.02079284439587,1,-21.68888886194659
2513,98,12,-244.6224017175923,20,-238.4808810119756
2514,3,12,-82.73882969802135,1,-7.808756080935194
2515,16,12,-86.91362107098472,1,-33.19107800413937
2516,5,12,-83.00932314367421,1,-9.455237327983067
2517,40,12,-109.61584921025063,6,-90.95329633472858
2518,55,12,-133.67184780709107,12,-133.67184780709107
2519,29,12,-96.79732089859871,3,-65.56666537455592
2520,53,12,-130.0262005218131,6,-128.43176816621013
2521,22,12,-90.76623443917929,3,-46.51097281076241
2522,23,12,-91.52653465497364,3,-48.91374309468091
2523,36,12,-104.48223209634578,6,-81.52441352950547
2524,59,12,-141.367447738551,12,-141.367447738551
2525,34,12,-102.11783014653936,6,-77.18136743158533
2526,70,12,-165.30890638391594,12,-165.30890638391594
2527,6,12,-83.19527859488348,1,-10.586867266464079
2528,88,12,-213.26980172825859,12,-213.26980172825859
2529,76,12,-180.08474406613544,12,-180.08474406613544
2530,17,12,-87.4712850103148,3,-36.095815994462484
2531,95,12,-234.86374178545628,20,-232.40560631336535
2532,48,12,-121.50183715622016,6,-112.7805402942011
2533,37,12,-105.71503806602566,6,-83.78879668536612
2534,0,12,-82.58666666666669,1,-6.8822222222222225
2535,74,12,-175.02485362057575,12,-175.02485362057575
2536,4,12,-82.85717276709248,1,-8.529172688515441
2537,95,12,-234.86374178545628,20,-232.40560631336535
2538,60,12,-143.3755650196889,12,-143.3755650196889
2539,10,12,-84.27710649292833,1,-17.167386388250772
2540,29,12,-96.79732089859871,3,-65.56666537455592
2541,97,12,-241.33591412399238,20,-236.43484574939123
2542,13,12,-85.44332130828904,1,-24.257161856809045
2543,19,12,-88.68794552856191,3,-39.9420506223111
2544,41,12,-110.98357657528959,6,-93.46522121489485
2545,76,12,-180.08474406613544,12,-180.08474406613544
2546,44,12,-115.28909842694712,6,-101.37216560238318
2547,51,12,-126.51534543777501,6,-121.9858949902555
2548,16,12,-86.91362107098472,1,-33.19107800413937
2549,37,12,-105.71503806602566,6,-83.78879668536612
2550,14,12,-85.8996369884651,1,-27.0303393518663
2551,36,12,-104.48223209634578,6,-81.52441352950547
2552,4,12,-82.85717276709248,1,-8.529172688515441
2553,47,12,-119.89808312874094,6,-109.83570678670114
2554,0,12,-82.58666666666669,1,-6.8822222222222225
2555,49,12,-123.13930036828388,6,-115.78718783779036
2556,37,12,-105.71503806602566,6,-83.78879668536612
2557,75,12,-177.53797429426584,12,-177.53797429426584
2558,44,12,-115.28909842694712,6,-101.37216560238318
2559,69,12,-162.96406455953235,12,-162.96406455953235
2560,16,12,-86.91362107098472,1,-33.19107800413937
2561,16,12,-86.91362107098472,1,-33.19107800413937
2562,10,12,-84.27710649292833,1,-17.167386388250772
2563,5,12,-83.00932314367421,1,-9.455237327983067
2564,23,12,-91.52653465497364,3,-48.91374309468091
2565,47,12,-119.89808312874094,6,-109.83570678670114
2566,67,12,-158.37537046268577,12,-158.37537046268577
2567,38,12,-106.98157772725399,6,-86.11507655130762
2568,18,12,-88.0627272398999,3,-37.96561375881964
2569,94,12,-231.6780614823333,20,-230.42240386096492
2570,80,12,-190.60826966535672,12,-190.60826966535672
2571,31,12,-98.82428562999917,6,-71.1312116538696
2572,42,12,-112.38502871842148,6,-96.03901273050752
2573,47,12,-119.89808312874094,6,-109.83570678670114
2574,21,12,-90.03970135905276,3,-44.21475244382181
2575,97,12,-241.33591412399238,20,-236.43484574939123
2576,55,12,-133.67184780709107,12,-133.67184780709107
2577,74,12,-175.02485362057575,12,-175.02485362057575
2578,31,12,-98.82428562999917,6,-71.1312116538696
2579,83,12,-198.854120452488,12,-198.854120452488
2580,66,12,-156.13152263937536,12,-156.13152263937536
2581,19,12,-88.68794552856191,3,-39.9420506223111
2582,31,12,-98.82428562999917,6,-71.1312116538696
2583,19,12,-88.68794552856191,3,-39.9420506223111
2584,39,12,-108.28184885147208,6,-88.50324560744662
2585,39,12,-108.28184885147208,6,-88.50324560744662
2586,61,12,-145.41736476856974,12,-145.41736476856974
2587,97,12,-241.33591412399238,20,-236.43484574939123
2588,44,12,-115.28909842694712,6,-101.37216560238318
2589,54,12,-131.832176252549,6,-131.7473732422173
2590,94,12,-231.6780614823333,20,-230.42240386096492
2591,62,12,-147.492844759646,12,-147.492844759646
2592,76,12,-180.08474406613544,12,-180.08474406613544
2593,16,12,-86.91362107098472,1,-33.19107800413937
2594,80,12,-190.60826966535672,12,-190.60826966535672
2595,6,12,-83.19527859488348,1,-10.586867266464079
2596,68,12,-160.6528851776278,12,-160.6528851776278
2597,45,12,-116.79171153665492,6,-104.13151192781399
2598,84,12,-201.67000297128635,12,-201.67000297128635
2599,30,12,-97.79392861672859,3,-68.71466132418306
2600,76,12,-180.08474406613544,12,-180.08474406613544
2601,53,12,-130.0262005218131,6,-128.43176816621013
2602,33,12,-100.9862386241835,6,-75.10271953333199
2603,90,12,-219.27143120512085,12,-219.27143120512085
2604,18,12,-88.0627272398999,3,-37.96561375881964
2605,6,12,-83.19527859488348,1,-10.586867266464079
2606,2,12,-82.65429616947476,1,-7.294070267709967
2607,26,12,-94.01001581178649,3,-56.76113061721671
2608,25,12,-93.14842757160632,3,-54.03884427687615
2609,13,12,-85.44332130828904,1,-24.257161856809045
2610,63,12,-149.60200276748782,12,-149.60200276748782
2611,91,12,-222.3226706914009,12,-222.3226706914009
2612,62,12,-147.492844759646,12,-147.492844759646
2613,57,12,-137.45226948237894,12,-137.45226948237894
2614,37,12,-105.71503806602566,6,-83.78879668536612
2615,45,12,-116.79171153665492,6,-104.13151192781399
2616,21,12,-90.03970135905276,3,-44.21475244382181
2617,69,12,-162.96406455953235,12,-162.96406455953235
2618,49,12,-123.13930036828388,6,-115.78718783779036
2619,25,12,-93.14842757160632,3,-54.03884427687615
2620,12,12,-85.02079284439587,1,-21.68888886194659
2621,52,12,-128.2539228413562,6,-125.177939579655
2622,70,12,-165.30890638391594,12,-165.30890638391594
2623,47,12,-119.89808312874094,6,-109.83570678670114
2624,73,12,-172.54538426876832,12,-172.54538426876832
2625,10,12,-84.27710649292833,1,-17.167386388250772
2626,72,12,-170.09956846271837,12,-170.09956846271837
2627,90,12,-219.27143120512085,12,-219.27143120512085
2628,16,12,-86.91362107098472,1,-33.19107800413937
2629,95,12,-234.86374178545628,20,-232.40560631336535
2630,94,12,-231.6780614823333,20,-230.42240386096492
2631,38,12,-106.98157772725399,6,-86.11507655130762
2632,48,12,-121.50183715622016,6,-112.7805402942011
2633,60,12,-143.3755650196889,12,-143.3755650196889
2634,6,12,-83.19527859488348,1,-10.586867266464079
2635,70,12,-165.30890638391594,12,-165.30890638391594
2636,1,12,-82.6035744145978,1,-6.9851980409108565
2637,63,12,-149.60200276748782,12,-149.60200276748782
2638,65,12,-153.92134393244743,12,-153.92134393244743
2639,21,12,-90.03970135905276,3,-44.21475244382181
2640,46,12,-118.32804051309115,6,-106.95269482704867
2641,0,12,-82.58666666666669,1,-6.8822222222222225
2642,86,12,-207.4026530580665,12,-207.4026530580665
2643,36,12,-104.48223209634578,6,-81.52441352950547
2644,26,12,-94.01001581178649,3,-56.76113061721671
2645,20,12,-89.34693764525149,3,-42.025104283182344
2646,84,12,-201.67000297128635,12,-201.67000297128635
2647,34,12,-102.11783014653936,6,-77.18136743158533
2648,61,12,-145.41736476856974,12,-145.41736476856974
2649,30,12,-97.79392861672859,3,-68.71466132418306
2650,27,12,-94.90536226632408,3,-59.5898777586643
2651,73,12,-172.54538426876832,12,-172.54538426876832
2652,72,12,-170.09956846271837,12,-170.09956846271837
2653,52,12,-128.2539228413562,6,-125.177939579655
2654,84,12,-201.67000297128635,12,-201.67000297128635
2655,23,12,-91.52653465497364,3,-48.91374309468091
2656,62,12,-147.492844759646,12,-147.492844759646
2657,48,12,-121.50183715622016,6,-112.7805402942011
2658,59,12,-141.367447738551,12,-141.367447738551
2659,43,12,-113.8202034116098,6,-98.67466336494121
2660,42,12,-112.38502871842148,6,-96.03901273050752
2661,13,12,-85.44332130828904,1,-24.257161856809045
2662,9,12,-83.95595306941537,1,-15.214321990937147
2663,27,12,-94.90536226632408,3,-59.5898777586643
2664,90,12,-219.27143120512085,12,-219.27143120512085
2665,34,12,-102.11783014653936,6,-77.18136743158533
2666,70,12,-165.30890638391594,12,-165.30890638391594
2667,41,12,-110.98357657528959,6,-93.46522121489485
2668,37,12,-105.71503806602566,6,-83.78879668536612
2669,6,12,-83.19527859488348,1,-10.586867266464079
2670,58,12,-139.39301515084207,12,-139.39301515084207
2671,85,12,-204.51951458063076,12,-204.51951458063076
2672,3,12,-82.73882969802135,1,-7.808756080935194
2673,75,12,-177.53797429426584,12,-177.53797429426584
2674,11,12,-84.63205382862074,1,-19.32560286376086
2675,29,12,-96.79732089859871,3,-65.56666537455592
2676,78,12,-185.27922201012348,12,-185.27922201012348
2677,83,12,-198.854120452488,12,-198.854120452488
2678,26,12,-94.01001581178649,3,-56.76113061721671
2679,80,12,-190.60826966535672,12,-190.60826966535672
2680,35,12,-103.28316204691019,6,-79.32193460441326
2681,52,12,-128.2539228413562,6,-125.177939579655
2682,17,12,-87.4712850103148,3,-36.095815994462484
2683,80,12,-190.60826966535672,12,-190.60826966535672
2684,10,12,-84.27710649292833,1,-17.167386388250772
2685,60,12,-143.3755650196889,12,-143.3755650196889
2686,73,12,-172.54538426876832,12,-172.54538426876832
2687,99,12,-247.94248729970576,20,-240.54785882360903
2688,25,12,-93.14842757160632,3,-54.03884427687615
2689,26,12,-94.01001581178649,3,-56.76113061721671
2690,51,12,-126.51534543777501,6,-121.9858949902555
2691,79,12,-187.92692573545764,12,-187.92692573545764
2692,27,12,-94.90536226632408,3,-59.5898777586643
2693,4,12,-82.85717276709248,1,-8.529172688515441
2694,85,12,-204.51951458063076,12,-204.51951458063076
2695,53,12,-130.0262005218131,6,-128.43176816621013
2696,23,12,-91.52653465497364,3,-48.91374309468091
2697,22,12,-90.76623443917929,3,-46.51097281076241
2698,92,12,-225.4075237139973,12,-225.4075237139973
2699,43,12,-113.8202034116098,6,-98.67466336494121
2700,6,12,-83.19527859488348,1,-10.586867266464079
2701,13,12,-85.44332130828904,1,-24.257161856809045
2702,77,12,-182.66516071256729,12,-182.66516071256729
2703,17,12,-87.4712850103148,3,-36.095815994462484
2704,40,12,-109.61584921025063,6,-90.95329633472858
2705,94,12,-231.6780614823333,20,-230.42240386096492
2706,68,12,-160.6528851776278,12,-160.6528851776278
2707,18,12,-88.0627272398999,3,-37.96561375881964
2708,2,12,-82.65429616947476,1,-7.294070267709967
2709,27,12,-94.90536226632408,3,-59.5898777586643
2710,8,12,-83.66859579030925,1,-13.466492256876304
2711,79,12,-187.92692573545764,12,-187.92692573545764
2712,51,12,-126.51534543777501,6,-121.9858949902555
2713,87,12,-210.3194161813455,12,-210.3194161813455
2714,47,12,-119.89808312874094,6,-109.83570678670114
2715,63,12,-149.60200276748782,12,-149.60200276748782
2716,30,12,-97.79392861672859,3,-68.71466132418306
2717,13,12,-85.44332130828904,1,-24.257161856809045
2718,92,12,-225.4075237139973,12,-225.4075237139973
2719,46,12,-118.32804051309115,6,-106.95269482704867
2720,14,12,-85.8996369884651,1,-27.0303393518663
2721,46,12,-118.32804051309115,6,-106.95269482704867
2722,45,12,-116.79171153665492,6,-104.13151192781399
2723,97,12,-241.33591412399238,20,-236.43484574939123
2724,4,12,-82.85717276709248,1,-8.529172688515441
2725,10,12,-84.27710649292833,1,-17.167386388250772
2726,63,12,-149.60200276748782,12,-149.60200276748782
2727,18,12,-88.0627272398999,3,-37.96561375881964
2728,72,12,-170.09956846271837,12,-170.09956846271837
2729,58,12,-139.39301515084207,12,-139.39301515084207
2730,73,12,-172.54538426876832,12,-172.54538426876832
2731,13,12,-85.44332130828904,1,-24.257161856809045
2732,12,12,-85.02079284439587,1,-21.68888886194659
2733,29,12,-96.79732089859871,3,-65.56666537455592
2734,78,12,-185.27922201012348,12,-185.27922201012348
2735,77,12,-182.66516071256729,12,-182.66516071256729
2736,9,12,-83.95595306941537,1,-15.214321990937147
2737,46,12,-118.32804051309115,6,-106.95269482704867
2738,60,12,-143.3755650196889,12,-143.3755650196889
2739,76,12,-180.08474406613544,12,-180.08474406613544
2740,29,12,-96.79732089859871,3,-65.56666537455592
2741,75,12,-177.53797429426584,12,-177.53797429426584
2742,24,12,-92.32059977591312,3,-51.42304101039932
2743,59,12,-141.367447738551,12,-141.367447738551
2744,72,12,-170.09956846271837,12,-170.09956846271837
2745,15,12,-86.38973765322098,1,-30.008338880137654
2746,54,12,-131.832176252549,6,-131.7473732422173
2747,32,12,-99.88838970893231,6,-73.08599843278336
2748,80,12,-190.60826966535672,12,-190.60826966535672
2749,11,12,-84.63205382862074,1,-19.32560286376086
2750,15,12,-86.38973765322098,1,-30.008338880137654
2751,25,12,-93.14842757160632,3,-54.03884427687615
2752,21,12,-90.03970135905276,3,-44.21475244382181
2753,22,12,-90.76623443917929,3,-46.51097281076241
2754,81,12,-193.3232515767758,12,-193.3232515767758
2755,92,12,-225.4075237139973,12,-225.4075237139973
2756,91,12,-222.3226706914009,12,-222.3226706914009
2757,72,12,-170.09956846271837,12,-170.09956846271837
2758,91,12,-222.3226706914009,12,-222.3226706914009
2759,92,12,-225.4075237139973,12,-225.4075237139973
2760,99,12,-247.94248729970576,20,-240.54785882360903
2761,30,12,-97.79392861672859,3,-68.71466132418306
2762,41,12,-110.98357657528959,6,-93.46522121489485
2763,9,12,-83.95595306941537,1,-15.214321990937147
2764,52,12,-128.2539228413562,6,-125.177939579655
2765,43,12,-113.8202034116098,6,-98.67466336494121
2766,81,12,-193.3232515767758,12,-193.3232515767758
2767,50,12,-124.81047053779731,6,-118.85564190652914
2768,16,12,-86.91362107098472,1,-33.19107800413937
2769,64,12,-151.74483656681207,12,-151.74483656681207
2770,26,12,-94.01001581178649,3,-56.76113061721671
2771,7,12,-83.41503688796908,1,-11.923979800667436
2772,54,12,-131.832176252549,6,-131.7473732422173
2773,82,12,-196.07186924674602,12,-196.07186924674602
2774,58,12,-139.39301515084207,12,-139.39301515084207
2775,75,12,-177.53797429426584,12,-177.53797429426584
2776,57,12,-137.45226948237894,12,-137.45226948237894
2777,58,12,-139.39301515084207,12,-139.39301515084207
2778,76,12,-180.08474406613544,12,-180.08474406613544
2779,13,12,-85.44332130828904,1,-24.257161856809045
2780,72,12,-170.09956846271837,12,-170.09956846271837
2781,18,12,-88.0627272398999,3,-37.96561375881964
2782,17,12,-87.4712850103148,3,-36.095815994462484
2783,42,12,-112.38502871842148,6,-96.03901273050752
2784,44,12,-115.28909842694712,6,-101.37216560238318
2785,98,12,-244.6224017175923,20,-238.4808810119756
2786,75,12,-177.53797429426584,12,-177.53797429426584
2787,87,12,-210.3194161813455,12,-210.3194161813455
2788,70,12,-165.30890638391594,12,-165.30890638391594
2789,78,12,-185.27922201012348,12,-185.27922201012348
2790,46,12,-118.32804051309115,6,-106.95269482704867
2791,54,12,-131.832176252549,6,-131.7473732422173
2792,50,12,-124.81047053779731,6,-118.85564190652914
2793,43,12,-113.8202034116098,6,-98.67466336494121
2794,65,12,-153.92134393244743,12,-153.92134393244743
2795,78,12,-185.27922201012348,12,-185.27922201012348
2796,6,12,-83.19527859488348,1,-10.586867266464079
2797,47,12,-119.89808312874094,6,-109.83570678670114
2798,44,12,-115.28909842694712,6,-101.37216560238318
2799,9,12,-83.95595306941537,1,-15.214321990937147
2800,3,12,-82.73882969802135,1,-7.808756080935194
2801,9,12,-83.95595306941537,1,-15.214321990937147
2802,34,12,-102.11783014653936,6,-77.18136743158533
2803,94,12,-231.6780614823333,20,-230.42240386096492
2804,1,12,-82.6035744145978,1,-6.9851980409108565
2805,38,12,-106.98157772725399,6,-86.11507655130762
2806,78,12,-185.27922201012348,12,-185.27922201012348
2807,80,12,-190.60826966535672,12,-190.60826966535672
2808,94,12,-231.6780614823333,20,-230.42240386096492
2809,50,12,-124.81047053779731,6,-118.85564190652914
2810,13,12,-85.44332130828904,1,-24.257161856809045
2811,86,12,-207.4026530580665,12,-207.4026530580665
2812,46,12,-118.32804051309115,6,-106.95269482704867
2813,99,12,-247.94248729970576,20,-240.54785882360903
2814,87,12,-210.3194161813455,12,-210.3194161813455
2815,37,12,-105.71503806602566,6,-83.78879668536612
2816,93,12,-228.5259880514485,20,-228.46014739973276
2817,90,12,-219.27143120512085,12,-219.27143120512085
2818,82,12,-196.07186924674602,12,-196.07186924674602
2819,86,12,-207.4026530580665,12,-207.4026530580665
2820,6,12,-83.19527859488348,1,-10.586867266464079
2821,74,12,-175.02485362057575,12,-175.02485362057575
2822,43,12,-113.8202034116098,6,-98.67466336494121
2823,1,12,-82.6035744145978,1,-6.9851980409108565
2824,73,12,-172.54538426876832,12,-172.54538426876832
2825,90,12,-219.27143120512085,12,-219.27143120512085
2826,48,12,-121.50183715622016,6,-112.7805402942011
2827,79,12,-187.92692573545764,12,-187.92692573545764
2828,17,12,-87.4712850103148,3,-36.095815994462484
2829,19,12,-88.68794552856191,3,-39.9420506223111
2830,19,12,-88.68794552856191,3,-39.9420506223111
2831,65,12,-153.92134393244743,12,-153.92134393244743
2832,27,12,-94.90536226632408,3,-59.5898777586643
2833,35,12,-103.28316204691019,6,-79.32193460441326
2834,9,12,-83.95595306941537,1,-15.214321990937147
2835,13,12,-85.44332130828904,1,-24.257161856809045
2836,53,12,-130.0262005218131,6,-128.43176816621013
2837,70,12,-165.30890638391594,12,-165.30890638391594
2838,88,12,-213.26980172825859,12,-213.26980172825859
2839,10,12,-84.27710649292833,1,-17.167386388250772
2840,43,12,-113.8202034116098,6,-98.67466336494121
2841,5,12,-83.00932314367421,1,-9.455237327983067
2842,40,12,-109.61584921025063,6,-90.95329633472858
2843,15,12,-86.38973765322098,1,-30.008338880137654
2844,14,12,-85.8996369884651,1,-27.0303393518663
2845,85,12,-204.51951458063076,12,-204.51951458063076
2846,0,12,-82.58666666666669,1,-6.8822222222222225
2847,35,12,-103.28316204691019,6,-79.32193460441326
2848,97,12,-241.33591412399238,20,-236.43484574939123
2849,14,12,-85.8996369884651,1,-27.0303393518663
2850,6,12,-83.19527859488348,1,-10.586867266464079
2851,88,12,-213.26980172825859,12,-213.26980172825859
2852,3,12,-82.73882969802135,1,-7.808756080935194
2853,68,12,-160.6528851776278,12,-160.6528851776278
2854,95,12,-234.86374178545628,20,-232.40560631336535
2855,27,12,-94.90536226632408,3,-59.5898777586643
2856,67,12,-158.37537046268577,12,-158.37537046268577
2857,34,12,-102.11783014653936,6,-77.18136743158533
2858,41,12,-110.98357657528959,6,-93.46522121489485
2859,13,12,-85.44332130828904,1,-24.257161856809045
2860,17,12,-87.4712850103148,3,-36.095815994462484
2861,40,12,-109.61584921025063,6,-90.95329633472858
2862,74,12,-175.02485362057575,12,-175.02485362057575
2863,38,12,-106.98157772725399,6,-86.11507655130762
2864,42,12,-112.38502871842148,6,-96.03901273050752
2865,67,12,-158.37537046268577,12,-158.37537046268577
2866,27,12,-94.90536226632408,3,-59.5898777586643
2867,60,12,-143.3755650196889,12,-143.3755650196889
2868,15,12,-86.38973765322098,1,-30.008338880137654
2869,34,12,-102.11783014653936,6,-77.18136743158533
2870,50,12,-124.81047053779731,6,-118.85564190652914
2871,44,12,-115.28909842694712,6,-101.37216560238318
2872,84,12,-201.67000297128635,12,-201.67000297128635
2873,52,12,-128.2539228413562,6,-125.177939579655
2874,25,12,-93.14842757160632,3,-54.03884427687615
2875,75,12,-177.53797429426584,12,-177.53797429426584
2876,44,12,-115.28909842694712,6,-101.37216560238318
2877,81,12,-193.3232515767758,12,-193.3232515767758
2878,5,12,-83.00932314367421,1,-9.455237327983067
2879,83,12,-198.854120452488,12,-198.854120452488
2880,71,12,-167.68740842638795,12,-167.68740842638795
2881,68,12,-160.6528851776278,12,-160.6528851776278
2882,95,12,-234.86374178545628,20,-232.40560631336535
2883,93,12,-228.5259880514485,20,-228.46014739973276
2884,91,12,-222.3226706914009,12,-222.3226706914009
2885,32,12,-99.88838970893231,6,-73.08599843278336
2886,41,12,-110.98357657528959,6,-93.46522121489485
2887,82,12,-196.07186924674602,12,-196.07186924674602
2888,29,12,-96.79732089859871,3,-65.56666537455592
2889,13,12,-85.44332130828904,1,-24.257161856809045
2890,9,12,-83.95595306941537,1,-15.214321990937147
2891,54,12,-131.832176252549,6,-131.7473732422173
2892,8,12,-83.66859579030925,1,-13.466492256876304
2893,25,12,-93.14842757160632,3,-54.03884427687615
2894,33,12,-100.9862386241835,6,-75.10271953333199
2895,17,12,-87.4712850103148,3,-36.095815994462484
2896,47,12,-119.89808312874094,6,-109.83570678670114
2897,16,12,-86.91362107098472,1,-33.19107800413937
2898,49,12,-123.13930036828388,6,-115.78718783779036
2899,62,12,-147.492844759646,12,-147.492844759646
2900,71,12,-167.68740842638795,12,-167.68740842638795
2901,94,12,-231.6780614823333,20,-230.42240386096492
2902,80,12,-190.60826966535672,12,-190.60826966535672
2903,86,12,-207.4026530580665,12,-207.4026530580665
2904,37,12,-105.71503806602566,6,-83.78879668536612
2905,9,12,-83.95595306941537,1,-15.214321990937147
2906,46,12,-118.32804051309115,6,-106.95269482704867
2907,12,12,-85.02079284439587,1,-21.68888886194659
2908,88,12,-213.26980172825859,12,-213.26980172825859
2909,22,12,-90.76623443917929,3,-46.51097281076241
2910,56,12,-135.54521295910172,12,-135.54521295910172
2911,78,12,-185.27922201012348,12,-185.27922201012348
2912,45,12,-116.79171153665492,6,-104.13151192781399
2913,33,12,-100.9862386241835,6,-75.10271953333199
2914,62,12,-147.492844759646,12,-147.492844759646
2915,4,12,-82.85717276709248,1,-8.529172688515441
2916,69,12,-162.96406455953235,12,-162.96406455953235
2917,76,12,-180.08474406613544,12,-180.08474406613544
2918,41,12,-110.98357657528959,6,-93.46522121489485
2919,12,12,-85.02079284439587,1,-21.68888886194659
2920,0,12,-82.58666666666669,1,-6.8822222222222225
2921,69,12,-162.96406455953235,12,-162.96406455953235
2922,22,12,-90.76623443917929,3,-46.51097281076241
2923,97,12,-241.33591412399238,20,-236.43484574939123
2924,49,12,-123.13930036828388,6,-115.78718783779036
2925,65,12,-153.92134393244743,12,-153.92134393244743
2926,10,12,-84.27710649292833,1,-17.167386388250772
2927,70,12,-165.30890638391594,12,-165.30890638391594
2928,16,12,-86.91362107098472,1,-33.19107800413937
2929,71,12,-167.68740842638795,12,-167.68740842638795
2930,27,12,-94.90536226632408,3,-59.5898777586643
2931,38,12,-106.98157772725399,6,-86.11507655130762
2932,84,12,-201.67000297128635,12,-201.67000297128635
2933,41,12,-110.98357657528959,6,-93.46522121489485
2934,82,12,-196.07186924674602,12,-196.07186924674602
2935,70,12,-165.30890638391594,12,-165.30890638391594
2936,38,12,-106.98157772725399,6,-86.11507655130762
2937,34,12,-102.11783014653936,6,-77.18136743158533
2938,74,12,-175.02485362057575,12,-175.02485362057575
2939,40,12,-109.61584921025063,6,-90.95329633472858
2940,40,12,-109.61584921025063,6,-90.95329633472858
2941,27,12,-94.90536226632408,3,-59.5898777586643
2942,94,12,-231.6780614823333,20,-230.42240386096492
2943,36,12,-104.48223209634578,6,-81.52441352950547
2944,98,12,-244.6224017175923,20,-238.4808810119756
2945,59,12,-141.367447738551,12,-141.367447738551
2946,89,12,-216.25380747683084,12,-216.25380747683084
2947,27,12,-94.90536226632408,3,-59.5898777586643
2948,56,12,-135.54521295910172,12,-135.54521295910172
2949,58,12,-139.39301515084207,12,-139.39301515084207
2950,31,12,-98.82428562999917,6,-71.1312116538696
2951,48,12,-121.50183715622016,6,-112.7805402942011
2952,3,12,-82.73882969802135,1,-7.808756080935194
2953,64,12,-151.74483656681207,12,-151.74483656681207
2954,37,12,-105.71503806602566,6,-83.78879668536612
2955,39,12,-108.28184885147208,6,-88.50324560744662
2956,12,12,-85.02079284439587,1,-21.68888886194659
2957,84,12,-201.67000297128635,12,-201.67000297128635
2958,75,12,-177.53797429426584,12,-177.53797429426584
2959,76,12,-180.08474406613544,12,-180.08474406613544
2960,91,12,-222.3226706914009,12,-222.3226706914009
2961,47,12,-119.89808312874094,6,-109.83570678670114
2962,57,12,-137.45226948237894,12,-137.45226948237894
2963,21,12,-90.03970135905276,3,-44.21475244382181
2964,12,12,-85.02079284439587,1,-21.68888886194659
2965,17,12,-87.4712850103148,3,-36.095815994462484
2966,39,12,-108.28184885147208,6,-88.50324560744662
2967,31,12,-98.82428562999917,6,-71.1312116538696
2968,29,12,-96.79732089859871,3,-65.56666537455592
2969,55,12,-133.67184780709107,12,-133.67184780709107
2970,65,12,-153.92134393244743,12,-153.92134393244743
2971,37,12,-105.71503806602566,6,-83.78879668536612
2972,0,12,-82.58666666666669,1,-6.8822222222222225
2973,23,12,-91.52653465497364,3,-48.91374309468091
2974,13,12,-85.44332130828904,1,-24.257161856809045
2975,8,12,-83.66859579030925,1,-13.466492256876304
2976,84,12,-201.67000297128635,12,-201.67000297128635
2977,53,12,-130.0262005218131,6,-128.43176816621013
2978,82,12,-196.07186924674602,12,-196.07186924674602
2979,80,12,-190.60826966535672,12,-190.60826966535672
2980,13,12,-85.44332130828904,1,-24.257161856809045
2981,8,12,-83.66859579030925,1,-13.466492256876304
2982,6,12,-83.19527859488348,1,-10.586867266464079
2983,27,12,-94.90536226632408,3,-59.5898777586643
2984,37,12,-105.71503806602566,6,-83.78879668536612
2985,35,12,-103.28316204691019,6,-79.32193460441326
2986,40,12,-109.61584921025063,6,-90.95329633472858
2987,26,12,-94.01001581178649,3,-56.76113061721671
2988,94,12,-231.6780614823333,20,-230.42240386096492
2989,76,12,-180.08474406613544,12,-180.08474406613544
2990,57,12,-137.45226948237894,12,-137.45226948237894
2991,45,12,-116.79171153665492,6,-104.13151192781399
2992,80,12,-190.60826966535672,12,-190.60826966535672
2993,58,12,-139.39301515084207,12,-139.39301515084207
2994,23,12,-91.52653465497364,3,-48.91374309468091
2995,72,12,-170.09956846271837,12,-170.09956846271837
2996,80,12,-190.60826966535672,12,-190.60826966535672
2997,18,12,-88.0627272398999,3,-37.96561375881964
2998,74,12,-175.02485362057575,12,-175.02485362057575
2999,15,12,-86.38973765322098,1,-30.008338880137654
3000,88,12,-213.26980172825859,12,-213.26980172825859
3001,64,12,-151.74483656681207,12,-151.74483656681207
3002,3,12,-82.73882969802135,1,-7.808756080935194
3003,90,12,-219.27143120512085,12,-219.27143120512085
3004,20,12,-89.34693764525149,3,-42.025104283182344
3005,47,12,-119.89808312874094,6,-109.83570678670114
3006,62,12,-147.492844759646,12,-147.492844759646
3007,97,12,-241.33591412399238,20,-236.43484574939123
3008,24,12,-92.32059977591312,3,-51.42304101039932
3009,82,12,-196.07186924674602,12,-196.07186924674602
3010,40,12,-109.61584921025063,6,-90.95329633472858
3011,9,12,-83.95595306941537,1,-15.214321990937147
3012,72,12,-170.09956846271837,12,-170.09956846271837
3013,71,12,-167.68740842638795,12,-167.68740842638795
3014,92,12,-225.4075237139973,12,-225.4075237139973
3015,41,12,-110.98357657528959,6,-93.46522121489485
3016,19,12,-88.68794552856191,3,-39.9420506223111
3017,86,12,-207.4026530580665,12,-207.4026530580665
3018,67,12,-158.37537046268577,12,-158.37537046268577
3019,78,12,-185.27922201012348,12,-185.27922201012348
3020,66,12,-156.13152263937536,12,-156.13152263937536
3021,87,12,-210.3194161813455,12,-210.3194161813455
3022,24,12,-92.32059977591312,3,-51.42304101039932
3023,84,12,-201.67000297128635,12,-201.67000297128635
3024,35,12,-103.28316204691019,6,-79.32193460441326
3025,46,12,-118.32804051309115,6,-106.95269482704867
3026,32,12,-99.88838970893231,6,-73.08599843278336
3027,34,12,-102.11783014653936,6,-77.18136743158533
3028,42,12,-112.38502871842148,6,-96.03901273050752
3029,92,12,-225.4075237139973,12,-225.4075237139973
3030,37,12,-105.71503806602566,6,-83.78879668536612
3031,82,12,-196.07186924674602,12,-196.07186924674602
3032,55,12,-133.67184780709107,12,-133.67184780709107
3033,35,12,-103.28316204691019,6,-79.32193460441326
3034,99,12,-247.94248729970576,20,-240.54785882360903
3035,65,12,-153.92134393244743,12,-153.92134393244743
3036,93,12,-228.5259880514485,20,-228.46014739973276
3037,20,12,-89.34693764525149,3,-42.025104283182344
3038,99,12,-247.94248729970576,20,-240.54785882360903
3039,46,12,-118.32804051309115,6,-106.95269482704867
3040,98,12,-244.6224017175923,20,-238.4808810119756
3041,91,12,-222.3226706914009,12,-222.3226706914009
3042,62,12,-147.492844759646,12,-147.492844759646
3043,62,12,-147.492844759646,12,-147.492844759646
3044,78,12,-185.27922201012348,12,-185.27922201012348
3045,30,12,-97.79392861672859,3,-68.71466132418306
3046,91,12,-222.3226706914009,12,-222.3226706914009
3047,51,12,-126.51534543777501,6,-121.9858949902555
3048,4,12,-82.85717276709248,1,-8.529172688515441
3049,68,12,-160.6528851776278,12,-160.6528851776278
3050,6,12,-83.19527859488348,1,-10.586867266464079
3051,41,12,-110.98357657528959,6,-93.46522121489485
3052,3,12,-82.73882969802135,1,-7.808756080935194
3053,39,12,-108.28184885147208,6,-88.50324560744662
3054,27,12,-94.90536226632408,3,-59.5898777586643
3055,13,12,-85.44332130828904,1,-24.257161856809045
3056,44,12,-115.28909842694712,6,-101.37216560238318
3057,0,12,-82.58666666666669,1,-6.8822222222222225
3058,74,12,-175.02485362057575,12,-175.02485362057575
3059,93,12,-228.5259880514485,20,-228.46014739973276
3060,78,12,-185.27922201012348,12,-185.27922201012348
3061,0,12,-82.58666666666669,1,-6.8822222222222225
3062,0,12,-82.58666666666669,1,-6.8822222222222225
3063,96,12,-238.08302673965238,20,-234.40975389635224
3064,11,12,-84.63205382862074,1,-19.32560286376086
3065,29,12,-96.79732089859871,3,-65.56666537455592
3066,5,12,-83.00932314367421,1,-9.455237327983067
3067,69,12,-162.96406455953235,12,-162.96406455953235
3068,57,12,-137.45226948237894,12,-137.45226948237894
3069,30,12,-97.79392861672859,3,-68.71466132418306
3070,18,12,-88.0627272398999,3,-37.96561375881964
3071,16,12,-86.91362107098472,1,-33.19107800413937
3072,81,12,-193.3232515767758,12,-193.3232515767758
3073,75,12,-177.53797429426584,12,-177.53797429426584
3074,9,12,-83.95595306941537,1,-15.214321990937147
3075,9,12,-83.95595306941537,1,-15.214321990937147
3076,90,12,-219.27143120512085,12,-219.27143120512085
3077,76,12,-180.08474406613544,12,-180.08474406613544
3078,64,12,-151.74483656681207,12,-151.74483656681207
3079,28,12,-95.83446470521845,3,-62.525063432602536
3080,77,12,-182.66516071256729,12,-182.66516071256729
3081,87,12,-210.3194161813455,12,-210.3194161813455
3082,58,12,-139.39301515084207,12,-139.39301515084207
3083,48,12,-121.50183715622016,6,-112.7805402942011
3084,27,12,-94.90536226632408,3,-59.5898777586643
3085,25,12,-93.14842757160632,3,-54.03884427687615
3086,84,12,-201.67000297128635,12,-201.67000297128635
3087,76,12,-180.08474406613544,12,-180.08474406613544
3088,24,12,-92.32059977591312,3,-51.42304101039932
3089,5,12,-83.00932314367421,1,-9.455237327983067
3090,34,12,-102.11783014653936,6,-77.18136743158533
3091,76,12,-180.08474406613544,12,-180.08474406613544
3092,59,12,-141.367447738551,12,-141.367447738551
3093,43,12,-113.8202034116098,6,-98.67466336494121
3094,79,12,-187.92692573545764,12,-187.92692573545764
3095,59,12,-141.367447738551,12,-141.367447738551
3096,21,12,-90.03970135905276,3,-44.21475244382181
3097,12,12,-85.02079284439587,1,-21.68888886194659
3098,98,12,-244.6224017175923,20,-238.4808810119756
3099,5,12,-83.00932314367421,1,-9.455237327983067
3100,20,12,-89.34693764525149,3,-42.025104283182344
3101,31,12,-98.82428562999917,6,-71.1312116538696
3102,98,12,-244.6224017175923,20,-238.4808810119756
3103,23,12,-91.52653465497364,3,-48.91374309468091
3104,19,12,-88.68794552856191,3,-39.9420506223111
3105,85,12,-204.51951458063076,12,-204.51951458063076
3106,47,12,-119.89808312874094,6,-109.83570678670114
3107,6,12,-83.19527859488348,1,-10.586867266464079
3108,68,12,-160.6528851776278,12,-160.6528851776278
3109,73,12,-172.54538426876832,12,-172.54538426876832
3110,24,12,-92.32059977591312,3,-51.42304101039932
3111,47,12,-119.89808312874094,6,-109.83570678670114
3112,32,12,-99.88838970893231,6,-73.08599843278336
3113,74,12,-175.02485362057575,12,-175.02485362057575
3114,90,12,-219.27143120512085,12,-219.27143120512085
3115,91,12,-222.3226706914009,12,-222.3226706914009
3116,16,12,-86.91362107098472,1,-33.19107800413937
3117,98,12,-244.6224017175923,20,-238.4808810119756
3118,22,12,-90.76623443917929,3,-46.51097281076241
3119,28,12,-95.83446470521845,3,-62.525063432602536
3120,28,12,-95.83446470521845,3,-62.525063432602536
3121,78,12,-185.27922201012348,12,-185.27922201012348
3122,89,12,-216.25380747683084,12,-216.25380747683084
3123,5,12,-83.00932314367421,1,-9.455237327983067
3124,66,12,-156.13152263937536,12,-156.13152263937536
3125,35,12,-103.28316204691019,6,-79.32193460441326
3126,75,12,-177.53797429426584,12,-177.53797429426584
3127,51,12,-126.51534543777501,6,-121.9858949902555
3128,77,12,-182.66516071256729,12,-182.66516071256729
3129,99,12,-247.94248729970576,20,-240.54785882360903
3130,56,12,-135.54521295910172,12,-135.54521295910172
3131,95,12,-234.86374178545628,20,-232.40560631336535
3132,94,12,-231.6780614823333,20,-230.42240386096492
3133,5,12,-83.00932314367421,1,-9.455237327983067
3134,29,12,-96.79732089859871,3,-65.56666537455592
3135,91,12,-222.3226706914009,12,-222.3226706914009
3136,53,12,-130.0262005218131,6,-128.43176816621013
3137,65,12,-153.92134393244743,12,-153.92134393244743
3138,61,12,-145.41736476856974,12,-145.41736476856974
3139,26,12,-94.01001581178649,3,-56.76113061721671
3140,28,12,-95.83446470521845,3,-62.525063432602536
3141,39,12,-108.28184885147208,6,-88.50324560744662
3142,97,12,-241.33591412399238,20,-236.43484574939123
3143,47,12,-119.89808312874094,6,-109.83570678670114
3144,32,12,-99.88838970893231,6,-73.08599843278336
3145,4,12,-82.85717276709248,1,-8.529172688515441
3146,54,12,-131.832176252549,6,-131.7473732422173
3147,0,12,-82.58666666666669,1,-6.8822222222222225
3148,11,12,-84.63205382862074,1,-19.32560286376086
3149,51,12,-126.51534543777501,6,-121.9858949902555
3150,99,12,-247.94248729970576,20,-240.54785882360903
3151,68,12,-160.6528851776278,12,-160.6528851776278
3152,26,12,-94.01001581178649,3,-56.76113061721671
3153,15,12,-86.38973765322098,1,-30.008338880137654
3154,92,12,-225.4075237139973,12,-225.4075237139973
3155,16,12,-86.91362107098472,1,-33.19107800413937
3156,70,12,-165.30890638391594,12,-165.30890638391594
3157,95,12,-234.86374178545628,20,-232.40560631336535
3158,2,12,-82.65429616947476,1,-7.294070267709967
3159,17,12,-87.4712850103148,3,-36.095815994462484
3160,65,12,-153.92134393244743,12,-153.92134393244743
3161,32,12,-99.88838970893231,6,-73.08599843278336
3162,97,12,-241.33591412399238,20,-236.43484574939123
3163,38,12,-106.98157772725399,6,-86.11507655130762
3164,68,12,-160.6528851776278,12,-160.6528851776278
3165,94,12,-231.6780614823333,20,-230.42240386096492
3166,4,12,-82.85717276709248,1,-8.529172688515441
3167,79,12,-187.92692573545764,12,-187.92692573545764
3168,21,12,-90.03970135905276,3,-44.21475244382181
3169,10,12,-84.27710649292833,1,-17.167386388250772
3170,16,12,-86.91362107098472,1,-33.19107800413937
3171,2,12,-82.65429616947476,1,-7.294070267709967
3172,46,12,-118.32804051309115,6,-106.95269482704867
3173,61,12,-145.41736476856974,12,-145.41736476856974
3174,46,12,-118.32804051309115,6,-106.95269482704867
3175,32,12,-99.88838970893231,6,-73.08599843278336
3176,23,12,-91.52653465497364,3,-48.91374309468091
3177,61,12,-145.41736476856974,12,-145.41736476856974
3178,1,12,-82.6035744145978,1,-6.9851980409108565
3179,36,12,-104.48223209634578,6,-81.52441352950547
3180,89,12,-216.25380747683084,12,-216.25380747683084
3181,8,12,-83.66859579030925,1,-13.466492256876304
3182,47,12,-119.89808312874094,6,-109.83570678670114
3183,91,12,-222.3226706914009,12,-222.3226706914009
3184,0,12,-82.58666666666669,1,-6.8822222222222225
3185,35,12,-103.28316204691019,6,-79.32193460441326
3186,26,12,-94.01001581178649,3,-56.76113061721671
3187,62,12,-147.492844759646,12,-147.492844759646
3188,52,12,-128.2539228413562,6,-125.177939579655
3189,22,12,-90.76623443917929,3,-46.51097281076241
3190,31,12,-98.82428562999917,6,-71.1312116538696
3191,1,12,-82.6035744145978,1,-6.9851980409108565
3192,93,12,-228.5259880514485,20,-228.46014739973276
3193,3,12,-82.73882969802135,1,-7.808756080935194
3194,3,12,-82.73882969802135,1,-7.808756080935194
3195,98,12,-244.6224017175923,20,-238.4808810119756
3196,36,12,-104.48223209634578,6,-81.52441352950547
3197,42,12,-112.38502871842148,6,-96.03901273050752
3198,20,12,-89.34693764525149,3,-42.025104283182344
3199,5,12,-83.00932314367421,1,-9.455237327983067
3200,88,12,-213.26980172825859,12,-213.26980172825859
3201,83,12,-198.854120452488,12,-198.854120452488
3202,54,12,-131.832176252549,6,-131.7473732422173
3203,3,12,-82.73882969802135,1,-7.808756080935194
3204,83,12,-198.854120452488,12,-198.854120452488
3205,23,12,-91.52653465497364,3,-48.91374309468091
3206,48,12,-121.50183715622016,6,-112.7805402942011
3207,94,12,-231.6780614823333,20,-230.42240386096492
3208,30,12,-97.79392861672859,3,-68.71466132418306
3209,89,12,-216.25380747683084,12,-216.25380747683084
3210,7,12,-83.41503688796908,1,-11.923979800667436
3211,42,12,-112.38502871842148,6,-96.03901273050752
3212,12,12,-85.02079284439587,1,-21.68888886194659
3213,4,12,-82.85717276709248,1,-8.529172688515441
3214,27,12,-94.90536226632408,3,-59.5898777586643
3215,76,12,-180.08474406613544,12,-180.08474406613544
3216,74,12,-175.02485362057575,12,-175.02485362057575
3217,43,12,-113.8202034116098,6,-98.67466336494121
3218,53,12,-130.0262005218131,6,-128.43176816621013
3219,10,12,-84.27710649292833,1,-17.167386388250772
3220,43,12,-113.8202034116098,6,-98.67466336494121
3221,6,12,-83.19527859488348,1,-10.586867266464079
3222,71,12,-167.68740842638795,12,-167.68740842638795
3223,0,12,-82.58666666666669,1,-6.8822222222222225
3224,51,12,-126.51534543777501,6,-121.9858949902555
3225,34,12,-102.11783014653936,6,-77.18136743158533
3226,96,12,-238.08302673965238,20,-234.40975389635224
3227,23,12,-91.52653465497364,3,-48.91374309468091
3228,64,12,-151.74483656681207,12,-151.74483656681207
3229,71,12,-167.68740842638795,12,-167.68740842638795
3230,30,12,-97.79392861672859,3,-68.71466132418306
3231,18,12,-88.0627272398999,3,-37.96561375881964
3232,32,12,-99.88838970893231,6,-73.08599843278336
3233,2,12,-82.65429616947476,1,-7.294070267709967
3234,38,12,-106.98157772725399,6,-86.11507655130762
3235,12,12,-85.02079284439587,1,-21.68888886194659
3236,64,12,-151.74483656681207,12,-151.74483656681207
3237,72,12,-170.09956846271837,12,-170.09956846271837
3238,3,12,-82.73882969802135,1,-7.808756080935194
3239,13,12,-85.44332130828904,1,-24.257161856809045
3240,90,12,-219.27143120512085,12,-219.27143120512085
3241,3,12,-82.73882969802135,1,-7.808756080935194
3242,70,12,-165.30890638391594,12,-165.30890638391594
3243,6,12,-83.19527859488348,1,-10.586867266464079
3244,20,12,-89.34693764525149,3,-42.025104283182344
3245,58,12,-139.39301515084207,12,-139.39301515084207
3246,2,12,-82.65429616947476,1,-7.294070267709967
3247,85,12,-204.51951458063076,12,-204.51951458063076
3248,47,12,-119.89808312874094,6,-109.83570678670114
3249,52,12,-128.2539228413562,6,-125.177939579655
3250,58,12,-139.39301515084207,12,-139.39301515084207
3251,82,12,-196.07186924674602,12,-196.07186924674602
3252,80,12,-190.60826966535672,12,-190.60826966535672
3253,57,12,-137.45226948237894,12,-137.45226948237894
3254,43,12,-113.8202034116098,6,-98.67466336494121
3255,33,12,-100.9862386241835,6,-75.10271953333199
3256,69,12,-162.96406455953235,12,-162.96406455953235
3257,93,12,-228.5259880514485,20,-228.46014739973276
3258,79,12,-187.92692573545764,12,-187.92692573545764
3259,89,12,-216.25380747683084,12,-216.25380747683084
3260,24,12,-92.32059977591312,3,-51.42304101039932
3261,60,12,-143.3755650196889,12,-143.3755650196889
3262,64,12,-151.74483656681207,12,-151.74483656681207
3263,61,12,-145.41736476856974,12,-145.41736476856974
3264,77,12,-182.66516071256729,12,-182.66516071256729
3265,12,12,-85.02079284439587,1,-21.68888886194659
3266,70,12,-165.30890638391594,12,-165.30890638391594
3267,49,12,-123.13930036828388,6,-115.78718783779036
3268,3,12,-82.73882969802135,1,-7.808756080935194
3269,32,12,-99.88838970893231,6,-73.08599843278336
3270,49,12,-123.13930036828388,6,-115.78718783779036
3271,99,12,-247.94248729970576,20,-240.54785882360903
3272,13,12,-85.44332130828904,1,-24.257161856809045
3273,75,12,-177.53797429426584,12,-177.53797429426584
3274,17,12,-87.4712850103148,3,-36.095815994462484
3275,68,12,-160.6528851776278,12,-160.6528851776278
3276,87,12,-210.3194161813455,12,-210.3194161813455
3277,47,12,-119.89808312874094,6,-109.83570678670114
3278,74,12,-175.02485362057575,12,-175.02485362057575
3279,38,12,-106.98157772725399,6,-86.11507655130762
3280,48,12,-121.50183715622016,6,-112.7805402942011
3281,36,12,-104.48223209634578,6,-81.52441352950547
3282,93,12,-228.5259880514485,20,-228.46014739973276
3283,25,12,-93.14842757160632,3,-54.03884427687615
3284,35,12,-103.28316204691019,6,-79.32193460441326
3285,71,12,-167.68740842638795,12,-167.68740842638795
3286,64,12,-151.74483656681207,12,-151.74483656681207
3287,64,12,-151.74483656681207,12,-151.74483656681207
3288,8,12,-83.66859579030925,1,-13.466492256876304
3289,67,12,-158.37537046268577,12,-158.37537046268577
3290,6,12,-83.19527859488348,1,-10.586867266464079
3291,7,12,-83.41503688796908,1,-11.923979800667436
3292,51,12,-126.51534543777501,6,-121.9858949902555
3293,77,12,-182.66516071256729,12,-182.66516071256729
3294,82,12,-196.07186924674602,12,-196.07186924674602
3295,17,12,-87.4712850103148,3,-36.095815994462484
3296,3,12,-82.73882969802135,1,-7.808756080935194
3297,8,12,-83.66859579030925,1,-13.466492256876304
3298,47,12,-119.89808312874094,6,-109.83570678670114
3299,43,12,-113.8202034116098,6,-98.67466336494121
3300,61,12,-145.41736476856974,12,-145.41736476856974
3301,3,12,-82.73882969802135,1,-7.808756080935194
3302,44,12,-115.28909842694712,6,-101.37216560238318
3303,75,12,-177.53797429426584,12,-177.53797429426584
3304,49,12,-123.13930036828388,6,-115.78718783779036
3305,50,12,-124.81047053779731,6,-118.85564190652914
3306,10,12,-84.27710649292833,1,-17.167386388250772
3307,43,12,-113.8202034116098,6,-98.67466336494121
3308,79,12,-187.92692573545764,12,-187.92692573545764
3309,91,12,-222.3226706914009,12,-222.3226706914009
3310,62,12,-147.492844759646,12,-147.492844759646
3311,99,12,-247.94248729970576,20,-240.54785882360903
3312,82,12,-196.07186924674602,12,-196.07186924674602
3313,62,12,-147.492844759646,12,-147.492844759646
3314,35,12,-103.28316204691019,6,-79.32193460441326
3315,85,12,-204.51951458063076,12,-204.51951458063076
3316,28,12,-95.83446470521845,3,-62.525063432602536
3317,59,12,-141.367447738551,12,-141.367447738551
3318,97,12,-241.33591412399238,20,-236.43484574939123
3319,89,12,-216.25380747683084,12,-216.25380747683084
3320,74,12,-175.02485362057575,12,-175.02485362057575
3321,1,12,-82.6035744145978,1,-6.9851980409108565
3322,21,12,-90.03970135905276,3,-44.21475244382181
3323,25,12,-93.14842757160632,3,-54.03884427687615
3324,10,12,-84.27710649292833,1,-17.167386388250772
3325,41,12,-110.98357657528959,6,-93.46522121489485
3326,13,12,-85.44332130828904,1,-24.257161856809045
3327,51,12,-126.51534543777501,6,-121.9858949902555
3328,66,12,-156.13152263937536,12,-156.13152263937536
3329,82,12,-196.07186924674602,12,-196.07186924674602
3330,84,12,-201.67000297128635,12,-201.67000297128635
3331,7,12,-83.41503688796908,1,-11.923979800667436
3332,40,12,-109.61584921025063,6,-90.95329633472858
3333,56,12,-135.54521295910172,12,-135.54521295910172
3334,85,12,-204.51951458063076,12,-204.51951458063076
3335,37,12,-105.71503806602566,6,-83.78879668536612
3336,46,12,-118.32804051309115,6,-106.95269482704867
3337,83,12,-198.854120452488,12,-198.854120452488
3338,90,12,-219.27143120512085,12,-219.27143120512085
3339,55,12,-133.67184780709107,12,-133.67184780709107
3340,6,12,-83.19527859488348,1,-10.586867266464079
3341,0,12,-82.58666666666669,1,-6.8822222222222225
3342,8,12,-83.66859579030925,1,-13.466492256876304
3343,85,12,-204.51951458063076,12,-204.51951458063076
3344,37,12,-105.71503806602566,6,-83.78879668536612
3345,67,12,-158.37537046268577,12,-158.37537046268577
3346,46,12,-118.32804051309115,6,-106.95269482704867
3347,41,12,-110.98357657528959,6,-93.46522121489485
3348,92,12,-225.4075237139973,12,-225.4075237139973
3349,63,12,-149.60200276748782,12,-149.60200276748782
3350,57,12,-137.45226948237894,12,-137.45226948237894
3351,39,12,-108.28184885147208,6,-88.50324560744662
3352,65,12,-153.92134393244743,12,-153.92134393244743
3353,51,12,-126.51534543777501,6,-121.9858949902555
3354,61,12,-145.41736476856974,12,-145.41736476856974
3355,69,12,-162.96406455953235,12,-162.96406455953235
3356,58,12,-139.39301515084207,12,-139.39301515084207
3357,91,12,-222.3226706914009,12,-222.3226706914009
3358,95,12,-234.86374178545628,20,-232.40560631336535
3359,40,12,-109.61584921025063,6,-90.95329633472858
3360,73,12,-172.54538426876832,12,-172.54538426876832
3361,53,12,-130.0262005218131,6,-128.43176816621013
3362,7,12,-83.41503688796908,1,-11.923979800667436
3363,99,12,-247.94248729970576,20,-240.54785882360903
3364,47,12,-119.89808312874094,6,-109.83570678670114
3365,69,12,-162.96406455953235,12,-162.96406455953235
3366,41,12,-110.98357657528959,6,-93.46522121489485
3367,28,12,-95.83446470521845,3,-62.525063432602536
3368,85,12,-204.51951458063076,12,-204.51951458063076
3369,11,12,-84.63205382862074,1,-19.32560286376086
3370,3,12,-82.73882969802135,1,-7.808756080935194
3371,18,12,-88.0627272398999,3,-37.96561375881964
3372,35,12,-103.28316204691019,6,-79.32193460441326
3373,46,12,-118.32804051309115,6,-106.95269482704867
3374,17,12,-87.4712850103148,3,-36.095815994462484
3375,27,12,-94.90536226632408,3,-59.5898777586643
3376,54,12,-131.832176252549,6,-131.7473732422173
3377,73,12,-172.54538426876832,12,-172.54538426876832
3378,19,12,-88.68794552856191,3,-39.9420506223111
3379,71,12,-167.68740842638795,12,-167.68740842638795
3380,71,12,-167.68740842638795,12,-167.68740842638795
3381,43,12,-113.8202034116098,6,-98.67466336494121
3382,44,12,-115.28909842694712,6,-101.37216560238318
3383,46,12,-118.32804051309115,6,-106.95269482704867
3384,34,12,-102.11783014653936,6,-77.18136743158533
3385,33,12,-100.9862386241835,6,-75.10271953333199
3386,74,12,-175.02485362057575,12,-175.02485362057575
3387,69,12,-162.96406455953235,12,-162.96406455953235
3388,92,12,-225.4075237139973,12,-225.4075237139973
3389,46,12,-118.32804051309115,6,-106.95269482704867
3390,32,12,-99.88838970893231,6,-73.08599843278336
3391,83,12,-198.854120452488,12,-198.854120452488
3392,39,12,-108.28184885147208,6,-88.50324560744662
3393,30,12,-97.79392861672859,3,-68.71466132418306
3394,95,12,-234.86374178545628,20,-232.40560631336535
3395,47,12,-119.89808312874094,6,-109.83570678670114
3396,1,12,-82.6035744145978,1,-6.9851980409108565
3397,32,12,-99.88838970893231,6,-73.08599843278336
3398,63,12,-149.60200276748782,12,-149.60200276748782
3399,45,12,-116.79171153665492,6,-104.13151192781399
3400,55,12,-133.67184780709107,12,-133.67184780709107
3401,64,12,-151.74483656681207,12,-151.74483656681207
3402,85,12,-204.51951458063076,12,-204.51951458063076
3403,22,12,-90.76623443917929,3,-46.51097281076241
3404,27,12,-94.90536226632408,3,-59.5898777586643
3405,5,12,-83.00932314367421,1,-9.455237327983067
3406,35,12,-103.28316204691019,6,-79.32193460441326
3407,35,12,-103.28316204691019,6,-79.32193460441326
3408,67,12,-158.37537046268577,12,-158.37537046268577
3409,28,12,-95.83446470521845,3,-62.525063432602536
3410,91,12,-222.3226706914009,12,-222.3226706914009
3411,9,12,-83.95595306941537,1,-15.214321990937147
3412,43,12,-113.8202034116098,6,-98.67466336494121
3413,3,12,-82.73882969802135,1,-7.808756080935194
3414,11,12,-84.63205382862074,1,-19.32560286376086
3415,51,12,-126.51534543777501,6,-121.9858949902555
3416,86,12,-207.4026530580665,12,-207.4026530580665
3417,4,12,-82.85717276709248,1,-8.529172688515441
3418,29,12,-96.79732089859871,3,-65.56666537455592
3419,60,12,-143.3755650196889,12,-143.3755650196889
3420,44,12,-115.28909842694712,6,-101.37216560238318
3421,2,12,-82.65429616947476,1,-7.294070267709967
3422,94,12,-231.6780614823333,20,-230.42240386096492
3423,69,12,-162.96406455953235,12,-162.96406455953235
3424,47,12,-119.89808312874094,6,-109.83570678670114
3425,76,12,-180.08474406613544,12,-180.08474406613544
3426,17,12,-87.4712850103148,3,-36.095815994462484
3427,79,12,-187.92692573545764,12,-187.92692573545764
3428,56,12,-135.54521295910172,12,-135.54521295910172
3429,41,12,-110.98357657528959,6,-93.46522121489485
3430,24,12,-92.32059977591312,3,-51.42304101039932
3431,85,12,-204.51951458063076,12,-204.51951458063076
3432,3,12,-82.73882969802135,1,-7.808756080935194
3433,60,12,-143.3755650196889,12,-143.3755650196889
3434,46,12,-118.32804051309115,6,-106.95269482704867
3435,31,12,-98.82428562999917,6,-71.1312116538696
3436,70,12,-165.30890638391594,12,-165.30890638391594
3437,51,12,-126.51534543777501,6,-121.9858949902555
3438,97,12,-241.33591412399238,20,-236.43484574939123
3439,47,12,-119.89808312874094,6,-109.83570678670114
3440,11,12,-84.63205382862074,1,-19.32560286376086
3441,62,12,-147.492844759646,12,-147.492844759646
3442,8,12,-83.66859579030925,1,-13.466492256876304
3443,62,12,-147.492844759646,12,-147.492844759646
3444,3,12,-82.73882969802135,1,-7.808756080935194
3445,55,12,-133.67184780709107,12,-133.67184780709107
3446,54,12,-131.832176252549,6,-131.7473732422173
3447,41,12,-110.98357657528959,6,-93.46522121489485
3448,54,12,-131.832176252549,6,-131.7473732422173
3449,25,12,-93.14842757160632,3,-54.03884427687615
3450,6,12,-83.19527859488348,1,-10.586867266464079
3451,71,12,-167.68740842638795,12,-167.68740842638795
3452,63,12,-149.60200276748782,12,-149.60200276748782
3453,93,12,-228.5259880514485,20,-228.46014739973276
3454,69,12,-162.96406455953235,12,-162.96406455953235
3455,38,12,-106.98157772725399,6,-86.11507655130762
3456,67,12,-158.37537046268577,12,-158.37537046268577
3457,7,12,-83.41503688796908,1,-11.923979800667436
3458,43,12,-113.8202034116098,6,-98.67466336494121
3459,23,12,-91.52653465497364,3,-48.91374309468091
3460,88,12,-213.26980172825859,12,-213.26980172825859
3461,29,12,-96.79732089859871,3,-65.56666537455592
3462,51,12,-126.51534543777501,6,-121.9858949902555
3463,17,12,-87.4712850103148,3,-36.095815994462484
3464,56,12,-135.54521295910172,12,-135.54521295910172
3465,43,12,-113.8202034116098,6,-98.67466336494121
3466,33,12,-100.9862386241835,6,-75.10271953333199
3467,48,12,-121.50183715622016,6,-112.7805402942011
3468,78,12,-185.27922201012348,12,-185.27922201012348
3469,42,12,-112.38502871842148,6,-96.03901273050752
3470,80,12,-190.60826966535672,12,-190.60826966535672
3471,1,12,-82.6035744145978,1,-6.9851980409108565
3472,53,12,-130.0262005218131,6,-128.43176816621013
3473,64,12,-151.74483656681207,12,-151.74483656681207
3474,56,12,-135.54521295910172,12,-135.54521295910172
3475,15,12,-86.38973765322098,1,-30.008338880137654
3476,80,12,-190.60826966535672,12,-190.60826966535672
3477,72,12,-170.09956846271837,12,-170.09956846271837
3478,20,12,-89.34693764525149,3,-42.025104283182344
3479,61,12,-145.41736476856974,12,-145.41736476856974
3480,63,12,-149.60200276748782,12,-149.60200276748782
3481,54,12,-131.832176252549,6,-131.7473732422173
3482,43,12,-113.8202034116098,6,-98.67466336494121
3483,25,12,-93.14842757160632,3,-54.03884427687615
3484,0,12,-82.58666666666669,1,-6.8822222222222225
3485,49,12,-123.13930036828388,6,-115.78718783779036
3486,39,12,-108.28184885147208,6,-88.50324560744662
3487,2,12,-82.65429616947476,1,-7.294070267709967
3488,70,12,-165.30890638391594,12,-165.30890638391594
3489,3,12,-82.73882969802135,1,-7.808756080935194
3490,30,12,-97.79392861672859,3,-68.71466132418306
3491,13,12,-85.44332130828904,1,-24.257161856809045
3492,20,12,-89.34693764525149,3,-42.025104283182344
3493,75,12,-177.53797429426584,12,-177.53797429426584
3494,11,12,-84.63205382862074,1,-19.32560286376086
3495,5,12,-83.00932314367421,1,-9.455237327983067
3496,16,12,-86.91362107098472,1,-33.19107800413937
3497,77,12,-182.66516071256729,12,-182.66516071256729
3498,62,12,-147.492844759646,12,-147.492844759646
3499,8,12,-83.66859579030925,1,-13.466492256876304
3500,27,12,-94.90536226632408,3,-59.5898777586643
3501,6,12,-83.19527859488348,1,-10.586867266464079
3502,42,12,-112.38502871842148,6,-96.03901273050752
3503,4,12,-82.85717276709248,1,-8.529172688515441
3504,15,12,-86.38973765322098,1,-30.008338880137654
3505,60,12,-143.3755650196889,12,-143.3755650196889
3506,0,12,-82.58666666666669,1,-6.8822222222222225
3507,39,12,-108.28184885147208,6,-88.50324560744662
3508,37,12,-105.71503806602566,6,-83.78879668536612
3509,6,12,-83.19527859488348,1,-10.586867266464079
3510,93,12,-228.5259880514485,20,-228.46014739973276
3511,58,12,-139.39301515084207,12,-139.39301515084207
3512,25,12,-93.14842757160632,3,-54.03884427687615
3513,76,12,-180.08474406613544,12,-180.08474406613544
3514,64,12,-151.74483656681207,12,-151.74483656681207
3515,62,12,-147.492844759646,12,-147.492844759646
3516,52,12,-128.2539228413562,6,-125.177939579655
3517,50,12,-124.81047053779731,6,-118.85564190652914
3518,49,12,-123.13930036828388,6,-115.78718783779036
3519,28,12,-95.83446470521845,3,-62.525063432602536
3520,71,12,-167.68740842638795,12,-167.68740842638795
3521,65,12,-153.92134393244743,12,-153.92134393244743
3522,50,12,-124.81047053779731,6,-118.85564190652914
3523,7,12,-83.41503688796908,1,-11.923979800667436
3524,26,12,-94.01001581178649,3,-56.76113061721671
3525,40,12,-109.61584921025063,6,-90.95329633472858
3526,61,12,-145.41736476856974,12,-145.41736476856974
3527,48,12,-121.50183715622016,6,-112.7805402942011
3528,22,12,-90.76623443917929,3,-46.51097281076241
3529,14,12,-85.8996369884651,1,-27.0303393518663
3530,63,12,-149.60200276748782,12,-149.60200276748782
3531,95,12,-234.86374178545628,20,-232.40560631336535
3532,85,12,-204.51951458063076,12,-204.51951458063076
3533,52,12,-128.2539228413562,6,-125.177939579655
3534,7,12,-83.41503688796908,1,-11.923979800667436
3535,36,12,-104.48223209634578,6,-81.52441352950547
3536,80,12,-190.60826966535672,12,-190.60826966535672
3537,70,12,-165.30890638391594,12,-165.30890638391594
3538,20,12,-89.34693764525149,3,-42.025104283182344
3539,38,12,-106.98157772725399,6,-86.11507655130762
3540,4,12,-82.85717276709248,1,-8.529172688515441
3541,16,12,-86.91362107098472,1,-33.19107800413937
3542,98,12,-244.6224017175923,20,-238.4808810119756
3543,56,12,-135.54521295910172,12,-135.54521295910172
3544,14,12,-85.8996369884651,1,-27.0303393518663
3545,15,12,-86.38973765322098,1,-30.008338880137654
3546,88,12,-213.26980172825859,12,-213.26980172825859
3547,14,12,-85.8996369884651,1,-27.0303393518663
3548,10,12,-84.27710649292833,1,-17.167386388250772
3549,4,12,-82.85717276709248,1,-8.529172688515441
3550,84,12,-201.67000297128635,12,-201.67000297128635
3551,52,12,-128.2539228413562,6,-125.177939579655
3552,75,12,-177.53797429426584,12,-177.53797429426584
3553,53,12,-130.0262005218131,6,-128.43176816621013
3554,93,12,-228.5259880514485,20,-228.46014739973276
3555,67,12,-158.37537046268577,12,-158.37537046268577
3556,44,12,-115.28909842694712,6,-101.37216560238318
3557,90,12,-219.27143120512085,12,-219.27143120512085
3558,91,12,-222.3226706914009,12,-222.3226706914009
3559,2,12,-82.65429616947476,1,-7.294070267709967
3560,60,12,-143.3755650196889,12,-143.3755650196889
3561,66,12,-156.13152263937536,12,-156.13152263937536
3562,23,12,-91.52653465497364,3,-48.91374309468091
3563,28,12,-95.83446470521845,3,-62.525063432602536
3564,53,12,-130.0262005218131,6,-128.43176816621013
3565,18,12,-88.0627272398999,3,-37.96561375881964
3566,59,12,-141.367447738551,12,-141.367447738551
3567,65,12,-153.92134393244743,12,-153.92134393244743
3568,68,12,-160.6528851776278,12,-160.6528851776278
3569,36,12,-104.48223209634578,6,-81.52441352950547
3570,81,12,-193.3232515767758,12,-193.3232515767758
3571,24,12,-92.32059977591312,3,-51.42304101039932
3572,89,12,-216.25380747683084,12,-216.25380747683084
3573,76,12,-180.08474406613544,12,-180.08474406613544
3574,34,12,-102.11783014653936,6,-77.18136743158533
3575,85,12,-204.51951458063076,12,-204.51951458063076
3576,56,12,-135.54521295910172,12,-135.54521295910172
3577,63,12,-149.60200276748782,12,-149.60200276748782
3578,73,12,-172.54538426876832,12,-172.54538426876832
3579,36,12,-104.48223209634578,6,-81.52441352950547
3580,41,12,-110.98357657528959,6,-93.46522121489485
3581,6,12,-83.19527859488348,1,-10.586867266464079
3582,17,12,-87.4712850103148,3,-36.095815994462484
3583,31,12,-98.82428562999917,6,-71.1312116538696
3584,6,12,-83.19527859488348,1,-10.586867266464079
3585,50,12,-124.81047053779731,6,-118.85564190652914
3586,16,12,-86.91362107098472,1,-33.19107800413937
3587,30,12,-97.79392861672859,3,-68.71466132418306
3588,28,12,-95.83446470521845,3,-62.525063432602536
3589,75,12,-177.53797429426584,12,-177.53797429426584
3590,32,12,-99.88838970893231,6,-73.08599843278336
3591,89,12,-216.25380747683084,12,-216.25380747683084
3592,38,12,-106.98157772725399,6,-86.11507655130762
3593,29,12,-96.79732089859871,3,-65.56666537455592
3594,2,12,-82.65429616947476,1,-7.294070267709967
3595,83,12,-198.854120452488,12,-198.854120452488
3596,76,12,-180.08474406613544,12,-180.08474406613544
3597,18,12,-88.0627272398999,3,-37.96561375881964
3598,64,12,-151.74483656681207,12,-151.74483656681207
3599,41,12,-110.98357657528959,6,-93.46522121489485
3600,22,12,-90.76623443917929,3,-46.51097281076241
3601,17,12,-87.4712850103148,3,-36.095815994462484
3602,42,12,-112.38502871842148,6,-96.03901273050752
3603,4,12,-82.85717276709248,1,-8.529172688515441
3604,4,12,-82.85717276709248,1,-8.529172688515441
3605,18,12,-88.0627272398999,3,-37.96561375881964
3606,69,12,-162.96406455953235,12,-162.96406455953235
3607,14,12,-85.8996369884651,1,-27.0303393518663
3608,10,12,-84.27710649292833,1,-17.167386388250772
3609,50,12,-124.81047053779731,6,-118.85564190652914
3610,93,12,-228.5259880514485,20,-228.46014739973276
3611,83,12,-198.854120452488,12,-198.854120452488
3612,34,12,-102.11783014653936,6,-77.18136743158533
3613,3,12,-82.73882969802135,1,-7.808756080935194
3614,8,12,-83.66859579030925,1,-13.466492256876304
3615,90,12,-219.27143120512085,12,-219.27143120512085
3616,82,12,-196.07186924674602,12,-196.07186924674602
3617,68,12,-160.6528851776278,12,-160.6528851776278
3618,7,12,-83.41503688796908,1,-11.923979800667436
3619,93,12,-228.5259880514485,20,-228.46014739973276
3620,35,12,-103.28316204691019,6,-79.32193460441326
3621,79,12,-187.92692573545764,12,-187.92692573545764
3622,46,12,-118.32804051309115,6,-106.95269482704867
3623,45,12,-116.79171153665492,6,-104.13151192781399
3624,67,12,-158.37537046268577,12,-158.37537046268577
3625,58,12,-139.39301515084207,12,-139.39301515084207
3626,3,12,-82.73882969802135,1,-7.808756080935194
3627,70,12,-165.30890638391594,12,-165.30890638391594
3628,66,12,-156.13152263937536,12,-156.13152263937536
3629,24,12,-92.32059977591312,3,-51.42304101039932
3630,55,12,-133.67184780709107,12,-133.67184780709107
3631,59,12,-141.367447738551,12,-141.367447738551
3632,35,12,-103.28316204691019,6,-79.32193460441326
3633,3,12,-82.73882969802135,1,-7.808756080935194
3634,71,12,-167.68740842638795,12,-167.68740842638795
3635,27,12,-94.90536226632408,3,-59.5898777586643
3636,66,12,-156.13152263937536,12,-156.13152263937536
3637,71,12,-167.68740842638795,12,-167.68740842638795
3638,10,12,-84.27710649292833,1,-17.167386388250772
3639,63,12,-149.60200276748782,12,-149.60200276748782
3640,5,12,-83.00932314367421,1,-9.455237327983067
3641,40,12,-109.61584921025063,6,-90.95329633472858
3642,86,12,-207.4026530580665,12,-207.4026530580665
3643,52,12,-128.2539228413562,6,-125.177939579655
3644,43,12,-113.8202034116098,6,-98.67466336494121
3645,65,12,-153.92134393244743,12,-153.92134393244743
3646,6,12,-83.19527859488348,1,-10.586867266464079
3647,28,12,-95.83446470521845,3,-62.525063432602536
3648,5,12,-83.00932314367421,1,-9.455237327983067
3649,74,12,-175.02485362057575,12,-175.02485362057575
3650,7,12,-83.41503688796908,1,-11.923979800667436
3651,29,12,-96.79732089859871,3,-65.56666537455592
3652,82,12,-196.07186924674602,12,-196.07186924674602
3653,47,12,-119.89808312874094,6,-109.83570678670114
3654,60,12,-143.3755650196889,12,-143.3755650196889
3655,63,12,-149.60200276748782,12,-149.60200276748782
3656,66,12,-156.13152263937536,12,-156.13152263937536
3657,41,12,-110.98357657528959,6,-93.46522121489485
3658,29,12,-96.79732089859871,3,-65.56666537455592
3659,96,12,-238.08302673965238,20,-234.40975389635224
3660,49,12,-123.13930036828388,6,-115.78718783779036
3661,60,12,-143.3755650196889,12,-143.3755650196889
3662,52,12,-128.2539228413562,6,-125.177939579655
3663,25,12,-93.14842757160632,3,-54.03884427687615
3664,36,12,-104.48223209634578,6,-81.52441352950547
3665,19,12,-88.68794552856191,3,-39.9420506223111
3666,96,12,-238.08302673965238,20,-234.40975389635224
3667,91,12,-222.3226706914009,12,-222.3226706914009
3668,26,12,-94.01001581178649,3,-56.76113061721671
3669,56,12,-135.54521295910172,12,-135.54521295910172
3670,56,12,-135.54521295910172,12,-135.54521295910172
3671,28,12,-95.83446470521845,3,-62.525063432602536
3672,45,12,-116.79171153665492,6,-104.13151192781399
3673,87,12,-210.3194161813455,12,-210.3194161813455
3674,82,12,-196.07186924674602,12,-196.07186924674602
3675,5,12,-83.00932314367421,1,-9.455237327983067
3676,65,12,-153.92134393244743,12,-153.92134393244743
3677,85,12,-204.51951458063076,12,-204.51951458063076
3678,34,12,-102.11783014653936,6,-77.18136743158533
3679,1,12,-82.6035744145978,1,-6.9851980409108565
3680,93,12,-228.5259880514485,20,-228.46014739973276
3681,98,12,-244.6224017175923,20,-238.4808810119756
3682,14,12,-85.8996369884651,1,-27.0303393518663
3683,30,12,-97.79392861672859,3,-68.71466132418306
3684,9,12,-83.95595306941537,1,-15.214321990937147
3685,54,12,-131.832176252549,6,-131.7473732422173
3686,27,12,-94.90536226632408,3,-59.5898777586643
3687,7,12,-83.41503688796908,1,-11.923979800667436
3688,76,12,-180.08474406613544,12,-180.08474406613544
3689,93,12,-228.5259880514485,20,-228.46014739973276
3690,36,12,-104.48223209634578,6,-81.52441352950547
3691,38,12,-106.98157772725399,6,-86.11507655130762
3692,92,12,-225.4075237139973,12,-225.4075237139973
3693,85,12,-204.51951458063076,12,-204.51951458063076
3694,87,12,-210.3194161813455,12,-210.3194161813455
3695,37,12,-105.71503806602566,6,-83.78879668536612
3696,20,12,-89.34693764525149,3,-42.025104283182344
3697,13,12,-85.44332130828904,1,-24.257161856809045
3698,40,12,-109.61584921025063,6,-90.95329633472858
3699,50,12,-124.81047053779731,6,-118.85564190652914
3700,54,12,-131.832176252549,6,-131.7473732422173
3701,65,12,-153.92134393244743,12,-153.92134393244743
3702,72,12,-170.09956846271837,12,-170.09956846271837
3703,58,12,-139.39301515084207,12,-139.39301515084207
3704,73,12,-172.54538426876832,12,-172.54538426876832
3705,49,12,-123.13930036828388,6,-115.78718783779036
3706,17,12,-87.4712850103148,3,-36.095815994462484
3707,49,12,-123.13930036828388,6,-115.78718783779036
3708,89,12,-216.25380747683084,12,-216.25380747683084
3709,87,12,-210.3194161813455,12,-210.3194161813455
3710,57,12,-137.45226948237894,12,-137.45226948237894
3711,74,12,-175.02485362057575,12,-175.02485362057575
3712,90,12,-219.27143120512085,12,-219.27143120512085
3713,13,12,-85.44332130828904,1,-24.257161856809045
3714,31,12,-98.82428562999917,6,-71.1312116538696
3715,21,12,-90.03970135905276,3,-44.21475244382181
3716,97,12,-241.33591412399238,20,-236.43484574939123
3717,1,12,-82.6035744145978,1,-6.9851980409108565
3718,96,12,-238.08302673965238,20,-234.40975389635224
3719,43,12,-113.8202034116098,6,-98.67466336494121
3720,55,12,-133.67184780709107,12,-133.67184780709107
3721,70,12,-165.30890638391594,12,-165.30890638391594
3722,34,12,-102.11783014653936,6,-77.18136743158533
3723,94,12,-231.6780614823333,20,-230.42240386096492
3724,46,12,-118.32804051309115,6,-106.95269482704867
3725,90,12,-219.27143120512085,12,-219.27143120512085
3726,17,12,-87.4712850103148,3,-36.095815994462484
3727,12,12,-85.02079284439587,1,-21.68888886194659
3728,52,12,-128.2539228413562,6,-125.177939579655
3729,47,12,-119.89808312874094,6,-109.83570678670114
3730,39,12,-108.28184885147208,6,-88.50324560744662
3731,48,12,-121.50183715622016,6,-112.7805402942011
3732,55,12,-133.67184780709107,12,-133.67184780709107
3733,25,12,-93.14842757160632,3,-54.03884427687615
3734,64,12,-151.74483656681207,12,-151.74483656681207
3735,60,12,-143.3755650196889,12,-143.3755650196889
3736,30,12,-97.79392861672859,3,-68.71466132418306
3737,92,12,-225.4075237139973,12,-225.4075237139973
3738,87,12,-210.3194161813455,12,-210.3194161813455
3739,79,12,-187.92692573545764,12,-187.92692573545764
3740,38,12,-106.98157772725399,6,-86.11507655130762
3741,86,12,-207.4026530580665,12,-207.4026530580665
3742,48,12,-121.50183715622016,6,-112.7805402942011
3743,7,12,-83.41503688796908,1,-11.923979800667436
3744,37,12,-105.71503806602566,6,-83.78879668536612
3745,66,12,-156.13152263937536,12,-156.13152263937536
3746,77,12,-182.66516071256729,12,-182.66516071256729
3747,20,12,-89.34693764525149,3,-42.025104283182344
3748,46,12,-118.32804051309115,6,-106.95269482704867
3749,93,12,-228.5259880514485,20,-228.46014739973276
3750,32,12,-99.88838970893231,6,-73.08599843278336
3751,52,12,-128.2539228413562,6,-125.177939579655
3752,55,12,-133.67184780709107,12,-133.67184780709107
3753,19,12,-88.68794552856191,3,-39.9420506223111
3754,56,12,-135.54521295910172,12,-135.54521295910172
3755,22,12,-90.76623443917929,3,-46.51097281076241
3756,86,12,-207.4026530580665,12,-207.4026530580665
3757,60,12,-143.3755650196889,12,-143.3755650196889
3758,34,12,-102.11783014653936,6,-77.18136743158533
3759,61,12,-145.41736476856974,12,-145.41736476856974
3760,54,12,-131.832176252549,6,-131.7473732422173
3761,38,12,-106.98157772725399,6,-86.11507655130762
3762,85,12,-204.51951458063076,12,-204.51951458063076
3763,92,12,-225.4075237139973,12,-225.4075237139973
3764,48,12,-121.50183715622016,6,-112.7805402942011
3765,34,12,-102.11783014653936,6,-77.18136743158533
3766,61,12,-145.41736476856974,12,-145.41736476856974
3767,65,12,-153.92134393244743,12,-153.92134393244743
3768,54,12,-131.832176252549,6,-131.7473732422173
3769,17,12,-87.4712850103148,3,-36.095815994462484
3770,52,12,-128.2539228413562,6,-125.177939579655
3771,34,12,-102.11783014653936,6,-77.18136743158533
3772,43,12,-113.8202034116098,6,-98.67466336494121
3773,13,12,-85.44332130828904,1,-24.257161856809045
3774,17,12,-87.4712850103148,3,-36.095815994462484
3775,31,12,-98.82428562999917,6,-71.1312116538696
3776,21,12,-90.03970135905276,3,-44.21475244382181
3777,98,12,-244.6224017175923,20,-238.4808810119756
3778,1,12,-82.6035744145978,1,-6.9851980409108565
3779,69,12,-162.96406455953235,12,-162.96406455953235
3780,47,12,-119.89808312874094,6,-109.83570678670114
3781,38,12,-106.98157772725399,6,-86.11507655130762
3782,63,12,-149.60200276748782,12,-149.60200276748782
3783,31,12,-98.82428562999917,6,-71.1312116538696
3784,92,12,-225.4075237139973,12,-225.4075237139973
3785,68,12,-160.6528851776278,12,-160.6528851776278
3786,37,12,-105.71503806602566,6,-83.78879668536612
3787,7,12,-83.41503688796908,1,-11.923979800667436
3788,67,12,-158.37537046268577,12,-158.37537046268577
3789,54,12,-131.832176252549,6,-131.7473732422173
3790,21,12,-90.03970135905276,3,-44.21475244382181
3791,21,12,-90.03970135905276,3,-44.21475244382181
3792,57,12,-137.45226948237894,12,-137.45226948237894
3793,90,12,-219.27143120512085,12,-219.27143120512085
3794,66,12,-156.13152263937536,12,-156.13152263937536
3795,92,12,-225.4075237139973,12,-225.4075237139973
3796,47,12,-119.89808312874094,6,-109.83570678670114
3797,32,12,-99.88838970893231,6,-73.08599843278336
3798,33,12,-100.9862386241835,6,-75.10271953333199
3799,99,12,-247.94248729970576,20,-240.54785882360903
3800,58,12,-139.39301515084207,12,-139.39301515084207
3801,32,12,-99.88838970893231,6,-73.08599843278336
3802,17,12,-87.4712850103148,3,-36.095815994462484
3803,9,12,-83.95595306941537,1,-15.214321990937147
3804,99,12,-247.94248729970576,20,-240.54785882360903
3805,44,12,-115.28909842694712,6,-101.37216560238318
3806,86,12,-207.4026530580665,12,-207.4026530580665
3807,5,12,-83.00932314367421,1,-9.455237327983067
3808,86,12,-207.4026530580665,12,-207.4026530580665
3809,9,12,-83.95595306941537,1,-15.214321990937147
3810,65,12,-153.92134393244743,12,-153.92134393244743
3811,61,12,-145.41736476856974,12,-145.41736476856974
3812,5,12,-83.00932314367421,1,-9.455237327983067
3813,68,12,-160.6528851776278,12,-160.6528851776278
3814,7,12,-83.41503688796908,1,-11.923979800667436
3815,54,12,-131.832176252549,6,-131.7473732422173
3816,19,12,-88.68794552856191,3,-39.9420506223111
3817,51,12,-126.51534543777501,6,-121.9858949902555
3818,38,12,-106.98157772725399,6,-86.11507655130762
3819,13,12,-85.44332130828904,1,-24.257161856809045
3820,11,12,-84.63205382862074,1,-19.32560286376086
3821,87,12,-210.3194161813455,12,-210.3194161813455
3822,54,12,-131.832176252549,6,-131.7473732422173
3823,53,12,-130.0262005218131,6,-128.43176816621013
3824,75,12,-177.53797429426584,12,-177.53797429426584
3825,40,12,-109.61584921025063,6,-90.95329633472858
3826,95,12,-234.86374178545628,20,-232.40560631336535
3827,3,12,-82.73882969802135,1,-7.808756080935194
3828,61,12,-145.41736476856974,12,-145.41736476856974
3829,2,12,-82.65429616947476,1,-7.294070267709967
3830,71,12,-167.68740842638795,12,-167.68740842638795
3831,2,12,-82.65429616947476,1,-7.294070267709967
3832,25,12,-93.14842757160632,3,-54.03884427687615
3833,46,12,-118.32804051309115,6,-106.95269482704867
3834,5,12,-83.00932314367421,1,-9.455237327983067
3835,16,12,-86.91362107098472,1,-33.19107800413937
3836,8,12,-83.66859579030925,1,-13.466492256876304
3837,81,12,-193.3232515767758,12,-193.3232515767758
3838,92,12,-225.4075237139973,12,-225.4075237139973
3839,78,12,-185.27922201012348,12,-185.27922201012348
3840,56,12,-135.54521295910172,12,-135.54521295910172
3841,6,12,-83.19527859488348,1,-10.586867266464079
3842,77,12,-182.66516071256729,12,-182.66516071256729
3843,56,12,-135.54521295910172,12,-135.54521295910172
3844,92,12,-225.4075237139973,12,-225.4075237139973
3845,3,12,-82.73882969802135,1,-7.808756080935194
3846,59,12,-141.367447738551,12,-141.367447738551
3847,4,12,-82.85717276709248,1,-8.529172688515441
3848,0,12,-82.58666666666669,1,-6.8822222222222225
3849,75,12,-177.53797429426584,12,-177.53797429426584
3850,38,12,-106.98157772725399,6,-86.11507655130762
3851,6,12,-83.19527859488348,1,-10.586867266464079
3852,20,12,-89.34693764525149,3,-42.025104283182344
3853,70,12,-165.30890638391594,12,-165.30890638391594
3854,16,12,-86.91362107098472,1,-33.19107800413937
3855,64,12,-151.74483656681207,12,-151.74483656681207
3856,67,12,-158.37537046268577,12,-158.37537046268577
3857,69,12,-162.96406455953235,12,-162.96406455953235
3858,61,12,-145.41736476856974,12,-145.41736476856974
3859,39,12,-108.28184885147208,6,-88.50324560744662
3860,59,12,-141.367447738551,12,-141.367447738551
3861,80,12,-190.60826966535672,12,-190.60826966535672
3862,89,12,-216.25380747683084,12,-216.25380747683084
3863,94,12,-231.6780614823333,20,-230.42240386096492
3864,27,12,-94.90536226632408,3,-59.5898777586643
3865,75,12,-177.53797429426584,12,-177.53797429426584
3866,64,12,-151.74483656681207,12,-151.74483656681207
3867,33,12,-100.9862386241835,6,-75.10271953333199
3868,25,12,-93.14842757160632,3,-54.03884427687615
3869,52,12,-128.2539228413562,6,-125.177939579655
3870,14,12,-85.8996369884651,1,-27.0303393518663
3871,48,12,-121.50183715622016,6,-112.7805402942011
3872,34,12,-102.11783014653936,6,-77.18136743158533
3873,40,12,-109.61584921025063,6,-90.95329633472858
3874,50,12,-124.81047053779731,6,-118.85564190652914
3875,62,12,-147.492844759646,12,-147.492844759646
3876,43,12,-113.8202034116098,6,-98.67466336494121
3877,38,12,-106.98157772725399,6,-86.11507655130762
3878,19,12,-88.68794552856191,3,-39.9420506223111
3879,42,12,-112.38502871842148,6,-96.03901273050752
3880,98,12,-244.6224017175923,20,-238.4808810119756
3881,21,12,-90.03970135905276,3,-44.21475244382181
3882,20,12,-89.34693764525149,3,-42.025104283182344
3883,90,12,-219.27143120512085,12,-219.27143120512085
3884,35,12,-103.28316204691019,6,-79.32193460441326
3885,27,12,-94.90536226632408,3,-59.5898777586643
3886,3,12,-82.73882969802135,1,-7.808756080935194
3887,89,12,-216.25380747683084,12,-216.25380747683084
3888,7,12,-83.41503688796908,1,-11.923979800667436
3889,4,12,-82.85717276709248,1,-8.529172688515441
3890,4,12,-82.85717276709248,1,-8.529172688515441
3891,53,12,-130.0262005218131,6,-128.43176816621013
3892,9,12,-83.95595306941537,1,-15.214321990937147
3893,68,12,-160.6528851776278,12,-160.6528851776278
3894,33,12,-100.9862386241835,6,-75.10271953333199
3895,49,12,-123.13930036828388,6,-115.78718783779036
3896,74,12,-175.02485362057575,12,-175.02485362057575
3897,23,12,-91.52653465497364,3,-48.91374309468091
3898,57,12,-137.45226948237894,12,-137.45226948237894
3899,96,12,-238.08302673965238,20,-234.40975389635224
3900,77,12,-182.66516071256729,12,-182.66516071256729
3901,21,12,-90.03970135905276,3,-44.21475244382181
3902,92,12,-225.4075237139973,12,-225.4075237139973
3903,23,12,-91.52653465497364,3,-48.91374309468091
3904,5,12,-83.00932314367421,1,-9.455237327983067
3905,61,12,-145.41736476856974,12,-145.41736476856974
3906,2,12,-82.65429616947476,1,-7.294070267709967
3907,0,12,-82.58666666666669,1,-6.8822222222222225
3908,9,12,-83.95595306941537,1,-15.214321990937147
3909,71,12,-167.68740842638795,12,-167.68740842638795
3910,29,12,-96.79732089859871,3,-65.56666537455592
3911,21,12,-90.03970135905276,3,-44.21475244382181
3912,80,12,-190.60826966535672,12,-190.60826966535672
3913,78,12,-185.27922201012348,12,-185.27922201012348
3914,83,12,-198.854120452488,12,-198.854120452488
3915,37,12,-105.71503806602566,6,-83.78879668536612
3916,90,12,-219.27143120512085,12,-219.27143120512085
3917,76,12,-180.08474406613544,12,-180.08474406613544
3918,79,12,-187.92692573545764,12,-187.92692573545764
3919,83,12,-198.854120452488,12,-198.854120452488
3920,18,12,-88.0627272398999,3,-37.96561375881964
3921,66,12,-156.13152263937536,12,-156.13152263937536
3922,16,12,-86.91362107098472,1,-33.19107800413937
3923,75,12,-177.53797429426584,12,-177.53797429426584
3924,99,12,-247.94248729970576,20,-240.54785882360903
3925,9,12,-83.95595306941537,1,-15.214321990937147
3926,73,12,-172.54538426876832,12,-172.54538426876832
3927,30,12,-97.79392861672859,3,-68.71466132418306
3928,22,12,-90.76623443917929,3,-46.51097281076241
3929,20,12,-89.34693764525149,3,-42.025104283182344
3930,83,12,-198.854120452488,12,-198.854120452488
3931,68,12,-160.6528851776278,12,-160.6528851776278
3932,79,12,-187.92692573545764,12,-187.92692573545764
3933,33,12,-100.9862386241835,6,-75.10271953333199
3934,64,12,-151.74483656681207,12,-151.74483656681207
3935,15,12,-86.38973765322098,1,-30.008338880137654
3936,77,12,-182.66516071256729,12,-182.66516071256729
3937,9,12,-83.95595306941537,1,-15.214321990937147
3938,49,12,-123.13930036828388,6,-115.78718783779036
3939,10,12,-84.27710649292833,1,-17.167386388250772
3940,34,12,-102.11783014653936,6,-77.18136743158533
3941,39,12,-108.28184885147208,6,-88.50324560744662
3942,48,12,-121.50183715622016,6,-112.7805402942011
3943,44,12,-115.28909842694712,6,-101.37216560238318
3944,1,12,-82.6035744145978,1,-6.9851980409108565
3945,72,12,-170.09956846271837,12,-170.09956846271837
3946,0,12,-82.58666666666669,1,-6.8822222222222225
3947,11,12,-84.63205382862074,1,-19.32560286376086
3948,26,12,-94.01001581178649,3,-56.76113061721671
3949,94,12,-231.6780614823333,20,-230.42240386096492
3950,42,12,-112.38502871842148,6,-96.03901273050752
3951,19,12,-88.68794552856191,3,-39.9420506223111
3952,85,12,-204.51951458063076,12,-204.51951458063076
3953,1,12,-82.6035744145978,1,-6.9851980409108565
3954,60,12,-143.3755650196889,12,-143.3755650196889
3955,82,12,-196.07186924674602,12,-196.07186924674602
3956,92,12,-225.4075237139973,12,-225.4075237139973
3957,62,12,-147.492844759646,12,-147.492844759646
3958,11,12,-84.63205382862074,1,-19.32560286376086
3959,49,12,-123.13930036828388,6,-115.78718783779036
3960,63,12,-149.60200276748782,12,-149.60200276748782
3961,9,12,-83.95595306941537,1,-15.214321990937147
3962,24,12,-92.32059977591312,3,-51.42304101039932
3963,68,12,-160.6528851776278,12,-160.6528851776278
3964,26,12,-94.01001581178649,3,-56.76113061721671
3965,52,12,-128.2539228413562,6,-125.177939579655
3966,54,12,-131.832176252549,6,-131.7473732422173
3967,85,12,-204.51951458063076,12,-204.51951458063076
3968,78,12,-185.27922201012348,12,-185.27922201012348
3969,29,12,-96.79732089859871,3,-65.56666537455592
3970,1,12,-82.6035744145978,1,-6.9851980409108565
3971,78,12,-185.27922201012348,12,-185.27922201012348
3972,0,12,-82.58666666666669,1,-6.8822222222222225
3973,15,12,-86.38973765322098,1,-30.008338880137654
3974,33,12,-100.9862386241835,6,-75.10271953333199
3975,32,12,-99.88838970893231,6,-73.08599843278336
3976,69,12,-162.96406455953235,12,-162.96406455953235
3977,30,12,-97.79392861672859,3,-68.71466132418306
3978,47,12,-119.89808312874094,6,-109.83570678670114
3979,58,12,-139.39301515084207,12,-139.39301515084207
3980,73,12,-172.54538426876832,12,-172.54538426876832
3981,7,12,-83.41503688796908,1,-11.923979800667436
3982,30,12,-97.79392861672859,3,-68.71466132418306
3983,85,12,-204.51951458063076,12,-204.51951458063076
3984,30,12,-97.79392861672859,3,-68.71466132418306
3985,41,12,-110.98357657528959,6,-93.46522121489485
3986,8,12,-83.66859579030925,1,-13.466492256876304
3987,65,12,-153.92134393244743,12,-153.92134393244743
3988,85,12,-204.51951458063076,12,-204.51951458063076
3989,8,12,-83.66859579030925,1,-13.466492256876304
3990,49,12,-123.13930036828388,6,-115.78718783779036
3991,64,12,-151.74483656681207,12,-151.74483656681207
3992,91,12,-222.3226706914009,12,-222.3226706914009
3993,50,12,-124.81047053779731,6,-118.85564190652914
3994,48,12,-121.50183715622016,6,-112.7805402942011
3995,89,12,-216.25380747683084,12,-216.25380747683084
3996,29,12,-96.79732089859871,3,-65.56666537455592
3997,71,12,-167.68740842638795,12,-167.68740842638795
3998,26,12,-94.01001581178649,3,-56.76113061721671
3999,95,12,-234.86374178545628,20,-232.40560631336535
4000,14,12,-85.8996369884651,1,-27.0303393518663
4001,19,12,-88.68794552856191,3,-39.9420506223111
4002,8,12,-83.66859579030925,1,-13.466492256876304
4003,39,12,-108.28184885147208,6,-88.50324560744662
4004,29,12,-96.79732089859871,3,-65.56666537455592
4005,23,12,-91.52653465497364,3,-48.91374309468091
4006,77,12,-182.66516071256729,12,-182.66516071256729
4007,40,12,-109.61584921025063,6,-90.95329633472858
4008,1,12,-82.6035744145978,1,-6.9851980409108565
4009,89,12,-216.25380747683084,12,-216.25380747683084
4010,88,12,-213.26980172825859,12,-213.26980172825859
4011,30,12,-97.79392861672859,3,-68.71466132418306
4012,41,12,-110.98357657528959,6,-93.46522121489485
4013,80,12,-190.60826966535672,12,-190.60826966535672
4014,62,12,-147.492844759646,12,-147.492844759646
4015,75,12,-177.53797429426584,12,-177.53797429426584
4016,71,12,-167.68740842638795,12,-167.68740842638795
4017,85,12,-204.51951458063076,12,-204.51951458063076
4018,88,12,-213.26980172825859,12,-213.26980172825859
4019,37,12,-105.71503806602566,6,-83.78879668536612
4020,43,12,-113.8202034116098,6,-98.67466336494121
4021,59,12,-141.367447738551,12,-141.367447738551
4022,36,12,-104.48223209634578,6,-81.52441352950547
4023,32,12,-99.88838970893231,6,-73.08599843278336
4024,73,12,-172.54538426876832,12,-172.54538426876832
4025,16,12,-86.91362107098472,1,-33.19107800413937
4026,35,12,-103.28316204691019,6,-79.32193460441326
4027,3,12,-82.73882969802135,1,-7.808756080935194
4028,39,12,-108.28184885147208,6,-88.50324560744662
4029,37,12,-105.71503806602566,6,-83.78879668536612
4030,3,12,-82.73882969802135,1,-7.808756080935194
4031,40,12,-109.61584921025063,6,-90.95329633472858
4032,58,12,-139.39301515084207,12,-139.39301515084207
4033,99,12,-247.94248729970576,20,-240.54785882360903
4034,1,12,-82.6035744145978,1,-6.9851980409108565
4035,3,12,-82.73882969802135,1,-7.808756080935194
4036,11,12,-84.63205382862074,1,-19.32560286376086
4037,3,12,-82.73882969802135,1,-7.808756080935194
4038,59,12,-141.367447738551,12,-141.367447738551
4039,12,12,-85.02079284439587,1,-21.68888886194659
4040,96,12,-238.08302673965238,20,-234.40975389635224
4041,39,12,-108.28184885147208,6,-88.50324560744662
4042,50,12,-124.81047053779731,6,-118.85564190652914
4043,0,12,-82.58666666666669,1,-6.8822222222222225
4044,54,12,-131.832176252549,6,-131.7473732422173
4045,54,12,-131.832176252549,6,-131.7473732422173
4046,87,12,-210.3194161813455,12,-210.3194161813455
4047,71,12,-167.68740842638795,12,-167.68740842638795
4048,59,12,-141.367447738551,12,-141.367447738551
4049,65,12,-153.92134393244743,12,-153.92134393244743
4050,98,12,-244.6224017175923,20,-238.4808810119756
4051,13,12,-85.44332130828904,1,-24.257161856809045
4052,56,12,-135.54521295910172,12,-135.54521295910172
4053,30,12,-97.79392861672859,3,-68.71466132418306
4054,85,12,-204.51951458063076,12,-204.51951458063076
4055,81,12,-193.3232515767758,12,-193.3232515767758
4056,23,12,-91.52653465497364,3,-48.91374309468091
4057,35,12,-103.28316204691019,6,-79.32193460441326
4058,33,12,-100.9862386241835,6,-75.10271953333199
4059,6,12,-83.19527859488348,1,-10.586867266464079
4060,24,12,-92.32059977591312,3,-51.42304101039932
4061,34,12,-102.11783014653936,6,-77.18136743158533
4062,57,12,-137.45226948237894,12,-137.45226948237894
4063,73,12,-172.54538426876832,12,-172.54538426876832
4064,24,12,-92.32059977591312,3,-51.42304101039932
4065,93,12,-228.5259880514485,20,-228.46014739973276
4066,5,12,-83.00932314367421,1,-9.455237327983067
4067,48,12,-121.50183715622016,6,-112.7805402942011
4068,25,12,-93.14842757160632,3,-54.03884427687615
4069,68,12,-160.6528851776278,12,-160.6528851776278
4070,38,12,-106.98157772725399,6,-86.11507655130762
4071,0,12,-82.58666666666669,1,-6.8822222222222225
4072,59,12,-141.367447738551,12,-141.367447738551
4073,78,12,-185.27922201012348,12,-185.27922201012348
4074,73,12,-172.54538426876832,12,-172.54538426876832
4075,50,12,-124.81047053779731,6,-118.85564190652914
4076,28,12,-95.83446470521845,3,-62.525063432602536
4077,15,12,-86.38973765322098,1,-30.008338880137654
4078,66,12,-156.13152263937536,12,-156.13152263937536
4079,36,12,-104.48223209634578,6,-81.52441352950547
4080,7,12,-83.41503688796908,1,-11.923979800667436
4081,81,12,-193.3232515767758,12,-193.3232515767758
4082,31,12,-98.82428562999917,6,-71.1312116538696
4083,43,12,-113.8202034116098,6,-98.67466336494121
4084,41,12,-110.98357657528959,6,-93.46522121489485
4085,79,12,-187.92692573545764,12,-187.92692573545764
4086,28,12,-95.83446470521845,3,-62.525063432602536
4087,54,12,-131.832176252549,6,-131.7473732422173
4088,52,12,-128.2539228413562,6,-125.177939579655
4089,42,12,-112.38502871842148,6,-96.03901273050752
4090,31,12,-98.82428562999917,6,-71.1312116538696
4091,86,12,-207.4026530580665,12,-207.4026530580665
4092,57,12,-137.45226948237894,12,-137.45226948237894
4093,23,12,-91.52653465497364,3,-48.91374309468091
4094,68,12,-160.6528851776278,12,-160.6528851776278
4095,64,12,-151.74483656681207,12,-151.74483656681207
4096,17,12,-87.4712850103148,3,-36.095815994462484
4097,70,12,-165.30890638391594,12,-165.30890638391594
4098,68,12,-160.6528851776278,12,-160.6528851776278
4099,75,12,-177.53797429426584,12,-177.53797429426584
4100,96,12,-238.08302673965238,20,-234.40975389635224
4101,80,12,-190.60826966535672,12,-190.60826966535672
4102,2,12,-82.65429616947476,1,-7.294070267709967
4103,74,12,-175.02485362057575,12,-175.02485362057575
4104,39,12,-108.28184885147208,6,-88.50324560744662
4105,38,12,-106.98157772725399,6,-86.11507655130762
4106,54,12,-131.832176252549,6,-131.7473732422173
4107,0,12,-82.58666666666669,1,-6.8822222222222225
4108,9,12,-83.95595306941537,1,-15.214321990937147
4109,75,12,-177.53797429426584,12,-177.53797429426584
4110,44,12,-115.28909842694712,6,-101.37216560238318
4111,52,12,-128.2539228413562,6,-125.177939579655
4112,81,12,-193.3232515767758,12,-193.3232515767758
4113,47,12,-119.89808312874094,6,-109.83570678670114
4114,69,12,-162.96406455953235,12,-162.96406455953235
4115,48,12,-121.50183715622016,6,-112.7805402942011
4116,38,12,-106.98157772725399,6,-86.11507655130762
4117,36,12,-104.48223209634578,6,-81.52441352950547
4118,4,12,-82.85717276709248,1,-8.529172688515441
4119,75,12,-177.53797429426584,12,-177.53797429426584
4120,39,12,-108.28184885147208,6,-88.50324560744662
4121,93,12,-228.5259880514485,20,-228.46014739973276
4122,62,12,-147.492844759646,12,-147.492844759646
4123,45,12,-116.79171153665492,6,-104.13151192781399
4124,75,12,-177.53797429426584,12,-177.53797429426584
4125,42,12,-112.38502871842148,6,-96.03901273050752
4126,32,12,-99.88838970893231,6,-73.08599843278336
4127,1,12,-82.6035744145978,1,-6.9851980409108565
4128,47,12,-119.89808312874094,6,-109.83570678670114
4129,34,12,-102.11783014653936,6,-77.18136743158533
4130,42,12,-112.38502871842148,6,-96.03901273050752
4131,42,12,-112.38502871842148,6,-96.03901273050752
4132,74,12,-175.02485362057575,12,-175.02485362057575
4133,42,12,-112.38502871842148,6,-96.03901273050752
4134,46,12,-118.32804051309115,6,-106.95269482704867
4135,79,12,-187.92692573545764,12,-187.92692573545764
4136,90,12,-219.27143120512085,12,-219.27143120512085
4137,40,12,-109.61584921025063,6,-90.95329633472858
4138,80,12,-190.60826966535672,12,-190.60826966535672
4139,43,12,-113.8202034116098,6,-98.67466336494121
4140,92,12,-225.4075237139973,12,-225.4075237139973
4141,64,12,-151.74483656681207,12,-151.74483656681207
4142,63,12,-149.60200276748782,12,-149.60200276748782
4143,44,12,-115.28909842694712,6,-101.37216560238318
4144,2,12,-82.65429616947476,1,-7.294070267709967
4145,22,12,-90.76623443917929,3,-46.51097281076241
4146,24,12,-92.32059977591312,3,-51.42304101039932
4147,44,12,-115.28909842694712,6,-101.37216560238318
4148,83,12,-198.854120452488,12,-198.854120452488
4149,94,12,-231.6780614823333,20,-230.42240386096492
4150,77,12,-182.66516071256729,12,-182.66516071256729
4151,7,12,-83.41503688796908,1,-11.923979800667436
4152,83,12,-198.854120452488,12,-198.854120452488
4153,99,12,-247.94248729970576,20,-240.54785882360903
4154,53,12,-130.0262005218131,6,-128.43176816621013
4155,62,12,-147.492844759646,12,-147.492844759646
4156,29,12,-96.79732089859871,3,-65.56666537455592
4157,84,12,-201.67000297128635,12,-201.67000297128635
4158,8,12,-83.66859579030925,1,-13.466492256876304
4159,74,12,-175.02485362057575,12,-175.02485362057575
4160,41,12,-110.98357657528959,6,-93.46522121489485
4161,34,12,-102.11783014653936,6,-77.18136743158533
4162,46,12,-118.32804051309115,6,-106.95269482704867
4163,61,12,-145.41736476856974,12,-145.41736476856974
4164,75,12,-177.53797429426584,12,-177.53797429426584
4165,72,12,-170.09956846271837,12,-170.09956846271837
4166,55,12,-133.67184780709107,12,-133.67184780709107
4167,85,12,-204.51951458063076,12,-204.51951458063076
4168,68,12,-160.6528851776278,12,-160.6528851776278
4169,47,12,-119.89808312874094,6,-109.83570678670114
4170,7,12,-83.41503688796908,1,-11.923979800667436
4171,56,12,-135.54521295910172,12,-135.54521295910172
4172,85,12,-204.51951458063076,12,-204.51951458063076
4173,86,12,-207.4026530580665,12,-207.4026530580665
4174,70,12,-165.30890638391594,12,-165.30890638391594
4175,19,12,-88.68794552856191,3,-39.9420506223111
4176,43,12,-113.8202034116098,6,-98.67466336494121
4177,70,12,-165.30890638391594,12,-165.30890638391594
4178,96,12,-238.08302673965238,20,-234.40975389635224
4179,86,12,-207.4026530580665,12,-207.4026530580665
4180,21,12,-90.03970135905276,3,-44.21475244382181
4181,11,12,-84.63205382862074,1,-19.32560286376086
4182,43,12,-113.8202034116098,6,-98.67466336494121
4183,67,12,-158.37537046268577,12,-158.37537046268577
4184,96,12,-238.08302673965238,20,-234.40975389635224
4185,29,12,-96.79732089859871,3,-65.56666537455592
4186,21,12,-90.03970135905276,3,-44.21475244382181
4187,81,12,-193.3232515767758,12,-193.3232515767758
4188,69,12,-162.96406455953235,12,-162.96406455953235
4189,91,12,-222.3226706914009,12,-222.3226706914009
4190,1,12,-82.6035744145978,1,-6.9851980409108565
4191,33,12,-100.9862386241835,6,-75.10271953333199
4192,40,12,-109.61584921025063,6,-90.95329633472858
4193,43,12,-113.8202034116098,6,-98.67466336494121
4194,51,12,-126.51534543777501,6,-121.9858949902555
4195,94,12,-231.6780614823333,20,-230.42240386096492
4196,82,12,-196.07186924674602,12,-196.07186924674602
4197,54,12,-131.832176252549,6,-131.7473732422173
4198,79,12,-187.92692573545764,12,-187.92692573545764
4199,51,12,-126.51534543777501,6,-121.9858949902555
4200,45,12,-116.79171153665492,6,-104.13151192781399
4201,93,12,-228.5259880514485,20,-228.46014739973276
4202,4,12,-82.85717276709248,1,-8.529172688515441
4203,56,12,-135.54521295910172,12,-135.54521295910172
4204,48,12,-121.50183715622016,6,-112.7805402942011
4205,20,12,-89.34693764525149,3,-42.025104283182344
4206,16,12,-86.91362107098472,1,-33.19107800413937
4207,53,12,-130.0262005218131,6,-128.43176816621013
4208,85,12,-204.51951458063076,12,-204.51951458063076
4209,66,12,-156.13152263937536,12,-156.13152263937536
4210,20,12,-89.34693764525149,3,-42.025104283182344
4211,56,12,-135.54521295910172,12,-135.54521295910172
4212,24,12,-92.32059977591312,3,-51.42304101039932
4213,43,12,-113.8202034116098,6,-98.67466336494121
4214,84,12,-201.67000297128635,12,-201.67000297128635
4215,63,12,-149.60200276748782,12,-149.60200276748782
4216,15,12,-86.38973765322098,1,-30.008338880137654
4217,97,12,-241.33591412399238,20,-236.43484574939123
4218,24,12,-92.32059977591312,3,-51.42304101039932
4219,88,12,-213.26980172825859,12,-213.26980172825859
4220,91,12,-222.3226706914009,12,-222.3226706914009
4221,61,12,-145.41736476856974,12,-145.41736476856974
4222,3,12,-82.73882969802135,1,-7.808756080935194
4223,19,12,-88.68794552856191,3,-39.9420506223111
4224,12,12,-85.02079284439587,1,-21.68888886194659
4225,44,12,-115.28909842694712,6,-101.37216560238318
4226,74,12,-175.02485362057575,12,-175.02485362057575
4227,9,12,-83.95595306941537,1,-15.214321990937147
4228,63,12,-149.60200276748782,12,-149.60200276748782
4229,92,12,-225.4075237139973,12,-225.4075237139973
4230,46,12,-118.32804051309115,6,-106.95269482704867
4231,95,12,-234.86374178545628,20,-232.40560631336535
4232,87,12,-210.3194161813455,12,-210.3194161813455
4233,13,12,-85.44332130828904,1,-24.257161856809045
4234,69,12,-162.96406455953235,12,-162.96406455953235
4235,45,12,-116.79171153665492,6,-104.13151192781399
4236,7,12,-83.41503688796908,1,-11.923979800667436
4237,41,12,-110.98357657528959,6,-93.46522121489485
4238,16,12,-86.91362107098472,1,-33.19107800413937
4239,50,12,-124.81047053779731,6,-118.85564190652914
4240,39,12,-108.28184885147208,6,-88.50324560744662
4241,35,12,-103.28316204691019,6,-79.32193460441326
4242,28,12,-95.83446470521845,3,-62.525063432602536
4243,81,12,-193.3232515767758,12,-193.3232515767758
4244,37,12,-105.71503806602566,6,-83.78879668536612
4245,1,12,-82.6035744145978,1,-6.9851980409108565
4246,81,12,-193.3232515767758,12,-193.3232515767758
4247,30,12,-97.79392861672859,3,-68.71466132418306
4248,34,12,-102.11783014653936,6,-77.18136743158533
4249,3,12,-82.73882969802135,1,-7.808756080935194
4250,33,12,-100.9862386241835,6,-75.10271953333199
4251,43,12,-113.8202034116098,6,-98.67466336494121
4252,89,12,-216.25380747683084,12,-216.25380747683084
4253,1,12,-82.6035744145978,1,-6.9851980409108565
4254,98,12,-244.6224017175923,20,-238.4808810119756
4255,56,12,-135.54521295910172,12,-135.54521295910172
4256,49,12,-123.13930036828388,6,-115.78718783779036
4257,40,12,-109.61584921025063,6,-90.95329633472858
4258,82,12,-196.07186924674602,12,-196.07186924674602
4259,41,12,-110.98357657528959,6,-93.46522121489485
4260,54,12,-131.832176252549,6,-131.7473732422173
4261,85,12,-204.51951458063076,12,-204.51951458063076
4262,47,12,-119.89808312874094,6,-109.83570678670114
4263,92,12,-225.4075237139973,12,-225.4075237139973
4264,65,12,-153.92134393244743,12,-153.92134393244743
4265,41,12,-110.98357657528959,6,-93.46522121489485
4266,38,12,-106.98157772725399,6,-86.11507655130762
4267,12,12,-85.02079284439587,1,-21.68888886194659
4268,79,12,-187.92692573545764,12,-187.92692573545764
4269,28,12,-95.83446470521845,3,-62.525063432602536
4270,25,12,-93.14842757160632,3,-54.03884427687615
4271,53,12,-130.0262005218131,6,-128.43176816621013
4272,86,12,-207.4026530580665,12,-207.4026530580665
4273,63,12,-149.60200276748782,12,-149.60200276748782
4274,91,12,-222.3226706914009,12,-222.3226706914009
4275,77,12,-182.66516071256729,12,-182.66516071256729
4276,33,12,-100.9862386241835,6,-75.10271953333199
4277,78,12,-185.27922201012348,12,-185.27922201012348
4278,8,12,-83.66859579030925,1,-13.466492256876304
4279,68,12,-160.6528851776278,12,-160.6528851776278
4280,46,12,-118.32804051309115,6,-106.95269482704867
4281,85,12,-204.51951458063076,12,-204.51951458063076
4282,45,12,-116.79171153665492,6,-104.13151192781399
4283,92,12,-225.4075237139973,12,-225.4075237139973
4284,22,12,-90.76623443917929,3,-46.51097281076241
4285,14,12,-85.8996369884651,1,-27.0303393518663
4286,0,12,-82.58666666666669,1,-6.8822222222222225
4287,50,12,-124.81047053779731,6,-118.85564190652914
4288,54,12,-131.832176252549,6,-131.7473732422173
4289,50,12,-124.81047053779731,6,-118.85564190652914
4290,9,12,-83.95595306941537,1,-15.214321990937147
4291,33,12,-100.9862386241835,6,-75.10271953333199
4292,40,12,-109.61584921025063,6,-90.95329633472858
4293,40,12,-109.61584921025063,6,-90.95329633472858
4294,7,12,-83.41503688796908,1,-11.923979800667436
4295,26,12,-94.01001581178649,3,-56.76113061721671
4296,29,12,-96.79732089859871,3,-65.56666537455592
4297,50,12,-124.81047053779731,6,-118.85564190652914
4298,57,12,-137.45226948237894,12,-137.45226948237894
4299,17,12,-87.4712850103148,3,-36.095815994462484
4300,10,12,-84.27710649292833,1,-17.167386388250772
4301,43,12,-113.8202034116098,6,-98.67466336494121
4302,62,12,-147.492844759646,12,-147.492844759646
4303,97,12,-241.33591412399238,20,-236.43484574939123
4304,65,12,-153.92134393244743,12,-153.92134393244743
4305,19,12,-88.68794552856191,3,-39.9420506223111
4306,93,12,-228.5259880514485,20,-228.46014739973276
4307,6,12,-83.19527859488348,1,-10.586867266464079
4308,5,12,-83.00932314367421,1,-9.455237327983067
4309,68,12,-160.6528851776278,12,-160.6528851776278
4310,66,12,-156.13152263937536,12,-156.13152263937536
4311,40,12,-109.61584921025063,6,-90.95329633472858
4312,80,12,-190.60826966535672,12,-190.60826966535672
4313,71,12,-167.68740842638795,12,-167.68740842638795
4314,40,12,-109.61584921025063,6,-90.95329633472858
4315,24,12,-92.32059977591312,3,-51.42304101039932
4316,87,12,-210.3194161813455,12,-210.3194161813455
4317,52,12,-128.2539228413562,6,-125.177939579655
4318,22,12,-90.76623443917929,3,-46.51097281076241
4319,41,12,-110.98357657528959,6,-93.46522121489485
4320,6,12,-83.19527859488348,1,-10.586867266464079
4321,78,12,-185.27922201012348,12,-185.27922201012348
4322,51,12,-126.51534543777501,6,-121.9858949902555
4323,39,12,-108.28184885147208,6,-88.50324560744662
4324,24,12,-92.32059977591312,3,-51.42304101039932
4325,31,12,-98.82428562999917,6,-71.1312116538696
4326,20,12,-89.34693764525149,3,-42.025104283182344
4327,18,12,-88.0627272398999,3,-37.96561375881964
4328,35,12,-103.28316204691019,6,-79.32193460441326
4329,96,12,-238.08302673965238,20,-234.40975389635224
4330,84,12,-201.67000297128635,12,-201.67000297128635
4331,88,12,-213.26980172825859,12,-213.26980172825859
4332,96,12,-238.08302673965238,20,-234.40975389635224
4333,91,12,-222.3226706914009,12,-222.3226706914009
4334,44,12,-115.28909842694712,6,-101.37216560238318
4335,82,12,-196.07186924674602,12,-196.07186924674602
4336,22,12,-90.76623443917929,3,-46.51097281076241
4337,98,12,-244.6224017175923,20,-238.4808810119756
4338,31,12,-98.82428562999917,6,-71.1312116538696
4339,50,12,-124.81047053779731,6,-118.85564190652914
4340,18,12,-88.0627272398999,3,-37.96561375881964
4341,78,12,-185.27922201012348,12,-185.27922201012348
4342,7,12,-83.41503688796908,1,-11.923979800667436
4343,11,12,-84.63205382862074,1,-19.32560286376086
4344,63,12,-149.60200276748782,12,-149.60200276748782
4345,74,12,-175.02485362057575,12,-175.02485362057575
4346,57,12,-137.45226948237894,12,-137.45226948237894
4347,58,12,-139.39301515084207,12,-139.39301515084207
4348,38,12,-106.98157772725399,6,-86.11507655130762
4349,41,12,-110.98357657528959,6,-93.46522121489485
4350,86,12,-207.4026530580665,12,-207.4026530580665
4351,64,12,-151.74483656681207,12,-151.74483656681207
4352,34,12,-102.11783014653936,6,-77.18136743158533
4353,81,12,-193.3232515767758,12,-193.3232515767758
4354,42,12,-112.38502871842148,6,-96.03901273050752
4355,52,12,-128.2539228413562,6,-125.177939579655
4356,70,12,-165.30890638391594,12,-165.30890638391594
4357,3,12,-82.73882969802135,1,-7.808756080935194
4358,40,12,-109.61584921025063,6,-90.95329633472858
4359,91,12,-222.3226706914009,12,-222.3226706914009
4360,76,12,-180.08474406613544,12,-180.08474406613544
4361,39,12,-108.28184885147208,6,-88.50324560744662
4362,85,12,-204.51951458063076,12,-204.51951458063076
4363,25,12,-93.14842757160632,3,-54.03884427687615
4364,0,12,-82.58666666666669,1,-6.8822222222222225
4365,34,12,-102.11783014653936,6,-77.18136743158533
4366,65,12,-153.92134393244743,12,-153.92134393244743
4367,43,12,-113.8202034116098,6,-98.67466336494121
4368,37,12,-105.71503806602566,6,-83.78879668536612
4369,89,12,-216.25380747683084,12,-216.25380747683084
4370,87,12,-210.3194161813455,12,-210.3194161813455
4371,42,12,-112.38502871842148,6,-96.03901273050752
4372,68,12,-160.6528851776278,12,-160.6528851776278
4373,52,12,-128.2539228413562,6,-125.177939579655
4374,71,12,-167.68740842638795,12,-167.68740842638795
4375,93,12,-228.5259880514485,20,-228.46014739973276
4376,1,12,-82.6035744145978,1,-6.9851980409108565
4377,23,12,-91.52653465497364,3,-48.91374309468091
4378,87,12,-210.3194161813455,12,-210.3194161813455
4379,88,12,-213.26980172825859,12,-213.26980172825859
4380,89,12,-216.25380747683084,12,-216.25380747683084
4381,69,12,-162.96406455953235,12,-162.96406455953235
4382,22,12,-90.76623443917929,3,-46.51097281076241
4383,80,12,-190.60826966535672,12,-190.60826966535672
4384,95,12,-234.86374178545628,20,-232.40560631336535
4385,64,12,-151.74483656681207,12,-151.74483656681207
4386,67,12,-158.37537046268577,12,-158.37537046268577
4387,97,12,-241.33591412399238,20,-236.43484574939123
4388,31,12,-98.82428562999917,6,-71.1312116538696
4389,70,12,-165.30890638391594,12,-165.30890638391594
4390,52,12,-128.2539228413562,6,-125.177939579655
4391,64,12,-151.74483656681207,12,-151.74483656681207
4392,8,12,-83.66859579030925,1,-13.466492256876304
4393,24,12,-92.32059977591312,3,-51.42304101039932
4394,70,12,-165.30890638391594,12,-165.30890638391594
4395,75,12,-177.53797429426584,12,-177.53797429426584
4396,68,12,-160.6528851776278,12,-160.6528851776278
4397,62,12,-147.492844759646,12,-147.492844759646
4398,71,12,-167.68740842638795,12,-167.68740842638795
4399,25,12,-93.14842757160632,3,-54.03884427687615
4400,51,12,-126.51534543777501,6,-121.9858949902555
4401,42,12,-112.38502871842148,6,-96.03901273050752
4402,5,12,-83.00932314367421,1,-9.455237327983067
4403,37,12,-105.71503806602566,6,-83.78879668536612
4404,4,12,-82.85717276709248,1,-8.529172688515441
4405,62,12,-147.492844759646,12,-147.492844759646
4406,42,12,-112.38502871842148,6,-96.03901273050752
4407,12,12,-85.02079284439587,1,-21.68888886194659
4408,16,12,-86.91362107098472,1,-33.19107800413937
4409,57,12,-137.45226948237894,12,-137.45226948237894
4410,69,12,-162.96406455953235,12,-162.96406455953235
4411,13,12,-85.44332130828904,1,-24.257161856809045
4412,11,12,-84.63205382862074,1,-19.32560286376086
4413,86,12,-207.4026530580665,12,-207.4026530580665
4414,39,12,-108.28184885147208,6,-88.50324560744662
4415,0,12,-82.58666666666669,1,-6.8822222222222225
4416,24,12,-92.32059977591312,3,-51.42304101039932
4417,27,12,-94.90536226632408,3,-59.5898777586643
4418,30,12,-97.79392861672859,3,-68.71466132418306
4419,88,12,-213.26980172825859,12,-213.26980172825859
4420,92,12,-225.4075237139973,12,-225.4075237139973
4421,24,12,-92.32059977591312,3,-51.42304101039932
4422,94,12,-231.6780614823333,20,-230.42240386096492
4423,52,12,-128.2539228413562,6,-125.177939579655
4424,32,12,-99.88838970893231,6,-73.08599843278336
4425,62,12,-147.492844759646,12,-147.492844759646
4426,61,12,-145.41736476856974,12,-145.41736476856974
4427,99,12,-247.94248729970576,20,-240.54785882360903
4428,86,12,-207.4026530580665,12,-207.4026530580665
4429,47,12,-119.89808312874094,6,-109.83570678670114
4430,8,12,-83.66859579030925,1,-13.466492256876304
4431,3,12,-82.73882969802135,1,-7.808756080935194
4432,52,12,-128.2539228413562,6,-125.177939579655
4433,78,12,-185.27922201012348,12,-185.27922201012348
4434,60,12,-143.3755650196889,12,-143.3755650196889
4435,59,12,-141.367447738551,12,-141.367447738551
4436,81,12,-193.3232515767758,12,-193.3232515767758
4437,59,12,-141.367447738551,12,-141.367447738551
4438,83,12,-198.854120452488,12,-198.854120452488
4439,88,12,-213.26980172825859,12,-213.26980172825859
4440,88,12,-213.26980172825859,12,-213.26980172825859
4441,99,12,-247.94248729970576,20,-240.54785882360903
4442,65,12,-153.92134393244743,12,-153.92134393244743
4443,76,12,-180.08474406613544,12,-180.08474406613544
4444,84,12,-201.67000297128635,12,-201.67000297128635
4445,7,12,-83.41503688796908,1,-11.923979800667436
4446,86,12,-207.4026530580665,12,-207.4026530580665
4447,44,12,-115.28909842694712,6,-101.37216560238318
4448,79,12,-187.92692573545764,12,-187.92692573545764
4449,32,12,-99.88838970893231,6,-73.08599843278336
4450,33,12,-100.9862386241835,6,-75.10271953333199
4451,77,12,-182.66516071256729,12,-182.66516071256729
4452,1,12,-82.6035744145978,1,-6.9851980409108565
4453,3,12,-82.73882969802135,1,-7.808756080935194
4454,39,12,-108.28184885147208,6,-88.50324560744662
4455,62,12,-147.492844759646,12,-147.492844759646
4456,62,12,-147.492844759646,12,-147.492844759646
4457,27,12,-94.90536226632408,3,-59.5898777586643
4458,58,12,-139.39301515084207,12,-139.39301515084207
4459,98,12,-244.6224017175923,20,-238.4808810119756
4460,47,12,-119.89808312874094,6,-109.83570678670114
4461,25,12,-93.14842757160632,3,-54.03884427687615
4462,80,12,-190.60826966535672,12,-190.60826966535672
4463,73,12,-172.54538426876832,12,-172.54538426876832
4464,25,12,-93.14842757160632,3,-54.03884427687615
4465,64,12,-151.74483656681207,12,-151.74483656681207
4466,15,12,-86.38973765322098,1,-30.008338880137654
4467,80,12,-190.60826966535672,12,-190.60826966535672
4468,7,12,-83.41503688796908,1,-11.923979800667436
4469,23,12,-91.52653465497364,3,-48.91374309468091
4470,40,12,-109.61584921025063,6,-90.95329633472858
4471,38,12,-106.98157772725399,6,-86.11507655130762
4472,37,12,-105.71503806602566,6,-83.78879668536612
4473,68,12,-160.6528851776278,12,-160.6528851776278
4474,98,12,-244.6224017175923,20,-238.4808810119756
4475,86,12,-207.4026530580665,12,-207.4026530580665
4476,60,12,-143.3755650196889,12,-143.3755650196889
4477,49,12,-123.13930036828388,6,-115.78718783779036
4478,30,12,-97.79392861672859,3,-68.71466132418306
4479,97,12,-241.33591412399238,20,-236.43484574939123
4480,91,12,-222.3226706914009,12,-222.3226706914009
4481,71,12,-167.68740842638795,12,-167.68740842638795
4482,77,12,-182.66516071256729,12,-182.66516071256729
4483,89,12,-216.25380747683084,12,-216.25380747683084
4484,37,12,-105.71503806602566,6,-83.78879668536612
4485,31,12,-98.82428562999917,6,-71.1312116538696
4486,49,12,-123.13930036828388,6,-115.78718783779036
4487,47,12,-119.89808312874094,6,-109.83570678670114
4488,53,12,-130.0262005218131,6,-128.43176816621013
4489,8,12,-83.66859579030925,1,-13.466492256876304
4490,18,12,-88.0627272398999,3,-37.96561375881964
4491,84,12,-201.67000297128635,12,-201.67000297128635
4492,25,12,-93.14842757160632,3,-54.03884427687615
4493,39,12,-108.28184885147208,6,-88.50324560744662
4494,93,12,-228.5259880514485,20,-228.46014739973276
4495,2,12,-82.65429616947476,1,-7.294070267709967
4496,50,12,-124.81047053779731,6,-118.85564190652914
4497,81,12,-193.3232515767758,12,-193.3232515767758
4498,97,12,-241.33591412399238,20,-236.43484574939123
4499,3,12,-82.73882969802135,1,-7.808756080935194
4500,26,12,-94.01001581178649,3,-56.76113061721671
4501,53,12,-130.0262005218131,6,-128.43176816621013
4502,88,12,-213.26980172825859,12,-213.26980172825859
4503,63,12,-149.60200276748782,12,-149.60200276748782
4504,94,12,-231.6780614823333,20,-230.42240386096492
4505,57,12,-137.45226948237894,12,-137.45226948237894
4506,65,12,-153.92134393244743,12,-153.92134393244743
4507,82,12,-196.07186924674602,12,-196.07186924674602
4508,71,12,-167.68740842638795,12,-167.68740842638795
4509,43,12,-113.8202034116098,6,-98.67466336494121
4510,69,12,-162.96406455953235,12,-162.96406455953235
4511,58,12,-139.39301515084207,12,-139.39301515084207
4512,40,12,-109.61584921025063,6,-90.95329633472858
4513,19,12,-88.68794552856191,3,-39.9420506223111
4514,34,12,-102.11783014653936,6,-77.18136743158533
4515,85,12,-204.51951458063076,12,-204.51951458063076
4516,88,12,-213.26980172825859,12,-213.26980172825859
4517,94,12,-231.6780614823333,20,-230.42240386096492
4518,65,12,-153.92134393244743,12,-153.92134393244743
4519,0,12,-82.58666666666669,1,-6.8822222222222225
4520,88,12,-213.26980172825859,12,-213.26980172825859
4521,47,12,-119.89808312874094,6,-109.83570678670114
4522,4,12,-82.85717276709248,1,-8.529172688515441
4523,64,12,-151.74483656681207,12,-151.74483656681207
4524,36,12,-104.48223209634578,6,-81.52441352950547
4525,60,12,-143.3755650196889,12,-143.3755650196889
4526,50,12,-124.81047053779731,6,-118.85564190652914
4527,55,12,-133.67184780709107,12,-133.67184780709107
4528,84,12,-201.67000297128635,12,-201.67000297128635
4529,68,12,-160.6528851776278,12,-160.6528851776278
4530,5,12,-83.00932314367421,1,-9.455237327983067
4531,61,12,-145.41736476856974,12,-145.41736476856974
4532,78,12,-185.27922201012348,12,-185.27922201012348
4533,22,12,-90.76623443917929,3,-46.51097281076241
4534,79,12,-187.92692573545764,12,-187.92692573545764
4535,83,12,-198.854120452488,12,-198.854120452488
4536,76,12,-180.08474406613544,12,-180.08474406613544
4537,61,12,-145.41736476856974,12,-145.41736476856974
4538,39,12,-108.28184885147208,6,-88.50324560744662
4539,32,12,-99.88838970893231,6,-73.08599843278336
4540,57,12,-137.45226948237894,12,-137.45226948237894
4541,30,12,-97.79392861672859,3,-68.71466132418306
4542,84,12,-201.67000297128635,12,-201.67000297128635
4543,20,12,-89.34693764525149,3,-42.025104283182344
4544,58,12,-139.39301515084207,12,-139.39301515084207
4545,69,12,-162.96406455953235,12,-162.96406455953235
4546,74,12,-175.02485362057575,12,-175.02485362057575
4547,88,12,-213.26980172825859,12,-213.26980172825859
4548,75,12,-177.53797429426584,12,-177.53797429426584
4549,21,12,-90.03970135905276,3,-44.21475244382181
4550,70,12,-165.30890638391594,12,-165.30890638391594
4551,65,12,-153.92134393244743,12,-153.92134393244743
4552,52,12,-128.2539228413562,6,-125.177939579655
4553,13,12,-85.44332130828904,1,-24.257161856809045
4554,79,12,-187.92692573545764,12,-187.92692573545764
4555,43,12,-113.8202034116098,6,-98.67466336494121
4556,85,12,-204.51951458063076,12,-204.51951458063076
4557,67,12,-158.37537046268577,12,-158.37537046268577
4558,93,12,-228.5259880514485,20,-228.46014739973276
4559,9,12,-83.95595306941537,1,-15.214321990937147
4560,54,12,-131.832176252549,6,-131.7473732422173
4561,88,12,-213.26980172825859,12,-213.26980172825859
4562,55,12,-133.67184780709107,12,-133.67184780709107
4563,55,12,-133.67184780709107,12,-133.67184780709107
4564,56,12,-135.54521295910172,12,-135.54521295910172
4565,49,12,-123.13930036828388,6,-115.78718783779036
4566,20,12,-89.34693764525149,3,-42.025104283182344
4567,37,12,-105.71503806602566,6,-83.78879668536612
4568,53,12,-130.0262005218131,6,-128.43176816621013
4569,61,12,-145.41736476856974,12,-145.41736476856974
4570,83,12,-198.854120452488,12,-198.854120452488
4571,40,12,-109.61584921025063,6,-90.95329633472858
4572,67,12,-158.37537046268577,12,-158.37537046268577
4573,37,12,-105.71503806602566,6,-83.78879668536612
4574,3,12,-82.73882969802135,1,-7.808756080935194
4575,84,12,-201.67000297128635,12,-201.67000297128635
4576,38,12,-106.98157772725399,6,-86.11507655130762
4577,94,12,-231.6780614823333,20,-230.42240386096492
4578,33,12,-100.9862386241835,6,-75.10271953333199
4579,89,12,-216.25380747683084,12,-216.25380747683084
4580,41,12,-110.98357657528959,6,-93.46522121489485
4581,22,12,-90.76623443917929,3,-46.51097281076241
4582,66,12,-156.13152263937536,12,-156.13152263937536
4583,57,12,-137.45226948237894,12,-137.45226948237894
4584,27,12,-94.90536226632408,3,-59.5898777586643
4585,58,12,-139.39301515084207,12,-139.39301515084207
4586,28,12,-95.83446470521845,3,-62.525063432602536
4587,60,12,-143.3755650196889,12,-143.3755650196889
4588,99,12,-247.94248729970576,20,-240.54785882360903
4589,47,12,-119.89808312874094,6,-109.83570678670114
4590,33,12,-100.9862386241835,6,-75.10271953333199
4591,25,12,-93.14842757160632,3,-54.03884427687615
4592,74,12,-175.02485362057575,12,-175.02485362057575
4593,72,12,-170.09956846271837,12,-170.09956846271837
4594,81,12,-193.3232515767758,12,-193.3232515767758
4595,89,12,-216.25380747683084,12,-216.25380747683084
4596,7,12,-83.41503688796908,1,-11.923979800667436
4597,51,12,-126.51534543777501,6,-121.9858949902555
4598,29,12,-96.79732089859871,3,-65.56666537455592
4599,39,12,-108.28184885147208,6,-88.50324560744662
4600,41,12,-110.98357657528959,6,-93.46522121489485
4601,20,12,-89.34693764525149,3,-42.025104283182344
4602,33,12,-100.9862386241835,6,-75.10271953333199
4603,10,12,-84.27710649292833,1,-17.167386388250772
4604,76,12,-180.08474406613544,12,-180.08474406613544
4605,47,12,-119.89808312874094,6,-109.83570678670114
4606,2,12,-82.65429616947476,1,-7.294070267709967
4607,96,12,-238.08302673965238,20,-234.40975389635224
4608,88,12,-213.26980172825859,12,-213.26980172825859
4609,53,12,-130.0262005218131,6,-128.43176816621013
4610,69,12,-162.96406455953235,12,-162.96406455953235
4611,19,12,-88.68794552856191,3,-39.9420506223111
4612,0,12,-82.58666666666669,1,-6.8822222222222225
4613,17,12,-87.4712850103148,3,-36.095815994462484
4614,87,12,-210.3194161813455,12,-210.3194161813455
4615,84,12,-201.67000297128635,12,-201.67000297128635
4616,58,12,-139.39301515084207,12,-139.39301515084207
4617,36,12,-104.48223209634578,6,-81.52441352950547
4618,12,12,-85.02079284439587,1,-21.68888886194659
4619,44,12,-115.28909842694712,6,-101.37216560238318
4620,79,12,-187.92692573545764,12,-187.92692573545764
4621,37,12,-105.71503806602566,6,-83.78879668536612
4622,24,12,-92.32059977591312,3,-51.42304101039932
4623,45,12,-116.79171153665492,6,-104.13151192781399
4624,52,12,-128.2539228413562,6,-125.177939579655
4625,84,12,-201.67000297128635,12,-201.67000297128635
4626,60,12,-143.3755650196889,12,-143.3755650196889
4627,7,12,-83.41503688796908,1,-11.923979800667436
4628,23,12,-91.52653465497364,3,-48.91374309468091
4629,20,12,-89.34693764525149,3,-42.025104283182344
4630,69,12,-162.96406455953235,12,-162.96406455953235
4631,7,12,-83.41503688796908,1,-11.923979800667436
4632,36,12,-104.48223209634578,6,-81.52441352950547
4633,9,12,-83.95595306941537,1,-15.214321990937147
4634,69,12,-162.96406455953235,12,-162.96406455953235
4635,25,12,-93.14842757160632,3,-54.03884427687615
4636,33,12,-100.9862386241835,6,-75.10271953333199
4637,84,12,-201.67000297128635,12,-201.67000297128635
4638,64,12,-151.74483656681207,12,-151.74483656681207
4639,33,12,-100.9862386241835,6,-75.10271953333199
4640,83,12,-198.854120452488,12,-198.854120452488
4641,73,12,-172.54538426876832,12,-172.54538426876832
4642,2,12,-82.65429616947476,1,-7.294070267709967
4643,16,12,-86.91362107098472,1,-33.19107800413937
4644,87,12,-210.3194161813455,12,-210.3194161813455
4645,61,12,-145.41736476856974,12,-145.41736476856974
4646,58,12,-139.39301515084207,12,-139.39301515084207
4647,25,12,-93.14842757160632,3,-54.03884427687615
4648,42,12,-112.38502871842148,6,-96.03901273050752
4649,80,12,-190.60826966535672,12,-190.60826966535672
4650,17,12,-87.4712850103148,3,-36.095815994462484
4651,40,12,-109.61584921025063,6,-90.95329633472858
4652,60,12,-143.3755650196889,12,-143.3755650196889
4653,81,12,-193.3232515767758,12,-193.3232515767758
4654,41,12,-110.98357657528959,6,-93.46522121489485
4655,38,12,-106.98157772725399,6,-86.11507655130762
4656,76,12,-180.08474406613544,12,-180.08474406613544
4657,70,12,-165.30890638391594,12,-165.30890638391594
4658,24,12,-92.32059977591312,3,-51.42304101039932
4659,33,12,-100.9862386241835,6,-75.10271953333199
4660,78,12,-185.27922201012348,12,-185.27922201012348
4661,69,12,-162.96406455953235,12,-162.96406455953235
4662,9,12,-83.95595306941537,1,-15.214321990937147
4663,37,12,-105.71503806602566,6,-83.78879668536612
4664,11,12,-84.63205382862074,1,-19.32560286376086
4665,25,12,-93.14842757160632,3,-54.03884427687615
4666,16,12,-86.91362107098472,1,-33.19107800413937
4667,83,12,-198.854120452488,12,-198.854120452488
4668,61,12,-145.41736476856974,12,-145.41736476856974
4669,23,12,-91.52653465497364,3,-48.91374309468091
4670,50,12,-124.81047053779731,6,-118.85564190652914
4671,9,12,-83.95595306941537,1,-15.214321990937147
4672,42,12,-112.38502871842148,6,-96.03901273050752
4673,41,12,-110.98357657528959,6,-93.46522121489485
4674,26,12,-94.01001581178649,3,-56.76113061721671
4675,42,12,-112.38502871842148,6,-96.03901273050752
4676,62,12,-147.492844759646,12,-147.492844759646
4677,11,12,-84.63205382862074,1,-19.32560286376086
4678,71,12,-167.68740842638795,12,-167.68740842638795
4679,91,12,-222.3226706914009,12,-222.3226706914009
4680,32,12,-99.88838970893231,6,-73.08599843278336
4681,30,12,-97.79392861672859,3,-68.71466132418306
4682,86,12,-207.4026530580665,12,-207.4026530580665
4683,29,12,-96.79732089859871,3,-65.56666537455592
4684,32,12,-99.88838970893231,6,-73.08599843278336
4685,66,12,-156.13152263937536,12,-156.13152263937536
4686,22,12,-90.76623443917929,3,-46.51097281076241
4687,47,12,-119.89808312874094,6,-109.83570678670114
4688,40,12,-109.61584921025063,6,-90.95329633472858
4689,24,12,-92.32059977591312,3,-51.42304101039932
4690,14,12,-85.8996369884651,1,-27.0303393518663
4691,2,12,-82.65429616947476,1,-7.294070267709967
4692,67,12,-158.37537046268577,12,-158.37537046268577
4693,33,12,-100.9862386241835,6,-75.10271953333199
4694,42,12,-112.38502871842148,6,-96.03901273050752
4695,36,12,-104.48223209634578,6,-81.52441352950547
4696,0,12,-82.58666666666669,1,-6.8822222222222225
4697,24,12,-92.32059977591312,3,-51.42304101039932
4698,50,12,-124.81047053779731,6,-118.85564190652914
4699,38,12,-106.98157772725399,6,-86.11507655130762
4700,55,12,-133.67184780709107,12,-133.67184780709107
4701,12,12,-85.02079284439587,1,-21.68888886194659
4702,15,12,-86.38973765322098,1,-30.008338880137654
4703,26,12,-94.01001581178649,3,-56.76113061721671
4704,23,12,-91.52653465497364,3,-48.91374309468091
4705,56,12,-135.54521295910172,12,-135.54521295910172
4706,93,12,-228.5259880514485,20,-228.46014739973276
4707,16,12,-86.91362107098472,1,-33.19107800413937
4708,82,12,-196.07186924674602,12,-196.07186924674602
4709,45,12,-116.79171153665492,6,-104.13151192781399
4710,33,12,-100.9862386241835,6,-75.10271953333199
4711,3,12,-82.73882969802135,1,-7.808756080935194
4712,58,12,-139.39301515084207,12,-139.39301515084207
4713,71,12,-167.68740842638795,12,-167.68740842638795
4714,57,12,-137.45226948237894,12,-137.45226948237894
4715,20,12,-89.34693764525149,3,-42.025104283182344
4716,88,12,-213.26980172825859,12,-213.26980172825859
4717,66,12,-156.13152263937536,12,-156.13152263937536
4718,60,12,-143.3755650196889,12,-143.3755650196889
4719,10,12,-84.27710649292833,1,-17.167386388250772
4720,51,12,-126.51534543777501,6,-121.9858949902555
4721,98,12,-244.6224017175923,20,-238.4808810119756
4722,88,12,-213.26980172825859,12,-213.26980172825859
4723,0,12,-82.58666666666669,1,-6.8822222222222225
4724,70,12,-165.30890638391594,12,-165.30890638391594
4725,13,12,-85.44332130828904,1,-24.257161856809045
4726,25,12,-93.14842757160632,3,-54.03884427687615
4727,91,12,-222.3226706914009,12,-222.3226706914009
4728,47,12,-119.89808312874094,6,-109.83570678670114
4729,69,12,-162.96406455953235,12,-162.96406455953235
4730,23,12,-91.52653465497364,3,-48.91374309468091
4731,51,12,-126.51534543777501,6,-121.9858949902555
4732,54,12,-131.832176252549,6,-131.7473732422173
4733,24,12,-92.32059977591312,3,-51.42304101039932
4734,77,12,-182.66516071256729,12,-182.66516071256729
4735,21,12,-90.03970135905276,3,-44.21475244382181
4736,13,12,-85.44332130828904,1,-24.257161856809045
4737,66,12,-156.13152263937536,12,-156.13152263937536
4738,41,12,-110.98357657528959,6,-93.46522121489485
4739,1,12,-82.6035744145978,1,-6.9851980409108565
4740,58,12,-139.39301515084207,12,-139.39301515084207
4741,52,12,-128.2539228413562,6,-125.177939579655
4742,0,12,-82.58666666666669,1,-6.8822222222222225
4743,57,12,-137.45226948237894,12,-137.45226948237894
4744,14,12,-85.8996369884651,1,-27.0303393518663
4745,7,12,-83.41503688796908,1,-11.923979800667436
4746,48,12,-121.50183715622016,6,-112.7805402942011
4747,73,12,-172.54538426876832,12,-172.54538426876832
4748,49,12,-123.13930036828388,6,-115.78718783779036
4749,4,12,-82.85717276709248,1,-8.529172688515441
4750,16,12,-86.91362107098472,1,-33.19107800413937
4751,16,12,-86.91362107098472,1,-33.19107800413937
4752,63,12,-149.60200276748782,12,-149.60200276748782
4753,16,12,-86.91362107098472,1,-33.19107800413937
4754,67,12,-158.37537046268577,12,-158.37537046268577
4755,54,12,-131.832176252549,6,-131.7473732422173
4756,2,12,-82.65429616947476,1,-7.294070267709967
4757,32,12,-99.88838970893231,6,-73.08599843278336
4758,57,12,-137.45226948237894,12,-137.45226948237894
4759,70,12,-165.30890638391594,12,-165.30890638391594
4760,85,12,-204.51951458063076,12,-204.51951458063076
4761,28,12,-95.83446470521845,3,-62.525063432602536
4762,22,12,-90.76623443917929,3,-46.51097281076241
4763,27,12,-94.90536226632408,3,-59.5898777586643
4764,49,12,-123.13930036828388,6,-115.78718783779036
4765,4,12,-82.85717276709248,1,-8.529172688515441
4766,4,12,-82.85717276709248,1,-8.529172688515441
4767,95,12,-234.86374178545628,20,-232.40560631336535
4768,66,12,-156.13152263937536,12,-156.13152263937536
4769,89,12,-216.25380747683084,12,-216.25380747683084
4770,94,12,-231.6780614823333,20,-230.42240386096492
4771,75,12,-177.53797429426584,12,-177.53797429426584
4772,74,12,-175.02485362057575,12,-175.02485362057575
4773,66,12,-156.13152263937536,12,-156.13152263937536
4774,75,12,-177.53797429426584,12,-177.53797429426584
4775,76,12,-180.08474406613544,12,-180.08474406613544
4776,84,12,-201.67000297128635,12,-201.67000297128635
4777,9,12,-83.95595306941537,1,-15.214321990937147
4778,35,12,-103.28316204691019,6,-79.32193460441326
4779,51,12,-126.51534543777501,6,-121.9858949902555
4780,6,12,-83.19527859488348,1,-10.586867266464079
4781,31,12,-98.82428562999917,6,-71.1312116538696
4782,27,12,-94.90536226632408,3,-59.5898777586643
4783,10,12,-84.27710649292833,1,-17.167386388250772
4784,48,12,-121.50183715622016,6,-112.7805402942011
4785,72,12,-170.09956846271837,12,-170.09956846271837
4786,89,12,-216.25380747683084,12,-216.25380747683084
4787,79,12,-187.92692573545764,12,-187.92692573545764
4788,26,12,-94.01001581178649,3,-56.76113061721671
4789,69,12,-162.96406455953235,12,-162.96406455953235
4790,82,12,-196.07186924674602,12,-196.07186924674602
4791,64,12,-151.74483656681207,12,-151.74483656681207
4792,36,12,-104.48223209634578,6,-81.52441352950547
4793,32,12,-99.88838970893231,6,-73.08599843278336
4794,37,12,-105.71503806602566,6,-83.78879668536612
4795,82,12,-196.07186924674602,12,-196.07186924674602
4796,77,12,-182.66516071256729,12,-182.66516071256729
4797,83,12,-198.854120452488,12,-198.854120452488
4798,66,12,-156.13152263937536,12,-156.13152263937536
4799,40,12,-109.61584921025063,6,-90.95329633472858
4800,0,12,-82.58666666666669,1,-6.8822222222222225
4801,38,12,-106.98157772725399,6,-86.11507655130762
4802,64,12,-151.74483656681207,12,-151.74483656681207
4803,9,12,-83.95595306941537,1,-15.214321990937147
4804,62,12,-147.492844759646,12,-147.492844759646
4805,49,12,-123.13930036828388,6,-115.78718783779036
4806,3,12,-82.73882969802135,1,-7.808756080935194
4807,5,12,-83.00932314367421,1,-9.455237327983067
4808,81,12,-193.3232515767758,12,-193.3232515767758
4809,18,12,-88.0627272398999,3,-37.96561375881964
4810,45,12,-116.79171153665492,6,-104.13151192781399
4811,75,12,-177.53797429426584,12,-177.53797429426584
4812,64,12,-151.74483656681207,12,-151.74483656681207
4813,38,12,-106.98157772725399,6,-86.11507655130762
4814,41,12,-110.98357657528959,6,-93.46522121489485
4815,17,12,-87.4712850103148,3,-36.095815994462484
4816,44,12,-115.28909842694712,6,-101.37216560238318
4817,18,12,-88.0627272398999,3,-37.96561375881964
4818,63,12,-149.60200276748782,12,-149.60200276748782
4819,6,12,-83.19527859488348,1,-10.586867266464079
4820,79,12,-187.92692573545764,12,-187.92692573545764
4821,54,12,-131.832176252549,6,-131.7473732422173
4822,60,12,-143.3755650196889,12,-143.3755650196889
4823,39,12,-108.28184885147208,6,-88.50324560744662
4824,0,12,-82.58666666666669,1,-6.8822222222222225
4825,37,12,-105.71503806602566,6,-83.78879668536612
4826,36,12,-104.48223209634578,6,-81.52441352950547
4827,7,12,-83.41503688796908,1,-11.923979800667436
4828,45,12,-116.79171153665492,6,-104.13151192781399
4829,11,12,-84.63205382862074,1,-19.32560286376086
4830,4,12,-82.85717276709248,1,-8.529172688515441
4831,70,12,-165.30890638391594,12,-165.30890638391594
4832,38,12,-106.98157772725399,6,-86.11507655130762
4833,40,12,-109.61584921025063,6,-90.95329633472858
4834,62,12,-147.492844759646,12,-147.492844759646
4835,70,12,-165.30890638391594,12,-165.30890638391594
4836,80,12,-190.60826966535672,12,-190.60826966535672
4837,34,12,-102.11783014653936,6,-77.18136743158533
4838,80,12,-190.60826966535672,12,-190.60826966535672
4839,96,12,-238.08302673965238,20,-234.40975389635224
4840,28,12,-95.83446470521845,3,-62.525063432602536
4841,32,12,-99.88838970893231,6,-73.08599843278336
4842,49,12,-123.13930036828388,6,-115.78718783779036
4843,8,12,-83.66859579030925,1,-13.466492256876304
4844,21,12,-90.03970135905276,3,-44.21475244382181
4845,50,12,-124.81047053779731,6,-118.85564190652914
4846,24,12,-92.32059977591312,3,-51.42304101039932
4847,16,12,-86.91362107098472,1,-33.19107800413937
4848,85,12,-204.51951458063076,12,-204.51951458063076
4849,10,12,-84.27710649292833,1,-17.167386388250772
4850,32,12,-99.88838970893231,6,-73.08599843278336
4851,8,12,-83.66859579030925,1,-13.466492256876304
4852,59,12,-141.367447738551,12,-141.367447738551
4853,70,12,-165.30890638391594,12,-165.30890638391594
4854,90,12,-219.27143120512085,12,-219.27143120512085
4855,91,12,-222.3226706914009,12,-222.3226706914009
4856,45,12,-116.79171153665492,6,-104.13151192781399
4857,89,12,-216.25380747683084,12,-216.25380747683084
4858,20,12,-89.34693764525149,3,-42.025104283182344
4859,84,12,-201.67000297128635,12,-201.67000297128635
4860,77,12,-182.66516071256729,12,-182.66516071256729
4861,34,12,-102.11783014653936,6,-77.18136743158533
4862,4,12,-82.85717276709248,1,-8.529172688515441
4863,48,12,-121.50183715622016,6,-112.7805402942011
4864,78,12,-185.27922201012348,12,-185.27922201012348
4865,24,12,-92.32059977591312,3,-51.42304101039932
4866,65,12,-153.92134393244743,12,-153.92134393244743
4867,43,12,-113.8202034116098,6,-98.67466336494121
4868,77,12,-182.66516071256729,12,-182.66516071256729
4869,97,12,-241.33591412399238,20,-236.43484574939123
4870,76,12,-180.08474406613544,12,-180.08474406613544
4871,16,12,-86.91362107098472,1,-33.19107800413937
4872,57,12,-137.45226948237894,12,-137.45226948237894
4873,5,12,-83.00932314367421,1,-9.455237327983067
4874,97,12,-241.33591412399238,20,-236.43484574939123
4875,95,12,-234.86374178545628,20,-232.40560631336535
4876,8,12,-83.66859579030925,1,-13.466492256876304
4877,33,12,-100.9862386241835,6,-75.10271953333199
4878,54,12,-131.832176252549,6,-131.7473732422173
4879,64,12,-151.74483656681207,12,-151.74483656681207
4880,32,12,-99.88838970893231,6,-73.08599843278336
4881,95,12,-234.86374178545628,20,-232.40560631336535
4882,2,12,-82.65429616947476,1,-7.294070267709967
4883,27,12,-94.90536226632408,3,-59.5898777586643
4884,80,12,-190.60826966535672,12,-190.60826966535672
4885,87,12,-210.3194161813455,12,-210.3194161813455
4886,66,12,-156.13152263937536,12,-156.13152263937536
4887,71,12,-167.68740842638795,12,-167.68740842638795
4888,45,12,-116.79171153665492,6,-104.13151192781399
4889,20,12,-89.34693764525149,3,-42.025104283182344
4890,64,12,-151.74483656681207,12,-151.74483656681207
4891,7,12,-83.41503688796908,1,-11.923979800667436
4892,89,12,-216.25380747683084,12,-216.25380747683084
4893,24,12,-92.32059977591312,3,-51.42304101039932
4894,65,12,-153.92134393244743,12,-153.92134393244743
4895,99,12,-247.94248729970576,20,-240.54785882360903
4896,62,12,-147.492844759646,12,-147.492844759646
4897,94,12,-231.6780614823333,20,-230.42240386096492
4898,34,12,-102.11783014653936,6,-77.18136743158533
4899,92,12,-225.4075237139973,12,-225.4075237139973
4900,98,12,-244.6224017175923,20,-238.4808810119756
4901,21,12,-90.03970135905276,3,-44.21475244382181
4902,87,12,-210.3194161813455,12,-210.3194161813455
4903,17,12,-87.4712850103148,3,-36.095815994462484
4904,69,12,-162.96406455953235,12,-162.96406455953235
4905,3,12,-82.73882969802135,1,-7.808756080935194
4906,89,12,-216.25380747683084,12,-216.25380747683084
4907,21,12,-90.03970135905276,3,-44.21475244382181
4908,59,12,-141.367447738551,12,-141.367447738551
4909,6,12,-83.19527859488348,1,-10.586867266464079
4910,61,12,-145.41736476856974,12,-145.41736476856974
4911,83,12,-198.854120452488,12,-198.854120452488
4912,22,12,-90.76623443917929,3,-46.51097281076241
4913,23,12,-91.52653465497364,3,-48.91374309468091
4914,85,12,-204.51951458063076,12,-204.51951458063076
4915,76,12,-180.08474406613544,12,-180.08474406613544
4916,22,12,-90.76623443917929,3,-46.51097281076241
4917,60,12,-143.3755650196889,12,-143.3755650196889
4918,10,12,-84.27710649292833,1,-17.167386388250772
4919,78,12,-185.27922201012348,12,-185.27922201012348
4920,57,12,-137.45226948237894,12,-137.45226948237894
4921,41,12,-110.98357657528959,6,-93.46522121489485
4922,69,12,-162.96406455953235,12,-162.96406455953235
4923,39,12,-108.28184885147208,6,-88.50324560744662
4924,74,12,-175.02485362057575,12,-175.02485362057575
4925,61,12,-145.41736476856974,12,-145.41736476856974
4926,90,12,-219.27143120512085,12,-219.27143120512085
4927,26,12,-94.01001581178649,3,-56.76113061721671
4928,83,12,-198.854120452488,12,-198.854120452488
4929,46,12,-118.32804051309115,6,-106.95269482704867
4930,16,12,-86.91362107098472,1,-33.19107800413937
4931,1,12,-82.6035744145978,1,-6.9851980409108565
4932,83,12,-198.854120452488,12,-198.854120452488
4933,78,12,-185.27922201012348,12,-185.27922201012348
4934,9,12,-83.95595306941537,1,-15.214321990937147
4935,63,12,-149.60200276748782,12,-149.60200276748782
4936,63,12,-149.60200276748782,12,-149.60200276748782
4937,60,12,-143.3755650196889,12,-143.3755650196889
4938,35,12,-103.28316204691019,6,-79.32193460441326
4939,99,12,-247.94248729970576,20,-240.54785882360903
4940,8,12,-83.66859579030925,1,-13.466492256876304
4941,90,12,-219.27143120512085,12,-219.27143120512085
4942,56,12,-135.54521295910172,12,-135.54521295910172
4943,45,12,-116.79171153665492,6,-104.13151192781399
4944,77,12,-182.66516071256729,12,-182.66516071256729
4945,61,12,-145.41736476856974,12,-145.41736476856974
4946,89,12,-216.25380747683084,12,-216.25380747683084
4947,44,12,-115.28909842694712,6,-101.37216560238318
4948,52,12,-128.2539228413562,6,-125.177939579655
4949,14,12,-85.8996369884651,1,-27.0303393518663
4950,13,12,-85.44332130828904,1,-24.257161856809045
4951,58,12,-139.39301515084207,12,-139.39301515084207
4952,6,12,-83.19527859488348,1,-10.586867266464079
4953,72,12,-170.09956846271837,12,-170.09956846271837
4954,51,12,-126.51534543777501,6,-121.9858949902555
4955,14,12,-85.8996369884651,1,-27.0303393518663
4956,28,12,-95.83446470521845,3,-62.525063432602536
4957,29,12,-96.79732089859871,3,-65.56666537455592
4958,95,12,-234.86374178545628,20,-232.40560631336535
4959,94,12,-231.6780614823333,20,-230.42240386096492
4960,8,12,-83.66859579030925,1,-13.466492256876304
4961,66,12,-156.13152263937536,12,-156.13152263937536
4962,56,12,-135.54521295910172,12,-135.54521295910172
4963,79,12,-187.92692573545764,12,-187.92692573545764
4964,56,12,-135.54521295910172,12,-135.54521295910172
4965,56,12,-135.54521295910172,12,-135.54521295910172
4966,92,12,-225.4075237139973,12,-225.4075237139973
4967,98,12,-244.6224017175923,20,-238.4808810119756
4968,37,12,-105.71503806602566,6,-83.78879668536612
4969,42,12,-112.38502871842148,6,-96.03901273050752
4970,88,12,-213.26980172825859,12,-213.26980172825859
4971,5,12,-83.00932314367421,1,-9.455237327983067
4972,14,12,-85.8996369884651,1,-27.0303393518663
4973,56,12,-135.54521295910172,12,-135.54521295910172
4974,98,12,-244.6224017175923,20,-238.4808810119756
4975,11,12,-84.63205382862074,1,-19.32560286376086
4976,16,12,-86.91362107098472,1,-33.19107800413937
4977,31,12,-98.82428562999917,6,-71.1312116538696
4978,76,12,-180.08474406613544,12,-180.08474406613544
4979,58,12,-139.39301515084207,12,-139.39301515084207
4980,59,12,-141.367447738551,12,-141.367447738551
4981,64,12,-151.74483656681207,12,-151.74483656681207
4982,61,12,-145.41736476856974,12,-145.41736476856974
4983,98,12,-244.6224017175923,20,-238.4808810119756
4984,64,12,-151.74483656681207,12,-151.74483656681207
4985,57,12,-137.45226948237894,12,-137.45226948237894
4986,16,12,-86.91362107098472,1,-33.19107800413937
4987,4,12,-82.85717276709248,1,-8.529172688515441
4988,3,12,-82.73882969802135,1,-7.808756080935194
4989,5,12,-83.00932314367421,1,-9.455237327983067
4990,94,12,-231.6780614823333,20,-230.42240386096492
4991,50,12,-124.81047053779731,6,-118.85564190652914
4992,42,12,-112.38502871842148,6,-96.03901273050752
4993,84,12,-201.67000297128635,12,-201.67000297128635
4994,48,12,-121.50183715622016,6,-112.7805402942011
4995,45,12,-116.79171153665492,6,-104.13151192781399
4996,15,12,-86.38973765322098,1,-30.008338880137654
4997,92,12,-225.4075237139973,12,-225.4075237139973
4998,91,12,-222.3226706914009,12,-222.3226706914009
4999,55,12,-133.67184780709107,12,-133.67184780709107
5000,59,12,-141.367447738551,12,-141.367447738551
5001,55,12,-133.67184780709107,12,-133.67184780709107
5002,33,12,-100.9862386241835,6,-75.10271953333199
5003,11,12,-84.63205382862074,1,-19.32560286376086
5004,91,12,-222.3226706914009,12,-222.3226706914009
5005,34,12,-102.11783014653936,6,-77.18136743158533
5006,88,12,-213.26980172825859,12,-213.26980172825859
5007,13,12,-85.44332130828904,1,-24.257161856809045
5008,7,12,-83.41503688796908,1,-11.923979800667436
5009,24,12,-92.32059977591312,3,-51.42304101039932
5010,65,12,-153.92134393244743,12,-153.92134393244743
5011,99,12,-247.94248729970576,20,-240.54785882360903
5012,82,12,-196.07186924674602,12,-196.07186924674602
5013,40,12,-109.61584921025063,6,-90.95329633472858
5014,55,12,-133.67184780709107,12,-133.67184780709107
5015,65,12,-153.92134393244743,12,-153.92134393244743
5016,27,12,-94.90536226632408,3,-59.5898777586643
5017,15,12,-86.38973765322098,1,-30.008338880137654
5018,15,12,-86.38973765322098,1,-30.008338880137654
5019,41,12,-110.98357657528959,6,-93.46522121489485
5020,77,12,-182.66516071256729,12,-182.66516071256729
5021,6,12,-83.19527859488348,1,-10.586867266464079
5022,96,12,-238.08302673965238,20,-234.40975389635224
5023,92,12,-225.4075237139973,12,-225.4075237139973
5024,56,12,-135.54521295910172,12,-135.54521295910172
5025,52,12,-128.2539228413562,6,-125.177939579655
5026,6,12,-83.19527859488348,1,-10.586867266464079
5027,78,12,-185.27922201012348,12,-185.27922201012348
5028,31,12,-98.82428562999917,6,-71.1312116538696
5029,6,12,-83.19527859488348,1,-10.586867266464079
5030,33,12,-100.9862386241835,6,-75.10271953333199
5031,58,12,-139.39301515084207,12,-139.39301515084207
5032,46,12,-118.32804051309115,6,-106.95269482704867
5033,26,12,-94.01001581178649,3,-56.76113061721671
5034,51,12,-126.51534543777501,6,-121.9858949902555
5035,32,12,-99.88838970893231,6,-73.08599843278336
5036,60,12,-143.3755650196889,12,-143.3755650196889
5037,46,12,-118.32804051309115,6,-106.95269482704867
5038,95,12,-234.86374178545628,20,-232.40560631336535
5039,7,12,-83.41503688796908,1,-11.923979800667436
5040,49,12,-123.13930036828388,6,-115.78718783779036
5041,39,12,-108.28184885147208,6,-88.50324560744662
5042,65,12,-153.92134393244743,12,-153.92134393244743
5043,5,12,-83.00932314367421,1,-9.455237327983067
5044,27,12,-94.90536226632408,3,-59.5898777586643
5045,38,12,-106.98157772725399,6,-86.11507655130762
5046,45,12,-116.79171153665492,6,-104.13151192781399
5047,23,12,-91.52653465497364,3,-48.91374309468091
5048,12,12,-85.02079284439587,1,-21.68888886194659
5049,9,12,-83.95595306941537,1,-15.214321990937147
5050,29,12,-96.79732089859871,3,-65.56666537455592
5051,29,12,-96.79732089859871,3,-65.56666537455592
5052,13,12,-85.44332130828904,1,-24.257161856809045
5053,87,12,-210.3194161813455,12,-210.3194161813455
5054,24,12,-92.32059977591312,3,-51.42304101039932
5055,9,12,-83.95595306941537,1,-15.214321990937147
5056,68,12,-160.6528851776278,12,-160.6528851776278
5057,37,12,-105.71503806602566,6,-83.78879668536612
5058,56,12,-135.54521295910172,12,-135.54521295910172
5059,75,12,-177.53797429426584,12,-177.53797429426584
5060,86,12,-207.4026530580665,12,-207.4026530580665
5061,60,12,-143.3755650196889,12,-143.3755650196889
5062,24,12,-92.32059977591312,3,-51.42304101039932
5063,52,12,-128.2539228413562,6,-125.177939579655
5064,53,12,-130.0262005218131,6,-128.43176816621013
5065,98,12,-244.6224017175923,20,-238.4808810119756
5066,46,12,-118.32804051309115,6,-106.95269482704867
5067,33,12,-100.9862386241835,6,-75.10271953333199
5068,13,12,-85.44332130828904,1,-24.257161856809045
5069,97,12,-241.33591412399238,20,-236.43484574939123
5070,71,12,-167.68740842638795,12,-167.68740842638795
5071,12,12,-85.02079284439587,1,-21.68888886194659
5072,73,12,-172.54538426876832,12,-172.54538426876832
5073,46,12,-118.32804051309115,6,-106.95269482704867
5074,29,12,-96.79732089859871,3,-65.56666537455592
5075,12,12,-85.02079284439587,1,-21.68888886194659
5076,55,12,-133.67184780709107,12,-133.67184780709107
5077,48,12,-121.50183715622016,6,-112.7805402942011
5078,35,12,-103.28316204691019,6,-79.32193460441326
5079,34,12,-102.11783014653936,6,-77.18136743158533
5080,58,12,-139.39301515084207,12,-139.39301515084207
5081,60,12,-143.3755650196889,12,-143.3755650196889
5082,1,12,-82.6035744145978,1,-6.9851980409108565
5083,17,12,-87.4712850103148,3,-36.095815994462484
5084,43,12,-113.8202034116098,6,-98.67466336494121
5085,55,12,-133.67184780709107,12,-133.67184780709107
5086,9,12,-83.95595306941537,1,-15.214321990937147
5087,55,12,-133.67184780709107,12,-133.67184780709107
5088,16,12,-86.91362107098472,1,-33.19107800413937
5089,67,12,-158.37537046268577,12,-158.37537046268577
5090,41,12,-110.98357657528959,6,-93.46522121489485
5091,86,12,-207.4026530580665,12,-207.4026530580665
5092,47,12,-119.89808312874094,6,-109.83570678670114
5093,84,12,-201.67000297128635,12,-201.67000297128635
5094,88,12,-213.26980172825859,12,-213.26980172825859
5095,97,12,-241.33591412399238,20,-236.43484574939123
5096,58,12,-139.39301515084207,12,-139.39301515084207
5097,84,12,-201.67000297128635,12,-201.67000297128635
5098,85,12,-204.51951458063076,12,-204.51951458063076
5099,36,12,-104.48223209634578,6,-81.52441352950547
5100,12,12,-85.02079284439587,1,-21.68888886194659
5101,26,12,-94.01001581178649,3,-56.76113061721671
5102,2,12,-82.65429616947476,1,-7.294070267709967
5103,22,12,-90.76623443917929,3,-46.51097281076241
5104,46,12,-118.32804051309115,6,-106.95269482704867
5105,83,12,-198.854120452488,12,-198.854120452488
5106,18,12,-88.0627272398999,3,-37.96561375881964
5107,34,12,-102.11783014653936,6,-77.18136743158533
5108,95,12,-234.86374178545628,20,-232.40560631336535
5109,67,12,-158.37537046268577,12,-158.37537046268577
5110,0,12,-82.58666666666669,1,-6.8822222222222225
5111,27,12,-94.90536226632408,3,-59.5898777586643
5112,48,12,-121.50183715622016,6,-112.7805402942011
5113,86,12,-207.4026530580665,12,-207.4026530580665
5114,3,12,-82.73882969802135,1,-7.808756080935194
5115,96,12,-238.08302673965238,20,-234.40975389635224
5116,11,12,-84.63205382862074,1,-19.32560286376086
5117,88,12,-213.26980172825859,12,-213.26980172825859
5118,28,12,-95.83446470521845,3,-62.525063432602536
5119,40,12,-109.61584921025063,6,-90.95329633472858
5120,73,12,-172.54538426876832,12,-172.54538426876832
5121,2,12,-82.65429616947476,1,-7.294070267709967
5122,78,12,-185.27922201012348,12,-185.27922201012348
5123,59,12,-141.367447738551,12,-141.367447738551
5124,10,12,-84.27710649292833,1,-17.167386388250772
5125,4,12,-82.85717276709248,1,-8.529172688515441
5126,73,12,-172.54538426876832,12,-172.54538426876832
5127,90,12,-219.27143120512085,12,-219.27143120512085
5128,8,12,-83.66859579030925,1,-13.466492256876304
5129,37,12,-105.71503806602566,6,-83.78879668536612
5130,98,12,-244.6224017175923,20,-238.4808810119756
5131,91,12,-222.3226706914009,12,-222.3226706914009
5132,58,12,-139.39301515084207,12,-139.39301515084207
5133,58,12,-139.39301515084207,12,-139.39301515084207
5134,49,12,-123.13930036828388,6,-115.78718783779036
5135,19,12,-88.68794552856191,3,-39.9420506223111
5136,35,12,-103.28316204691019,6,-79.32193460441326
5137,36,12,-104.48223209634578,6,-81.52441352950547
5138,74,12,-175.02485362057575,12,-175.02485362057575
5139,49,12,-123.13930036828388,6,-115.78718783779036
5140,18,12,-88.0627272398999,3,-37.96561375881964
5141,4,12,-82.85717276709248,1,-8.529172688515441
5142,88,12,-213.26980172825859,12,-213.26980172825859
5143,79,12,-187.92692573545764,12,-187.92692573545764
5144,49,12,-123.13930036828388,6,-115.78718783779036
5145,94,12,-231.6780614823333,20,-230.42240386096492
5146,13,12,-85.44332130828904,1,-24.257161856809045
5147,51,12,-126.51534543777501,6,-121.9858949902555
5148,16,12,-86.91362107098472,1,-33.19107800413937
5149,55,12,-133.67184780709107,12,-133.67184780709107
5150,75,12,-177.53797429426584,12,-177.53797429426584
5151,61,12,-145.41736476856974,12,-145.41736476856974
5152,98,12,-244.6224017175923,20,-238.4808810119756
5153,17,12,-87.4712850103148,3,-36.095815994462484
5154,70,12,-165.30890638391594,12,-165.30890638391594
5155,24,12,-92.32059977591312,3,-51.42304101039932
5156,93,12,-228.5259880514485,20,-228.46014739973276
5157,93,12,-228.5259880514485,20,-228.46014739973276
5158,66,12,-156.13152263937536,12,-156.13152263937536
5159,75,12,-177.53797429426584,12,-177.53797429426584
5160,46,12,-118.32804051309115,6,-106.95269482704867
5161,40,12,-109.61584921025063,6,-90.95329633472858
5162,81,12,-193.3232515767758,12,-193.3232515767758
5163,39,12,-108.28184885147208,6,-88.50324560744662
5164,9,12,-83.95595306941537,1,-15.214321990937147
5165,26,12,-94.01001581178649,3,-56.76113061721671
5166,20,12,-89.34693764525149,3,-42.025104283182344
5167,57,12,-137.45226948237894,12,-137.45226948237894
5168,68,12,-160.6528851776278,12,-160.6528851776278
5169,66,12,-156.13152263937536,12,-156.13152263937536
5170,52,12,-128.2539228413562,6,-125.177939579655
5171,39,12,-108.28184885147208,6,-88.50324560744662
5172,83,12,-198.854120452488,12,-198.854120452488
5173,63,12,-149.60200276748782,12,-149.60200276748782
5174,7,12,-83.41503688796908,1,-11.923979800667436
5175,31,12,-98.82428562999917,6,-71.1312116538696
5176,96,12,-238.08302673965238,20,-234.40975389635224
5177,68,12,-160.6528851776278,12,-160.6528851776278
5178,27,12,-94.90536226632408,3,-59.5898777586643
5179,24,12,-92.32059977591312,3,-51.42304101039932
5180,55,12,-133.67184780709107,12,-133.67184780709107
5181,8,12,-83.66859579030925,1,-13.466492256876304
5182,44,12,-115.28909842694712,6,-101.37216560238318
5183,53,12,-130.0262005218131,6,-128.43176816621013
5184,90,12,-219.27143120512085,12,-219.27143120512085
5185,38,12,-106.98157772725399,6,-86.11507655130762
5186,27,12,-94.90536226632408,3,-59.5898777586643
5187,98,12,-244.6224017175923,20,-238.4808810119756
5188,43,12,-113.8202034116098,6,-98.67466336494121
5189,76,12,-180.08474406613544,12,-180.08474406613544
5190,8,12,-83.66859579030925,1,-13.466492256876304
5191,40,12,-109.61584921025063,6,-90.95329633472858
5192,32,12,-99.88838970893231,6,-73.08599843278336
5193,64,12,-151.74483656681207,12,-151.74483656681207
5194,81,12,-193.3232515767758,12,-193.3232515767758
5195,76,12,-180.08474406613544,12,-180.08474406613544
5196,16,12,-86.91362107098472,1,-33.19107800413937
5197,75,12,-177.53797429426584,12,-177.53797429426584
5198,79,12,-187.92692573545764,12,-187.92692573545764
5199,92,12,-225.4075237139973,12,-225.4075237139973
5200,51,12,-126.51534543777501,6,-121.9858949902555
5201,64,12,-151.74483656681207,12,-151.74483656681207
5202,92,12,-225.4075237139973,12,-225.4075237139973
5203,36,12,-104.48223209634578,6,-81.52441352950547
5204,60,12,-143.3755650196889,12,-143.3755650196889
5205,18,12,-88.0627272398999,3,-37.96561375881964
5206,81,12,-193.3232515767758,12,-193.3232515767758
5207,25,12,-93.14842757160632,3,-54.03884427687615
5208,40,12,-109.61584921025063,6,-90.95329633472858
5209,25,12,-93.14842757160632,3,-54.03884427687615
5210,4,12,-82.85717276709248,1,-8.529172688515441
5211,10,12,-84.27710649292833,1,-17.167386388250772
5212,97,12,-241.33591412399238,20,-236.43484574939123
5213,86,12,-207.4026530580665,12,-207.4026530580665
5214,97,12,-241.33591412399238,20,-236.43484574939123
5215,82,12,-196.07186924674602,12,-196.07186924674602
5216,35,12,-103.28316204691019,6,-79.32193460441326
5217,84,12,-201.67000297128635,12,-201.67000297128635
5218,5,12,-83.00932314367421,1,-9.455237327983067
5219,58,12,-139.39301515084207,12,-139.39301515084207
5220,99,12,-247.94248729970576,20,-240.54785882360903
5221,47,12,-119.89808312874094,6,-109.83570678670114
5222,77,12,-182.66516071256729,12,-182.66516071256729
5223,30,12,-97.79392861672859,3,-68.71466132418306
5224,11,12,-84.63205382862074,1,-19.32560286376086
5225,8,12,-83.66859579030925,1,-13.466492256876304
5226,26,12,-94.01001581178649,3,-56.76113061721671
5227,95,12,-234.86374178545628,20,-232.40560631336535
5228,90,12,-219.27143120512085,12,-219.27143120512085
5229,50,12,-124.81047053779731,6,-118.85564190652914
5230,19,12,-88.68794552856191,3,-39.9420506223111
5231,55,12,-133.67184780709107,12,-133.67184780709107
5232,31,12,-98.82428562999917,6,-71.1312116538696
5233,70,12,-165.30890638391594,12,-165.30890638391594
5234,51,12,-126.51534543777501,6,-121.9858949902555
5235,37,12,-105.71503806602566,6,-83.78879668536612
5236,11,12,-84.63205382862074,1,-19.32560286376086
5237,79,12,-187.92692573545764,12,-187.92692573545764
5238,44,12,-115.28909842694712,6,-101.37216560238318
5239,53,12,-130.0262005218131,6,-128.43176816621013
5240,4,12,-82.85717276709248,1,-8.529172688515441
5241,99,12,-247.94248729970576,20,-240.54785882360903
5242,17,12,-87.4712850103148,3,-36.095815994462484
5243,25,12,-93.14842757160632,3,-54.03884427687615
5244,54,12,-131.832176252549,6,-131.7473732422173
5245,76,12,-180.08474406613544,12,-180.08474406613544
5246,0,12,-82.58666666666669,1,-6.8822222222222225
5247,96,12,-238.08302673965238,20,-234.40975389635224
5248,70,12,-165.30890638391594,12,-165.30890638391594
5249,99,12,-247.94248729970576,20,-240.54785882360903
5250,41,12,-110.98357657528959,6,-93.46522121489485
5251,83,12,-198.854120452488,12,-198.854120452488
5252,99,12,-247.94248729970576,20,-240.54785882360903
5253,93,12,-228.5259880514485,20,-228.46014739973276
5254,87,12,-210.3194161813455,12,-210.3194161813455
5255,25,12,-93.14842757160632,3,-54.03884427687615
5256,84,12,-201.67000297128635,12,-201.67000297128635
5257,44,12,-115.28909842694712,6,-101.37216560238318
5258,72,12,-170.09956846271837,12,-170.09956846271837
5259,38,12,-106.98157772725399,6,-86.11507655130762
5260,86,12,-207.4026530580665,12,-207.4026530580665
5261,50,12,-124.81047053779731,6,-118.85564190652914
5262,15,12,-86.38973765322098,1,-30.008338880137654
5263,4,12,-82.85717276709248,1,-8.529172688515441
5264,75,12,-177.53797429426584,12,-177.53797429426584
5265,26,12,-94.01001581178649,3,-56.76113061721671
5266,75,12,-177.53797429426584,12,-177.53797429426584
5267,26,12,-94.01001581178649,3,-56.76113061721671
5268,76,12,-180.08474406613544,12,-180.08474406613544
5269,28,12,-95.83446470521845,3,-62.525063432602536
5270,0,12,-82.58666666666669,1,-6.8822222222222225
5271,69,12,-162.96406455953235,12,-162.96406455953235
5272,57,12,-137.45226948237894,12,-137.45226948237894
5273,13,12,-85.44332130828904,1,-24.257161856809045
5274,22,12,-90.76623443917929,3,-46.51097281076241
5275,88,12,-213.26980172825859,12,-213.26980172825859
5276,61,12,-145.41736476856974,12,-145.41736476856974
5277,90,12,-219.27143120512085,12,-219.27143120512085
5278,62,12,-147.492844759646,12,-147.492844759646
5279,5,12,-83.00932314367421,1,-9.455237327983067
5280,82,12,-196.07186924674602,12,-196.07186924674602
5281,44,12,-115.28909842694712,6,-101.37216560238318
5282,92,12,-225.4075237139973,12,-225.4075237139973
5283,67,12,-158.37537046268577,12,-158.37537046268577
5284,23,12,-91.52653465497364,3,-48.91374309468091
5285,9,12,-83.95595306941537,1,-15.214321990937147
5286,51,12,-126.51534543777501,6,-121.9858949902555
5287,5,12,-83.00932314367421,1,-9.455237327983067
5288,90,12,-219.27143120512085,12,-219.27143120512085
5289,33,12,-100.9862386241835,6,-75.10271953333199
5290,1,12,-82.6035744145978,1,-6.9851980409108565
5291,63,12,-149.60200276748782,12,-149.60200276748782
5292,96,12,-238.08302673965238,20,-234.40975389635224
5293,84,12,-201.67000297128635,12,-201.67000297128635
5294,61,12,-145.41736476856974,12,-145.41736476856974
5295,91,12,-222.3226706914009,12,-222.3226706914009
5296,76,12,-180.08474406613544,12,-180.08474406613544
5297,31,12,-98.82428562999917,6,-71.1312116538696
5298,91,12,-222.3226706914009,12,-222.3226706914009
5299,58,12,-139.39301515084207,12,-139.39301515084207
5300,3,12,-82.73882969802135,1,-7.808756080935194
5301,84,12,-201.67000297128635,12,-201.67000297128635
5302,10,12,-84.27710649292833,1,-17.167386388250772
5303,51,12,-126.51534543777501,6,-121.9858949902555
5304,73,12,-172.54538426876832,12,-172.54538426876832
5305,69,12,-162.96406455953235,12,-162.96406455953235
5306,13,12,-85.44332130828904,1,-24.257161856809045
5307,60,12,-143.3755650196889,12,-143.3755650196889
5308,81,12,-193.3232515767758,12,-193.3232515767758
5309,58,12,-139.39301515084207,12,-139.39301515084207
5310,45,12,-116.79171153665492,6,-104.13151192781399
5311,25,12,-93.14842757160632,3,-54.03884427687615
5312,3,12,-82.73882969802135,1,-7.808756080935194
5313,64,12,-151.74483656681207,12,-151.74483656681207
5314,78,12,-185.27922201012348,12,-185.27922201012348
5315,14,12,-85.8996369884651,1,-27.0303393518663
5316,87,12,-210.3194161813455,12,-210.3194161813455
5317,70,12,-165.30890638391594,12,-165.30890638391594
5318,15,12,-86.38973765322098,1,-30.008338880137654
5319,5,12,-83.00932314367421,1,-9.455237327983067
5320,54,12,-131.832176252549,6,-131.7473732422173
5321,0,12,-82.58666666666669,1,-6.8822222222222225
5322,71,12,-167.68740842638795,12,-167.68740842638795
5323,61,12,-145.41736476856974,12,-145.41736476856974
5324,81,12,-193.3232515767758,12,-193.3232515767758
5325,32,12,-99.88838970893231,6,-73.08599843278336
5326,58,12,-139.39301515084207,12,-139.39301515084207
5327,29,12,-96.79732089859871,3,-65.56666537455592
5328,31,12,-98.82428562999917,6,-71.1312116538696
5329,79,12,-187.92692573545764,12,-187.92692573545764
5330,75,12,-177.53797429426584,12,-177.53797429426584
5331,31,12,-98.82428562999917,6,-71.1312116538696
5332,18,12,-88.0627272398999,3,-37.96561375881964
5333,86,12,-207.4026530580665,12,-207.4026530580665
5334,71,12,-167.68740842638795,12,-167.68740842638795
5335,99,12,-247.94248729970576,20,-240.54785882360903
5336,62,12,-147.492844759646,12,-147.492844759646
5337,19,12,-88.68794552856191,3,-39.9420506223111
5338,69,12,-162.96406455953235,12,-162.96406455953235
5339,49,12,-123.13930036828388,6,-115.78718783779036
5340,64,12,-151.74483656681207,12,-151.74483656681207
5341,1,12,-82.6035744145978,1,-6.9851980409108565
5342,50,12,-124.81047053779731,6,-118.85564190652914
5343,53,12,-130.0262005218131,6,-128.43176816621013
5344,60,12,-143.3755650196889,12,-143.3755650196889
5345,58,12,-139.39301515084207,12,-139.39301515084207
5346,78,12,-185.27922201012348,12,-185.27922201012348
5347,57,12,-137.45226948237894,12,-137.45226948237894
5348,18,12,-88.0627272398999,3,-37.96561375881964
5349,41,12,-110.98357657528959,6,-93.46522121489485
5350,6,12,-83.19527859488348,1,-10.586867266464079
5351,43,12,-113.8202034116098,6,-98.67466336494121
5352,32,12,-99.88838970893231,6,-73.08599843278336
5353,75,12,-177.53797429426584,12,-177.53797429426584
5354,87,12,-210.3194161813455,12,-210.3194161813455
5355,24,12,-92.32059977591312,3,-51.42304101039932
5356,50,12,-124.81047053779731,6,-118.85564190652914
5357,8,12,-83.66859579030925,1,-13.466492256876304
5358,83,12,-198.854120452488,12,-198.854120452488
5359,2,12,-82.65429616947476,1,-7.294070267709967
5360,28,12,-95.83446470521845,3,-62.525063432602536
5361,38,12,-106.98157772725399,6,-86.11507655130762
5362,46,12,-118.32804051309115,6,-106.95269482704867
5363,43,12,-113.8202034116098,6,-98.67466336494121
5364,97,12,-241.33591412399238,20,-236.43484574939123
5365,13,12,-85.44332130828904,1,-24.257161856809045
5366,45,12,-116.79171153665492,6,-104.13151192781399
5367,33,12,-100.9862386241835,6,-75.10271953333199
5368,10,12,-84.27710649292833,1,-17.167386388250772
5369,87,12,-210.3194161813455,12,-210.3194161813455
5370,77,12,-182.66516071256729,12,-182.66516071256729
5371,30,12,-97.79392861672859,3,-68.71466132418306
5372,64,12,-151.74483656681207,12,-151.74483656681207
5373,71,12,-167.68740842638795,12,-167.68740842638795
5374,67,12,-158.37537046268577,12,-158.37537046268577
5375,0,12,-82.58666666666669,1,-6.8822222222222225
5376,95,12,-234.86374178545628,20,-232.40560631336535
5377,8,12,-83.66859579030925,1,-13.466492256876304
5378,67,12,-158.37537046268577,12,-158.37537046268577
5379,11,12,-84.63205382862074,1,-19.32560286376086
5380,23,12,-91.52653465497364,3,-48.91374309468091
5381,20,12,-89.34693764525149,3,-42.025104283182344
5382,1,12,-82.6035744145978,1,-6.9851980409108565
5383,70,12,-165.30890638391594,12,-165.30890638391594
5384,68,12,-160.6528851776278,12,-160.6528851776278
5385,42,12,-112.38502871842148,6,-96.03901273050752
5386,99,12,-247.94248729970576,20,-240.54785882360903
5387,22,12,-90.76623443917929,3,-46.51097281076241
5388,30,12,-97.79392861672859,3,-68.71466132418306
5389,38,12,-106.98157772725399,6,-86.11507655130762
5390,75,12,-177.53797429426584,12,-177.53797429426584
5391,52,12,-128.2539228413562,6,-125.177939579655
5392,98,12,-244.6224017175923,20,-238.4808810119756
5393,67,12,-158.37537046268577,12,-158.37537046268577
5394,64,12,-151.74483656681207,12,-151.74483656681207
5395,6,12,-83.19527859488348,1,-10.586867266464079
5396,33,12,-100.9862386241835,6,-75.10271953333199
5397,29,12,-96.79732089859871,3,-65.56666537455592
5398,85,12,-204.51951458063076,12,-204.51951458063076
5399,14,12,-85.8996369884651,1,-27.0303393518663
5400,52,12,-128.2539228413562,6,-125.177939579655
5401,86,12,-207.4026530580665,12,-207.4026530580665
5402,91,12,-222.3226706914009,12,-222.3226706914009
5403,67,12,-158.37537046268577,12,-158.37537046268577
5404,94,12,-231.6780614823333,20,-230.42240386096492
5405,46,12,-118.32804051309115,6,-106.95269482704867
5406,87,12,-210.3194161813455,12,-210.3194161813455
5407,24,12,-92.32059977591312,3,-51.42304101039932
5408,13,12,-85.44332130828904,1,-24.257161856809045
5409,32,12,-99.88838970893231,6,-73.08599843278336
5410,32,12,-99.88838970893231,6,-73.08599843278336
5411,25,12,-93.14842757160632,3,-54.03884427687615
5412,73,12,-172.54538426876832,12,-172.54538426876832
5413,17,12,-87.4712850103148,3,-36.095815994462484
5414,23,12,-91.52653465497364,3,-48.91374309468091
5415,35,12,-103.28316204691019,6,-79.32193460441326
5416,35,12,-103.28316204691019,6,-79.32193460441326
5417,34,12,-102.11783014653936,6,-77.18136743158533
5418,84,12,-201.67000297128635,12,-201.67000297128635
5419,69,12,-162.96406455953235,12,-162.96406455953235
5420,20,12,-89.34693764525149,3,-42.025104283182344
5421,6,12,-83.19527859488348,1,-10.586867266464079
5422,8,12,-83.66859579030925,1,-13.466492256876304
5423,0,12,-82.58666666666669,1,-6.8822222222222225
5424,61,12,-145.41736476856974,12,-145.41736476856974
5425,89,12,-216.25380747683084,12,-216.25380747683084
5426,71,12,-167.68740842638795,12,-167.68740842638795
5427,73,12,-172.54538426876832,12,-172.54538426876832
5428,6,12,-83.19527859488348,1,-10.586867266464079
5429,93,12,-228.5259880514485,20,-228.46014739973276
5430,69,12,-162.96406455953235,12,-162.96406455953235
5431,36,12,-104.48223209634578,6,-81.52441352950547
5432,29,12,-96.79732089859871,3,-65.56666537455592
5433,19,12,-88.68794552856191,3,-39.9420506223111
5434,47,12,-119.89808312874094,6,-109.83570678670114
5435,22,12,-90.76623443917929,3,-46.51097281076241
5436,67,12,-158.37537046268577,12,-158.37537046268577
5437,7,12,-83.41503688796908,1,-11.923979800667436
5438,56,12,-135.54521295910172,12,-135.54521295910172
5439,93,12,-228.5259880514485,20,-228.46014739973276
5440,84,12,-201.67000297128635,12,-201.67000297128635
5441,72,12,-170.09956846271837,12,-170.09956846271837
5442,18,12,-88.0627272398999,3,-37.96561375881964
5443,22,12,-90.76623443917929,3,-46.51097281076241
5444,22,12,-90.76623443917929,3,-46.51097281076241
5445,85,12,-204.51951458063076,12,-204.51951458063076
5446,46,12,-118.32804051309115,6,-106.95269482704867
5447,39,12,-108.28184885147208,6,-88.50324560744662
5448,56,12,-135.54521295910172,12,-135.54521295910172
5449,34,12,-102.11783014653936,6,-77.18136743158533
5450,60,12,-143.3755650196889,12,-143.3755650196889
5451,98,12,-244.6224017175923,20,-238.4808810119756
5452,80,12,-190.60826966535672,12,-190.60826966535672
5453,13,12,-85.44332130828904,1,-24.257161856809045
5454,28,12,-95.83446470521845,3,-62.525063432602536
5455,59,12,-141.367447738551,12,-141.367447738551
5456,13,12,-85.44332130828904,1,-24.257161856809045
5457,33,12,-100.9862386241835,6,-75.10271953333199
5458,26,12,-94.01001581178649,3,-56.76113061721671
5459,77,12,-182.66516071256729,12,-182.66516071256729
5460,57,12,-137.45226948237894,12,-137.45226948237894
5461,74,12,-175.02485362057575,12,-175.02485362057575
5462,87,12,-210.3194161813455,12,-210.3194161813455
5463,85,12,-204.51951458063076,12,-204.51951458063076
5464,91,12,-222.3226706914009,12,-222.3226706914009
5465,55,12,-133.67184780709107,12,-133.67184780709107
5466,85,12,-204.51951458063076,12,-204.51951458063076
5467,95,12,-234.86374178545628,20,-232.40560631336535
5468,82,12,-196.07186924674602,12,-196.07186924674602
5469,91,12,-222.3226706914009,12,-222.3226706914009
5470,90,12,-219.27143120512085,12,-219.27143120512085
5471,23,12,-91.52653465497364,3,-48.91374309468091
5472,71,12,-167.68740842638795,12,-167.68740842638795
5473,13,12,-85.44332130828904,1,-24.257161856809045
5474,20,12,-89.34693764525149,3,-42.025104283182344
5475,94,12,-231.6780614823333,20,-230.42240386096492
5476,35,12,-103.28316204691019,6,-79.32193460441326
5477,74,12,-175.02485362057575,12,-175.02485362057575
5478,35,12,-103.28316204691019,6,-79.32193460441326
5479,69,12,-162.96406455953235,12,-162.96406455953235
5480,37,12,-105.71503806602566,6,-83.78879668536612
5481,22,12,-90.76623443917929,3,-46.51097281076241
5482,33,12,-100.9862386241835,6,-75.10271953333199
5483,18,12,-88.0627272398999,3,-37.96561375881964
5484,0,12,-82.58666666666669,1,-6.8822222222222225
5485,31,12,-98.82428562999917,6,-71.1312116538696
5486,30,12,-97.79392861672859,3,-68.71466132418306
5487,45,12,-116.79171153665492,6,-104.13151192781399
5488,2,12,-82.65429616947476,1,-7.294070267709967
5489,21,12,-90.03970135905276,3,-44.21475244382181
5490,18,12,-88.0627272398999,3,-37.96561375881964
5491,80,12,-190.60826966535672,12,-190.60826966535672
5492,99,12,-247.94248729970576,20,-240.54785882360903
5493,12,12,-85.02079284439587,1,-21.68888886194659
5494,72,12,-170.09956846271837,12,-170.09956846271837
5495,90,12,-219.27143120512085,12,-219.27143120512085
5496,60,12,-143.3755650196889,12,-143.3755650196889
5497,99,12,-247.94248729970576,20,-240.54785882360903
5498,9,12,-83.95595306941537,1,-15.214321990937147
5499,31,12,-98.82428562999917,6,-71.1312116538696
5500,49,12,-123.13930036828388,6,-115.78718783779036
5501,63,12,-149.60200276748782,12,-149.60200276748782
5502,47,12,-119.89808312874094,6,-109.83570678670114
5503,0,12,-82.58666666666669,1,-6.8822222222222225
5504,45,12,-116.79171153665492,6,-104.13151192781399
5505,54,12,-131.832176252549,6,-131.7473732422173
5506,84,12,-201.67000297128635,12,-201.67000297128635
5507,92,12,-225.4075237139973,12,-225.4075237139973
5508,38,12,-106.98157772725399,6,-86.11507655130762
5509,36,12,-104.48223209634578,6,-81.52441352950547
5510,30,12,-97.79392861672859,3,-68.71466132418306
5511,33,12,-100.9862386241835,6,-75.10271953333199
5512,99,12,-247.94248729970576,20,-240.54785882360903
5513,26,12,-94.01001581178649,3,-56.76113061721671
5514,46,12,-118.32804051309115,6,-106.95269482704867
5515,18,12,-88.0627272398999,3,-37.96561375881964
5516,88,12,-213.26980172825859,12,-213.26980172825859
5517,88,12,-213.26980172825859,12,-213.26980172825859
5518,78,12,-185.27922201012348,12,-185.27922201012348
5519,92,12,-225.4075237139973,12,-225.4075237139973
5520,41,12,-110.98357657528959,6,-93.46522121489485
5521,19,12,-88.68794552856191,3,-39.9420506223111
5522,2,12,-82.65429616947476,1,-7.294070267709967
5523,42,12,-112.38502871842148,6,-96.03901273050752
5524,49,12,-123.13930036828388,6,-115.78718783779036
5525,29,12,-96.79732089859871,3,-65.56666537455592
5526,65,12,-153.92134393244743,12,-153.92134393244743
5527,21,12,-90.03970135905276,3,-44.21475244382181
5528,81,12,-193.3232515767758,12,-193.3232515767758
5529,89,12,-216.25380747683084,12,-216.25380747683084
5530,78,12,-185.27922201012348,12,-185.27922201012348
5531,86,12,-207.4026530580665,12,-207.4026530580665
5532,79,12,-187.92692573545764,12,-187.92692573545764
5533,82,12,-196.07186924674602,12,-196.07186924674602
5534,11,12,-84.63205382862074,1,-19.32560286376086
5535,54,12,-131.832176252549,6,-131.7473732422173
5536,24,12,-92.32059977591312,3,-51.42304101039932
5537,69,12,-162.96406455953235,12,-162.96406455953235
5538,6,12,-83.19527859488348,1,-10.586867266464079
5539,61,12,-145.41736476856974,12,-145.41736476856974
5540,41,12,-110.98357657528959,6,-93.46522121489485
5541,60,12,-143.3755650196889,12,-143.3755650196889
5542,47,12,-119.89808312874094,6,-109.83570678670114
5543,12,12,-85.02079284439587,1,-21.68888886194659
5544,12,12,-85.02079284439587,1,-21.68888886194659
5545,45,12,-116.79171153665492,6,-104.13151192781399
5546,37,12,-105.71503806602566,6,-83.78879668536612
5547,82,12,-196.07186924674602,12,-196.07186924674602
5548,73,12,-172.54538426876832,12,-172.54538426876832
5549,72,12,-170.09956846271837,12,-170.09956846271837
5550,53,12,-130.0262005218131,6,-128.43176816621013
5551,40,12,-109.61584921025063,6,-90.95329633472858
5552,8,12,-83.66859579030925,1,-13.466492256876304
5553,0,12,-82.58666666666669,1,-6.8822222222222225
5554,32,12,-99.88838970893231,6,-73.08599843278336
5555,12,12,-85.02079284439587,1,-21.68888886194659
5556,20,12,-89.34693764525149,3,-42.025104283182344
5557,15,12,-86.38973765322098,1,-30.008338880137654
5558,23,12,-91.52653465497364,3,-48.91374309468091
5559,62,12,-147.492844759646,12,-147.492844759646
5560,54,12,-131.832176252549,6,-131.7473732422173
5561,81,12,-193.3232515767758,12,-193.3232515767758
5562,87,12,-210.3194161813455,12,-210.3194161813455
5563,9,12,-83.95595306941537,1,-15.214321990937147
5564,98,12,-244.6224017175923,20,-238.4808810119756
5565,96,12,-238.08302673965238,20,-234.40975389635224
5566,70,12,-165.30890638391594,12,-165.30890638391594
5567,91,12,-222.3226706914009,12,-222.3226706914009
5568,35,12,-103.28316204691019,6,-79.32193460441326
5569,83,12,-198.854120452488,12,-198.854120452488
5570,38,12,-106.98157772725399,6,-86.11507655130762
5571,65,12,-153.92134393244743,12,-153.92134393244743
5572,33,12,-100.9862386241835,6,-75.10271953333199
5573,97,12,-241.33591412399238,20,-236.43484574939123
5574,33,12,-100.9862386241835,6,-75.10271953333199
5575,3,12,-82.73882969802135,1,-7.808756080935194
5576,86,12,-207.4026530580665,12,-207.4026530580665
5577,50,12,-124.81047053779731,6,-118.85564190652914
5578,33,12,-100.9862386241835,6,-75.10271953333199
5579,3,12,-82.73882969802135,1,-7.808756080935194
5580,77,12,-182.66516071256729,12,-182.66516071256729
5581,34,12,-102.11783014653936,6,-77.18136743158533
5582,79,12,-187.92692573545764,12,-187.92692573545764
5583,43,12,-113.8202034116098,6,-98.67466336494121
5584,97,12,-241.33591412399238,20,-236.43484574939123
5585,30,12,-97.79392861672859,3,-68.71466132418306
5586,41,12,-110.98357657528959,6,-93.46522121489485
5587,28,12,-95.83446470521845,3,-62.525063432602536
5588,9,12,-83.95595306941537,1,-15.214321990937147
5589,11,12,-84.63205382862074,1,-19.32560286376086
5590,25,12,-93.14842757160632,3,-54.03884427687615
5591,57,12,-137.45226948237894,12,-137.45226948237894
5592,73,12,-172.54538426876832,12,-172.54538426876832
5593,62,12,-147.492844759646,12,-147.492844759646
5594,96,12,-238.08302673965238,20,-234.40975389635224
5595,21,12,-90.03970135905276,3,-44.21475244382181
5596,75,12,-177.53797429426584,12,-177.53797429426584
5597,35,12,-103.28316204691019,6,-79.32193460441326
5598,56,12,-135.54521295910172,12,-135.54521295910172
5599,44,12,-115.28909842694712,6,-101.37216560238318
5600,66,12,-156.13152263937536,12,-156.13152263937536
5601,96,12,-238.08302673965238,20,-234.40975389635224
5602,92,12,-225.4075237139973,12,-225.4075237139973
5603,74,12,-175.02485362057575,12,-175.02485362057575
5604,99,12,-247.94248729970576,20,-240.54785882360903
5605,29,12,-96.79732089859871,3,-65.56666537455592
5606,61,12,-145.41736476856974,12,-145.41736476856974
5607,41,12,-110.98357657528959,6,-93.46522121489485
5608,87,12,-210.3194161813455,12,-210.3194161813455
5609,37,12,-105.71503806602566,6,-83.78879668536612
5610,63,12,-149.60200276748782,12,-149.60200276748782
5611,29,12,-96.79732089859871,3,-65.56666537455592
5612,97,12,-241.33591412399238,20,-236.43484574939123
5613,35,12,-103.28316204691019,6,-79.32193460441326
5614,80,12,-190.60826966535672,12,-190.60826966535672
5615,84,12,-201.67000297128635,12,-201.67000297128635
5616,33,12,-100.9862386241835,6,-75.10271953333199
5617,3,12,-82.73882969802135,1,-7.808756080935194
5618,95,12,-234.86374178545628,20,-232.40560631336535
5619,72,12,-170.09956846271837,12,-170.09956846271837
5620,88,12,-213.26980172825859,12,-213.26980172825859
5621,62,12,-147.492844759646,12,-147.492844759646
5622,25,12,-93.14842757160632,3,-54.03884427687615
5623,89,12,-216.25380747683084,12,-216.25380747683084
5624,37,12,-105.71503806602566,6,-83.78879668536612
5625,74,12,-175.02485362057575,12,-175.02485362057575
5626,96,12,-238.08302673965238,20,-234.40975389635224
5627,67,12,-158.37537046268577,12,-158.37537046268577
5628,63,12,-149.60200276748782,12,-149.60200276748782
5629,85,12,-204.51951458063076,12,-204.51951458063076
5630,77,12,-182.66516071256729,12,-182.66516071256729
5631,96,12,-238.08302673965238,20,-234.40975389635224
5632,5,12,-83.00932314367421,1,-9.455237327983067
5633,21,12,-90.03970135905276,3,-44.21475244382181
5634,40,12,-109.61584921025063,6,-90.95329633472858
5635,13,12,-85.44332130828904,1,-24.257161856809045
5636,27,12,-94.90536226632408,3,-59.5898777586643
5637,34,12,-102.11783014653936,6,-77.18136743158533
5638,0,12,-82.58666666666669,1,-6.8822222222222225
5639,55,12,-133.67184780709107,12,-133.67184780709107
5640,44,12,-115.28909842694712,6,-101.37216560238318
5641,48,12,-121.50183715622016,6,-112.7805402942011
5642,51,12,-126.51534543777501,6,-121.9858949902555
5643,59,12,-141.367447738551,12,-141.367447738551
5644,17,12,-87.4712850103148,3,-36.095815994462484
5645,96,12,-238.08302673965238,20,-234.40975389635224
5646,96,12,-238.08302673965238,20,-234.40975389635224
5647,11,12,-84.63205382862074,1,-19.32560286376086
5648,42,12,-112.38502871842148,6,-96.03901273050752
5649,70,12,-165.30890638391594,12,-165.30890638391594
5650,82,12,-196.07186924674602,12,-196.07186924674602
5651,33,12,-100.9862386241835,6,-75.10271953333199
5652,51,12,-126.51534543777501,6,-121.9858949902555
5653,52,12,-128.2539228413562,6,-125.177939579655
5654,69,12,-162.96406455953235,12,-162.96406455953235
5655,81,12,-193.3232515767758,12,-193.3232515767758
5656,54,12,-131.832176252549,6,-131.7473732422173
5657,10,12,-84.27710649292833,1,-17.167386388250772
5658,76,12,-180.08474406613544,12,-180.08474406613544
5659,41,12,-110.98357657528959,6,-93.46522121489485
5660,81,12,-193.3232515767758,12,-193.3232515767758
5661,31,12,-98.82428562999917,6,-71.1312116538696
5662,3,12,-82.73882969802135,1,-7.808756080935194
5663,98,12,-244.6224017175923,20,-238.4808810119756
5664,42,12,-112.38502871842148,6,-96.03901273050752
5665,94,12,-231.6780614823333,20,-230.42240386096492
5666,6,12,-83.19527859488348,1,-10.586867266464079
5667,64,12,-151.74483656681207,12,-151.74483656681207
5668,4,12,-82.85717276709248,1,-8.529172688515441
5669,4,12,-82.85717276709248,1,-8.529172688515441
5670,63,12,-149.60200276748782,12,-149.60200276748782
5671,64,12,-151.74483656681207,12,-151.74483656681207
5672,99,12,-247.94248729970576,20,-240.54785882360903
5673,86,12,-207.4026530580665,12,-207.4026530580665
5674,94,12,-231.6780614823333,20,-230.42240386096492
5675,29,12,-96.79732089859871,3,-65.56666537455592
5676,22,12,-90.76623443917929,3,-46.51097281076241
5677,87,12,-210.3194161813455,12,-210.3194161813455
5678,49,12,-123.13930036828388,6,-115.78718783779036
5679,26,12,-94.01001581178649,3,-56.76113061721671
5680,56,12,-135.54521295910172,12,-135.54521295910172
5681,11,12,-84.63205382862074,1,-19.32560286376086
5682,2,12,-82.65429616947476,1,-7.294070267709967
5683,85,12,-204.51951458063076,12,-204.51951458063076
5684,12,12,-85.02079284439587,1,-21.68888886194659
5685,80,12,-190.60826966535672,12,-190.60826966535672
5686,2,12,-82.65429616947476,1,-7.294070267709967
5687,91,12,-222.3226706914009,12,-222.3226706914009
5688,76,12,-180.08474406613544,12,-180.08474406613544
5689,35,12,-103.28316204691019,6,-79.32193460441326
5690,0,12,-82.58666666666669,1,-6.8822222222222225
5691,61,12,-145.41736476856974,12,-145.41736476856974
5692,77,12,-182.66516071256729,12,-182.66516071256729
5693,18,12,-88.0627272398999,3,-37.96561375881964
5694,35,12,-103.28316204691019,6,-79.32193460441326
5695,10,12,-84.27710649292833,1,-17.167386388250772
5696,19,12,-88.68794552856191,3,-39.9420506223111
5697,27,12,-94.90536226632408,3,-59.5898777586643
5698,9,12,-83.95595306941537,1,-15.214321990937147
5699,38,12,-106.98157772725399,6,-86.11507655130762
5700,12,12,-85.02079284439587,1,-21.68888886194659
5701,69,12,-162.96406455953235,12,-162.96406455953235
5702,86,12,-207.4026530580665,12,-207.4026530580665
5703,62,12,-147.492844759646,12,-147.492844759646
5704,12,12,-85.02079284439587,1,-21.68888886194659
5705,66,12,-156.13152263937536,12,-156.13152263937536
5706,59,12,-141.367447738551,12,-141.367447738551
5707,0,12,-82.58666666666669,1,-6.8822222222222225
5708,24,12,-92.32059977591312,3,-51.42304101039932
5709,93,12,-228.5259880514485,20,-228.46014739973276
5710,92,12,-225.4075237139973,12,-225.4075237139973
5711,96,12,-238.08302673965238,20,-234.40975389635224
5712,4,12,-82.85717276709248,1,-8.529172688515441
5713,72,12,-170.09956846271837,12,-170.09956846271837
5714,18,12,-88.0627272398999,3,-37.96561375881964
5715,45,12,-116.79171153665492,6,-104.13151192781399
5716,92,12,-225.4075237139973,12,-225.4075237139973
5717,71,12,-167.68740842638795,12,-167.68740842638795
5718,72,12,-170.09956846271837,12,-170.09956846271837
5719,16,12,-86.91362107098472,1,-33.19107800413937
5720,86,12,-207.4026530580665,12,-207.4026530580665
5721,79,12,-187.92692573545764,12,-187.92692573545764
5722,20,12,-89.34693764525149,3,-42.025104283182344
5723,48,12,-121.50183715622016,6,-112.7805402942011
5724,85,12,-204.51951458063076,12,-204.51951458063076
5725,87,12,-210.3194161813455,12,-210.3194161813455
5726,97,12,-241.33591412399238,20,-236.43484574939123
5727,66,12,-156.13152263937536,12,-156.13152263937536
5728,48,12,-121.50183715622016,6,-112.7805402942011
5729,90,12,-219.27143120512085,12,-219.27143120512085
5730,11,12,-84.63205382862074,1,-19.32560286376086
5731,24,12,-92.32059977591312,3,-51.42304101039932
5732,15,12,-86.38973765322098,1,-30.008338880137654
5733,25,12,-93.14842757160632,3,-54.03884427687615
5734,5,12,-83.00932314367421,1,-9.455237327983067
5735,22,12,-90.76623443917929,3,-46.51097281076241
5736,54,12,-131.832176252549,6,-131.7473732422173
5737,51,12,-126.51534543777501,6,-121.9858949902555
5738,34,12,-102.11783014653936,6,-77.18136743158533
5739,29,12,-96.79732089859871,3,-65.56666537455592
5740,12,12,-85.02079284439587,1,-21.68888886194659
5741,44,12,-115.28909842694712,6,-101.37216560238318
5742,58,12,-139.39301515084207,12,-139.39301515084207
5743,20,12,-89.34693764525149,3,-42.025104283182344
5744,63,12,-149.60200276748782,12,-149.60200276748782
5745,46,12,-118.32804051309115,6,-106.95269482704867
5746,97,12,-241.33591412399238,20,-236.43484574939123
5747,75,12,-177.53797429426584,12,-177.53797429426584
5748,46,12,-118.32804051309115,6,-106.95269482704867
5749,94,12,-231.6780614823333,20,-230.42240386096492
5750,11,12,-84.63205382862074,1,-19.32560286376086
5751,70,12,-165.30890638391594,12,-165.30890638391594
5752,95,12,-234.86374178545628,20,-232.40560631336535
5753,34,12,-102.11783014653936,6,-77.18136743158533
5754,41,12,-110.98357657528959,6,-93.46522121489485
5755,21,12,-90.03970135905276,3,-44.21475244382181
5756,74,12,-175.02485362057575,12,-175.02485362057575
5757,91,12,-222.3226706914009,12,-222.3226706914009
5758,81,12,-193.3232515767758,12,-193.3232515767758
5759,57,12,-137.45226948237894,12,-137.45226948237894
5760,6,12,-83.19527859488348,1,-10.586867266464079
5761,11,12,-84.63205382862074,1,-19.32560286376086
5762,61,12,-145.41736476856974,12,-145.41736476856974
5763,93,12,-228.5259880514485,20,-228.46014739973276
5764,77,12,-182.66516071256729,12,-182.66516071256729
5765,19,12,-88.68794552856191,3,-39.9420506223111
5766,7,12,-83.41503688796908,1,-11.923979800667436
5767,57,12,-137.45226948237894,12,-137.45226948237894
5768,16,12,-86.91362107098472,1,-33.19107800413937
5769,70,12,-165.30890638391594,12,-165.30890638391594
5770,40,12,-109.61584921025063,6,-90.95329633472858
5771,79,12,-187.92692573545764,12,-187.92692573545764
5772,62,12,-147.492844759646,12,-147.492844759646
5773,66,12,-156.13152263937536,12,-156.13152263937536
5774,10,12,-84.27710649292833,1,-17.167386388250772
5775,41,12,-110.98357657528959,6,-93.46522121489485
5776,42,12,-112.38502871842148,6,-96.03901273050752
5777,40,12,-109.61584921025063,6,-90.95329633472858
5778,29,12,-96.79732089859871,3,-65.56666537455592
5779,74,12,-175.02485362057575,12,-175.02485362057575
5780,74,12,-175.02485362057575,12,-175.02485362057575
5781,31,12,-98.82428562999917,6,-71.1312116538696
5782,81,12,-193.3232515767758,12,-193.3232515767758
5783,99,12,-247.94248729970576,20,-240.54785882360903
5784,36,12,-104.48223209634578,6,-81.52441352950547
5785,61,12,-145.41736476856974,12,-145.41736476856974
5786,81,12,-193.3232515767758,12,-193.3232515767758
5787,85,12,-204.51951458063076,12,-204.51951458063076
5788,27,12,-94.90536226632408,3,-59.5898777586643
5789,25,12,-93.14842757160632,3,-54.03884427687615
5790,47,12,-119.89808312874094,6,-109.83570678670114
5791,54,12,-131.832176252549,6,-131.7473732422173
5792,72,12,-170.09956846271837,12,-170.09956846271837
5793,97,12,-241.33591412399238,20,-236.43484574939123
5794,73,12,-172.54538426876832,12,-172.54538426876832
5795,11,12,-84.63205382862074,1,-19.32560286376086
5796,48,12,-121.50183715622016,6,-112.7805402942011
5797,92,12,-225.4075237139973,12,-225.4075237139973
5798,16,12,-86.91362107098472,1,-33.19107800413937
5799,66,12,-156.13152263937536,12,-156.13152263937536
5800,72,12,-170.09956846271837,12,-170.09956846271837
5801,33,12,-100.9862386241835,6,-75.10271953333199
5802,48,12,-121.50183715622016,6,-112.7805402942011
5803,14,12,-85.8996369884651,1,-27.0303393518663
5804,40,12,-109.61584921025063,6,-90.95329633472858
5805,65,12,-153.92134393244743,12,-153.92134393244743
5806,46,12,-118.32804051309115,6,-106.95269482704867
5807,95,12,-234.86374178545628,20,-232.40560631336535
5808,22,12,-90.76623443917929,3,-46.51097281076241
5809,64,12,-151.74483656681207,12,-151.74483656681207
5810,76,12,-180.08474406613544,12,-180.08474406613544
5811,40,12,-109.61584921025063,6,-90.95329633472858
5812,64,12,-151.74483656681207,12,-151.74483656681207
5813,92,12,-225.4075237139973,12,-225.4075237139973
5814,31,12,-98.82428562999917,6,-71.1312116538696
5815,60,12,-143.3755650196889,12,-143.3755650196889
5816,28,12,-95.83446470521845,3,-62.525063432602536
5817,57,12,-137.45226948237894,12,-137.45226948237894
5818,83,12,-198.854120452488,12,-198.854120452488
5819,96,12,-238.08302673965238,20,-234.40975389635224
5820,43,12,-113.8202034116098,6,-98.67466336494121
5821,68,12,-160.6528851776278,12,-160.6528851776278
5822,81,12,-193.3232515767758,12,-193.3232515767758
5823,93,12,-228.5259880514485,20,-228.46014739973276
5824,26,12,-94.01001581178649,3,-56.76113061721671
5825,89,12,-216.25380747683084,12,-216.25380747683084
5826,82,12,-196.07186924674602,12,-196.07186924674602
5827,51,12,-126.51534543777501,6,-121.9858949902555
5828,84,12,-201.67000297128635,12,-201.67000297128635
5829,47,12,-119.89808312874094,6,-109.83570678670114
5830,57,12,-137.45226948237894,12,-137.45226948237894
5831,41,12,-110.98357657528959,6,-93.46522121489485
5832,71,12,-167.68740842638795,12,-167.68740842638795
5833,98,12,-244.6224017175923,20,-238.4808810119756
5834,28,12,-95.83446470521845,3,-62.525063432602536
5835,32,12,-99.88838970893231,6,-73.08599843278336
5836,12,12,-85.02079284439587,1,-21.68888886194659
5837,88,12,-213.26980172825859,12,-213.26980172825859
5838,71,12,-167.68740842638795,12,-167.68740842638795
5839,73,12,-172.54538426876832,12,-172.54538426876832
5840,60,12,-143.3755650196889,12,-143.3755650196889
5841,39,12,-108.28184885147208,6,-88.50324560744662
5842,45,12,-116.79171153665492,6,-104.13151192781399
5843,33,12,-100.9862386241835,6,-75.10271953333199
5844,94,12,-231.6780614823333,20,-230.42240386096492
5845,99,12,-247.94248729970576,20,-240.54785882360903
5846,60,12,-143.3755650196889,12,-143.3755650196889
5847,34,12,-102.11783014653936,6,-77.18136743158533
5848,66,12,-156.13152263937536,12,-156.13152263937536
5849,29,12,-96.79732089859871,3,-65.56666537455592
5850,39,12,-108.28184885147208,6,-88.50324560744662
5851,63,12,-149.60200276748782,12,-149.60200276748782
5852,22,12,-90.76623443917929,3,-46.51097281076241
5853,99,12,-247.94248729970576,20,-240.54785882360903
5854,53,12,-130.0262005218131,6,-128.43176816621013
5855,64,12,-151.74483656681207,12,-151.74483656681207
5856,26,12,-94.01001581178649,3,-56.76113061721671
5857,68,12,-160.6528851776278,12,-160.6528851776278
5858,43,12,-113.8202034116098,6,-98.67466336494121
5859,47,12,-119.89808312874094,6,-109.83570678670114
5860,9,12,-83.95595306941537,1,-15.214321990937147
5861,70,12,-165.30890638391594,12,-165.30890638391594
5862,29,12,-96.79732089859871,3,-65.56666537455592
5863,5,12,-83.00932314367421,1,-9.455237327983067
5864,1,12,-82.6035744145978,1,-6.9851980409108565
5865,86,12,-207.4026530580665,12,-207.4026530580665
5866,26,12,-94.01001581178649,3,-56.76113061721671
5867,93,12,-228.5259880514485,20,-228.46014739973276
5868,5,12,-83.00932314367421,1,-9.455237327983067
5869,16,12,-86.91362107098472,1,-33.19107800413937
5870,26,12,-94.01001581178649,3,-56.76113061721671
5871,44,12,-115.28909842694712,6,-101.37216560238318
5872,26,12,-94.01001581178649,3,-56.76113061721671
5873,78,12,-185.27922201012348,12,-185.27922201012348
5874,88,12,-213.26980172825859,12,-213.26980172825859
5875,8,12,-83.66859579030925,1,-13.466492256876304
5876,19,12,-88.68794552856191,3,-39.9420506223111
5877,93,12,-228.5259880514485,20,-228.46014739973276
5878,59,12,-141.367447738551,12,-141.367447738551
5879,75,12,-177.53797429426584,12,-177.53797429426584
5880,46,12,-118.32804051309115,6,-106.95269482704867
5881,21,12,-90.03970135905276,3,-44.21475244382181
5882,66,12,-156.13152263937536,12,-156.13152263937536
5883,61,12,-145.41736476856974,12,-145.41736476856974
5884,57,12,-137.45226948237894,12,-137.45226948237894
5885,26,12,-94.01001581178649,3,-56.76113061721671
5886,53,12,-130.0262005218131,6,-128.43176816621013
5887,68,12,-160.6528851776278,12,-160.6528851776278
5888,22,12,-90.76623443917929,3,-46.51097281076241
5889,82,12,-196.07186924674602,12,-196.07186924674602
5890,38,12,-106.98157772725399,6,-86.11507655130762
5891,65,12,-153.92134393244743,12,-153.92134393244743
5892,4,12,-82.85717276709248,1,-8.529172688515441
5893,19,12,-88.68794552856191,3,-39.9420506223111
5894,91,12,-222.3226706914009,12,-222.3226706914009
5895,7,12,-83.41503688796908,1,-11.923979800667436
5896,93,12,-228.5259880514485,20,-228.46014739973276
5897,98,12,-244.6224017175923,20,-238.4808810119756
5898,88,12,-213.26980172825859,12,-213.26980172825859
5899,57,12,-137.45226948237894,12,-137.45226948237894
5900,76,12,-180.08474406613544,12,-180.08474406613544
5901,69,12,-162.96406455953235,12,-162.96406455953235
5902,44,12,-115.28909842694712,6,-101.37216560238318
5903,13,12,-85.44332130828904,1,-24.257161856809045
5904,38,12,-106.98157772725399,6,-86.11507655130762
5905,79,12,-187.92692573545764,12,-187.92692573545764
5906,0,12,-82.58666666666669,1,-6.8822222222222225
5907,51,12,-126.51534543777501,6,-121.9858949902555
5908,68,12,-160.6528851776278,12,-160.6528851776278
5909,45,12,-116.79171153665492,6,-104.13151192781399
5910,22,12,-90.76623443917929,3,-46.51097281076241
5911,30,12,-97.79392861672859,3,-68.71466132418306
5912,32,12,-99.88838970893231,6,-73.08599843278336
5913,95,12,-234.86374178545628,20,-232.40560631336535
5914,45,12,-116.79171153665492,6,-104.13151192781399
5915,3,12,-82.73882969802135,1,-7.808756080935194
5916,60,12,-143.3755650196889,12,-143.3755650196889
5917,35,12,-103.28316204691019,6,-79.32193460441326
5918,19,12,-88.68794552856191,3,-39.9420506223111
5919,98,12,-244.6224017175923,20,-238.4808810119756
5920,17,12,-87.4712850103148,3,-36.095815994462484
5921,3,12,-82.73882969802135,1,-7.808756080935194
5922,60,12,-143.3755650196889,12,-143.3755650196889
5923,72,12,-170.09956846271837,12,-170.09956846271837
5924,65,12,-153.92134393244743,12,-153.92134393244743
5925,15,12,-86.38973765322098,1,-30.008338880137654
5926,8,12,-83.66859579030925,1,-13.466492256876304
5927,52,12,-128.2539228413562,6,-125.177939579655
5928,22,12,-90.76623443917929,3,-46.51097281076241
5929,10,12,-84.27710649292833,1,-17.167386388250772
5930,44,12,-115.28909842694712,6,-101.37216560238318
5931,12,12,-85.02079284439587,1,-21.68888886194659
5932,3,12,-82.73882969802135,1,-7.808756080935194
5933,22,12,-90.76623443917929,3,-46.51097281076241
5934,12,12,-85.02079284439587,1,-21.68888886194659
5935,25,12,-93.14842757160632,3,-54.03884427687615
5936,53,12,-130.0262005218131,6,-128.43176816621013
5937,90,12,-219.27143120512085,12,-219.27143120512085
5938,40,12,-109.61584921025063,6,-90.95329633472858
5939,41,12,-110.98357657528959,6,-93.46522121489485
5940,0,12,-82.58666666666669,1,-6.8822222222222225
5941,55,12,-133.67184780709107,12,-133.67184780709107
5942,59,12,-141.367447738551,12,-141.367447738551
5943,52,12,-128.2539228413562,6,-125.177939579655
5944,27,12,-94.90536226632408,3,-59.5898777586643
5945,40,12,-109.61584921025063,6,-90.95329633472858
5946,85,12,-204.51951458063076,12,-204.51951458063076
5947,21,12,-90.03970135905276,3,-44.21475244382181
5948,70,12,-165.30890638391594,12,-165.30890638391594
5949,76,12,-180.08474406613544,12,-180.08474406613544
5950,7,12,-83.41503688796908,1,-11.923979800667436
5951,3,12,-82.73882969802135,1,-7.808756080935194
5952,74,12,-175.02485362057575,12,-175.02485362057575
5953,27,12,-94.90536226632408,3,-59.5898777586643
5954,57,12,-137.45226948237894,12,-137.45226948237894
5955,88,12,-213.26980172825859,12,-213.26980172825859
5956,49,12,-123.13930036828388,6,-115.78718783779036
5957,46,12,-118.32804051309115,6,-106.95269482704867
5958,73,12,-172.54538426876832,12,-172.54538426876832
5959,36,12,-104.48223209634578,6,-81.52441352950547
5960,8,12,-83.66859579030925,1,-13.466492256876304
5961,9,12,-83.95595306941537,1,-15.214321990937147
5962,99,12,-247.94248729970576,20,-240.54785882360903
5963,1,12,-82.6035744145978,1,-6.9851980409108565
5964,38,12,-106.98157772725399,6,-86.11507655130762
5965,20,12,-89.34693764525149,3,-42.025104283182344
5966,45,12,-116.79171153665492,6,-104.13151192781399
5967,89,12,-216.25380747683084,12,-216.25380747683084
5968,44,12,-115.28909842694712,6,-101.37216560238318
5969,89,12,-216.25380747683084,12,-216.25380747683084
5970,69,12,-162.96406455953235,12,-162.96406455953235
5971,64,12,-151.74483656681207,12,-151.74483656681207
5972,58,12,-139.39301515084207,12,-139.39301515084207
5973,70,12,-165.30890638391594,12,-165.30890638391594
5974,70,12,-165.30890638391594,12,-165.30890638391594
5975,17,12,-87.4712850103148,3,-36.095815994462484
5976,11,12,-84.63205382862074,1,-19.32560286376086
5977,17,12,-87.4712850103148,3,-36.095815994462484
5978,37,12,-105.71503806602566,6,-83.78879668536612
5979,94,12,-231.6780614823333,20,-230.42240386096492
5980,57,12,-137.45226948237894,12,-137.45226948237894
5981,73,12,-172.54538426876832,12,-172.54538426876832
5982,12,12,-85.02079284439587,1,-21.68888886194659
5983,17,12,-87.4712850103148,3,-36.095815994462484
5984,36,12,-104.48223209634578,6,-81.52441352950547
5985,32,12,-99.88838970893231,6,-73.08599843278336
5986,3,12,-82.73882969802135,1,-7.808756080935194
5987,76,12,-180.08474406613544,12,-180.08474406613544
5988,37,12,-105.71503806602566,6,-83.78879668536612
5989,71,12,-167.68740842638795,12,-167.68740842638795
5990,61,12,-145.41736476856974,12,-145.41736476856974
5991,5,12,-83.00932314367421,1,-9.455237327983067
5992,17,12,-87.4712850103148,3,-36.095815994462484
5993,18,12,-88.0627272398999,3,-37.96561375881964
5994,18,12,-88.0627272398999,3,-37.96561375881964
5995,81,12,-193.3232515767758,12,-193.3232515767758
5996,33,12,-100.9862386241835,6,-75.10271953333199
5997,10,12,-84.27710649292833,1,-17.167386388250772
5998,49,12,-123.13930036828388,6,-115.78718783779036
5999,9,12,-83.95595306941537,1,-15.214321990937147
6000,26,12,-94.01001581178649,3,-56.76113061721671
6001,4,12,-82.85717276709248,1,-8.529172688515441
6002,89,12,-216.25380747683084,12,-216.25380747683084
6003,71,12,-167.68740842638795,12,-167.68740842638795
6004,97,12,-241.33591412399238,20,-236.43484574939123
6005,17,12,-87.4712850103148,3,-36.095815994462484
6006,17,12,-87.4712850103148,3,-36.095815994462484
6007,72,12,-170.09956846271837,12,-170.09956846271837
6008,58,12,-139.39301515084207,12,-139.39301515084207
6009,87,12,-210.3194161813455,12,-210.3194161813455
6010,55,12,-133.67184780709107,12,-133.67184780709107
6011,34,12,-102.11783014653936,6,-77.18136743158533
6012,91,12,-222.3226706914009,12,-222.3226706914009
6013,68,12,-160.6528851776278,12,-160.6528851776278
6014,2,12,-82.65429616947476,1,-7.294070267709967
6015,25,12,-93.14842757160632,3,-54.03884427687615
6016,70,12,-165.30890638391594,12,-165.30890638391594
6017,10,12,-84.27710649292833,1,-17.167386388250772
6018,19,12,-88.68794552856191,3,-39.9420506223111
6019,45,12,-116.79171153665492,6,-104.13151192781399
6020,79,12,-187.92692573545764,12,-187.92692573545764
6021,84,12,-201.67000297128635,12,-201.67000297128635
6022,53,12,-130.0262005218131,6,-128.43176816621013
6023,79,12,-187.92692573545764,12,-187.92692573545764
6024,54,12,-131.832176252549,6,-131.7473732422173
6025,35,12,-103.28316204691019,6,-79.32193460441326
6026,47,12,-119.89808312874094,6,-109.83570678670114
6027,71,12,-167.68740842638795,12,-167.68740842638795
6028,60,12,-143.3755650196889,12,-143.3755650196889
6029,36,12,-104.48223209634578,6,-81.52441352950547
6030,28,12,-95.83446470521845,3,-62.525063432602536
6031,44,12,-115.28909842694712,6,-101.37216560238318
6032,46,12,-118.32804051309115,6,-106.95269482704867
6033,9,12,-83.95595306941537,1,-15.214321990937147
6034,87,12,-210.3194161813455,12,-210.3194161813455
6035,35,12,-103.28316204691019,6,-79.32193460441326
6036,92,12,-225.4075237139973,12,-225.4075237139973
6037,18,12,-88.0627272398999,3,-37.96561375881964
6038,78,12,-185.27922201012348,12,-185.27922201012348
6039,20,12,-89.34693764525149,3,-42.025104283182344
6040,36,12,-104.48223209634578,6,-81.52441352950547
6041,72,12,-170.09956846271837,12,-170.09956846271837
6042,13,12,-85.44332130828904,1,-24.257161856809045
6043,21,12,-90.03970135905276,3,-44.21475244382181
6044,59,12,-141.367447738551,12,-141.367447738551
6045,61,12,-145.41736476856974,12,-145.41736476856974
6046,96,12,-238.08302673965238,20,-234.40975389635224
6047,32,12,-99.88838970893231,6,-73.08599843278336
6048,30,12,-97.79392861672859,3,-68.71466132418306
6049,73,12,-172.54538426876832,12,-172.54538426876832
6050,91,12,-222.3226706914009,12,-222.3226706914009
6051,61,12,-145.41736476856974,12,-145.41736476856974
6052,28,12,-95.83446470521845,3,-62.525063432602536
6053,56,12,-135.54521295910172,12,-135.54521295910172
6054,23,12,-91.52653465497364,3,-48.91374309468091
6055,92,12,-225.4075237139973,12,-225.4075237139973
6056,56,12,-135.54521295910172,12,-135.54521295910172
6057,66,12,-156.13152263937536,12,-156.13152263937536
6058,20,12,-89.34693764525149,3,-42.025104283182344
6059,86,12,-207.4026530580665,12,-207.4026530580665
6060,96,12,-238.08302673965238,20,-234.40975389635224
6061,7,12,-83.41503688796908,1,-11.923979800667436
6062,56,12,-135.54521295910172,12,-135.54521295910172
6063,21,12,-90.03970135905276,3,-44.21475244382181
6064,84,12,-201.67000297128635,12,-201.67000297128635
6065,19,12,-88.68794552856191,3,-39.9420506223111
6066,89,12,-216.25380747683084,12,-216.25380747683084
6067,47,12,-119.89808312874094,6,-109.83570678670114
6068,37,12,-105.71503806602566,6,-83.78879668536612
6069,88,12,-213.26980172825859,12,-213.26980172825859
6070,83,12,-198.854120452488,12,-198.854120452488
6071,55,12,-133.67184780709107,12,-133.67184780709107
6072,42,12,-112.38502871842148,6,-96.03901273050752
6073,13,12,-85.44332130828904,1,-24.257161856809045
6074,44,12,-115.28909842694712,6,-101.37216560238318
6075,91,12,-222.3226706914009,12,-222.3226706914009
6076,86,12,-207.4026530580665,12,-207.4026530580665
6077,91,12,-222.3226706914009,12,-222.3226706914009
6078,3,12,-82.73882969802135,1,-7.808756080935194
6079,57,12,-137.45226948237894,12,-137.45226948237894
6080,33,12,-100.9862386241835,6,-75.10271953333199
6081,29,12,-96.79732089859871,3,-65.56666537455592
6082,85,12,-204.51951458063076,12,-204.51951458063076
6083,66,12,-156.13152263937536,12,-156.13152263937536
6084,38,12,-106.98157772725399,6,-86.11507655130762
6085,24,12,-92.32059977591312,3,-51.42304101039932
6086,81,12,-193.3232515767758,12,-193.3232515767758
6087,77,12,-182.66516071256729,12,-182.66516071256729
6088,73,12,-172.54538426876832,12,-172.54538426876832
6089,25,12,-93.14842757160632,3,-54.03884427687615
6090,37,12,-105.71503806602566,6,-83.78879668536612
6091,14,12,-85.8996369884651,1,-27.0303393518663
6092,29,12,-96.79732089859871,3,-65.56666537455592
6093,7,12,-83.41503688796908,1,-11.923979800667436
6094,58,12,-139.39301515084207,12,-139.39301515084207
6095,27,12,-94.90536226632408,3,-59.5898777586643
6096,28,12,-95.83446470521845,3,-62.525063432602536
6097,86,12,-207.4026530580665,12,-207.4026530580665
6098,68,12,-160.6528851776278,12,-160.6528851776278
6099,67,12,-158.37537046268577,12,-158.37537046268577
6100,24,12,-92.32059977591312,3,-51.42304101039932
6101,26,12,-94.01001581178649,3,-56.76113061721671
6102,9,12,-83.95595306941537,1,-15.214321990937147
6103,59,12,-141.367447738551,12,-141.367447738551
6104,55,12,-133.67184780709107,12,-133.67184780709107
6105,71,12,-167.68740842638795,12,-167.68740842638795
6106,84,12,-201.67000297128635,12,-201.67000297128635
6107,11,12,-84.63205382862074,1,-19.32560286376086
6108,70,12,-165.30890638391594,12,-165.30890638391594
6109,92,12,-225.4075237139973,12,-225.4075237139973
6110,2,12,-82.65429616947476,1,-7.294070267709967
6111,39,12,-108.28184885147208,6,-88.50324560744662
6112,57,12,-137.45226948237894,12,-137.45226948237894
6113,27,12,-94.90536226632408,3,-59.5898777586643
6114,31,12,-98.82428562999917,6,-71.1312116538696
6115,35,12,-103.28316204691019,6,-79.32193460441326
6116,12,12,-85.02079284439587,1,-21.68888886194659
6117,64,12,-151.74483656681207,12,-151.74483656681207
6118,23,12,-91.52653465497364,3,-48.91374309468091
6119,5,12,-83.00932314367421,1,-9.455237327983067
6120,55,12,-133.67184780709107,12,-133.67184780709107
6121,64,12,-151.74483656681207,12,-151.74483656681207
6122,35,12,-103.28316204691019,6,-79.32193460441326
6123,10,12,-84.27710649292833,1,-17.167386388250772
6124,29,12,-96.79732089859871,3,-65.56666537455592
6125,63,12,-149.60200276748782,12,-149.60200276748782
6126,81,12,-193.3232515767758,12,-193.3232515767758
6127,48,12,-121.50183715622016,6,-112.7805402942011
6128,82,12,-196.07186924674602,12,-196.07186924674602
6129,59,12,-141.367447738551,12,-141.367447738551
6130,47,12,-119.89808312874094,6,-109.83570678670114
6131,61,12,-145.41736476856974,12,-145.41736476856974
6132,10,12,-84.27710649292833,1,-17.167386388250772
6133,19,12,-88.68794552856191,3,-39.9420506223111
6134,77,12,-182.66516071256729,12,-182.66516071256729
6135,57,12,-137.45226948237894,12,-137.45226948237894
6136,67,12,-158.37537046268577,12,-158.37537046268577
6137,36,12,-104.48223209634578,6,-81.52441352950547
6138,3,12,-82.73882969802135,1,-7.808756080935194
6139,35,12,-103.28316204691019,6,-79.32193460441326
6140,71,12,-167.68740842638795,12,-167.68740842638795
6141,74,12,-175.02485362057575,12,-175.02485362057575
6142,84,12,-201.67000297128635,12,-201.67000297128635
6143,92,12,-225.4075237139973,12,-225.4075237139973
6144,72,12,-170.09956846271837,12,-170.09956846271837
6145,8,12,-83.66859579030925,1,-13.466492256876304
6146,81,12,-193.3232515767758,12,-193.3232515767758
6147,81,12,-193.3232515767758,12,-193.3232515767758
6148,69,12,-162.96406455953235,12,-162.96406455953235
6149,95,12,-234.86374178545628,20,-232.40560631336535
6150,93,12,-228.5259880514485,20,-228.46014739973276
6151,59,12,-141.367447738551,12,-141.367447738551
6152,80,12,-190.60826966535672,12,-190.60826966535672
6153,57,12,-137.45226948237894,12,-137.45226948237894
6154,86,12,-207.4026530580665,12,-207.4026530580665
6155,99,12,-247.94248729970576,20,-240.54785882360903
6156,50,12,-124.81047053779731,6,-118.85564190652914
6157,99,12,-247.94248729970576,20,-240.54785882360903
6158,80,12,-190.60826966535672,12,-190.60826966535672
6159,27,12,-94.90536226632408,3,-59.5898777586643
6160,96,12,-238.08302673965238,20,-234.40975389635224
6161,47,12,-119.89808312874094,6,-109.83570678670114
6162,66,12,-156.13152263937536,12,-156.13152263937536
6163,11,12,-84.63205382862074,1,-19.32560286376086
6164,82,12,-196.07186924674602,12,-196.07186924674602
6165,88,12,-213.26980172825859,12,-213.26980172825859
6166,24,12,-92.32059977591312,3,-51.42304101039932
6167,0,12,-82.58666666666669,1,-6.8822222222222225
6168,60,12,-143.3755650196889,12,-143.3755650196889
6169,72,12,-170.09956846271837,12,-170.09956846271837
6170,87,12,-210.3194161813455,12,-210.3194161813455
6171,1,12,-82.6035744145978,1,-6.9851980409108565
6172,93,12,-228.5259880514485,20,-228.46014739973276
6173,47,12,-119.89808312874094,6,-109.83570678670114
6174,50,12,-124.81047053779731,6,-118.85564190652914
6175,81,12,-193.3232515767758,12,-193.3232515767758
6176,83,12,-198.854120452488,12,-198.854120452488
6177,89,12,-216.25380747683084,12,-216.25380747683084
6178,69,12,-162.96406455953235,12,-162.96406455953235
6179,85,12,-204.51951458063076,12,-204.51951458063076
6180,34,12,-102.11783014653936,6,-77.18136743158533
6181,97,12,-241.33591412399238,20,-236.43484574939123
6182,38,12,-106.98157772725399,6,-86.11507655130762
6183,91,12,-222.3226706914009,12,-222.3226706914009
6184,49,12,-123.13930036828388,6,-115.78718783779036
6185,4,12,-82.85717276709248,1,-8.529172688515441
6186,83,12,-198.854120452488,12,-198.854120452488
6187,51,12,-126.51534543777501,6,-121.9858949902555
6188,33,12,-100.9862386241835,6,-75.10271953333199
6189,85,12,-204.51951458063076,12,-204.51951458063076
6190,4,12,-82.85717276709248,1,-8.529172688515441
6191,51,12,-126.51534543777501,6,-121.9858949902555
6192,89,12,-216.25380747683084,12,-216.25380747683084
6193,71,12,-167.68740842638795,12,-167.68740842638795
6194,56,12,-135.54521295910172,12,-135.54521295910172
6195,36,12,-104.48223209634578,6,-81.52441352950547
6196,51,12,-126.51534543777501,6,-121.9858949902555
6197,95,12,-234.86374178545628,20,-232.40560631336535
6198,61,12,-145.41736476856974,12,-145.41736476856974
6199,61,12,-145.41736476856974,12,-145.41736476856974
6200,66,12,-156.13152263937536,12,-156.13152263937536
6201,57,12,-137.45226948237894,12,-137.45226948237894
6202,25,12,-93.14842757160632,3,-54.03884427687615
6203,12,12,-85.02079284439587,1,-21.68888886194659
6204,61,12,-145.41736476856974,12,-145.41736476856974
6205,5,12,-83.00932314367421,1,-9.455237327983067
6206,35,12,-103.28316204691019,6,-79.32193460441326
6207,94,12,-231.6780614823333,20,-230.42240386096492
6208,52,12,-128.2539228413562,6,-125.177939579655
6209,9,12,-83.95595306941537,1,-15.214321990937147
6210,49,12,-123.13930036828388,6,-115.78718783779036
6211,81,12,-193.3232515767758,12,-193.3232515767758
6212,56,12,-135.54521295910172,12,-135.54521295910172
6213,29,12,-96.79732089859871,3,-65.56666537455592
6214,75,12,-177.53797429426584,12,-177.53797429426584
6215,61,12,-145.41736476856974,12,-145.41736476856974
6216,34,12,-102.11783014653936,6,-77.18136743158533
6217,43,12,-113.8202034116098,6,-98.67466336494121
6218,33,12,-100.9862386241835,6,-75.10271953333199
6219,28,12,-95.83446470521845,3,-62.525063432602536
6220,22,12,-90.76623443917929,3,-46.51097281076241
6221,89,12,-216.25380747683084,12,-216.25380747683084
6222,91,12,-222.3226706914009,12,-222.3226706914009
6223,17,12,-87.4712850103148,3,-36.095815994462484
6224,33,12,-100.9862386241835,6,-75.10271953333199
6225,97,12,-241.33591412399238,20,-236.43484574939123
6226,89,12,-216.25380747683084,12,-216.25380747683084
6227,84,12,-201.67000297128635,12,-201.67000297128635
6228,7,12,-83.41503688796908,1,-11.923979800667436
6229,64,12,-151.74483656681207,12,-151.74483656681207
6230,12,12,-85.02079284439587,1,-21.68888886194659
6231,71,12,-167.68740842638795,12,-167.68740842638795
6232,44,12,-115.28909842694712,6,-101.37216560238318
6233,87,12,-210.3194161813455,12,-210.3194161813455
6234,38,12,-106.98157772725399,6,-86.11507655130762
6235,2,12,-82.65429616947476,1,-7.294070267709967
6236,59,12,-141.367447738551,12,-141.367447738551
6237,73,12,-172.54538426876832,12,-172.54538426876832
6238,30,12,-97.79392861672859,3,-68.71466132418306
6239,62,12,-147.492844759646,12,-147.492844759646
6240,50,12,-124.81047053779731,6,-118.85564190652914
6241,26,12,-94.01001581178649,3,-56.76113061721671
6242,12,12,-85.02079284439587,1,-21.68888886194659
6243,18,12,-88.0627272398999,3,-37.96561375881964
6244,29,12,-96.79732089859871,3,-65.56666537455592
6245,58,12,-139.39301515084207,12,-139.39301515084207
6246,38,12,-106.98157772725399,6,-86.11507655130762
6247,70,12,-165.30890638391594,12,-165.30890638391594
6248,66,12,-156.13152263937536,12,-156.13152263937536
6249,49,12,-123.13930036828388,6,-115.78718783779036
6250,77,12,-182.66516071256729,12,-182.66516071256729
6251,51,12,-126.51534543777501,6,-121.9858949902555
6252,80,12,-190.60826966535672,12,-190.60826966535672
6253,31,12,-98.82428562999917,6,-71.1312116538696
6254,8,12,-83.66859579030925,1,-13.466492256876304
6255,31,12,-98.82428562999917,6,-71.1312116538696
6256,25,12,-93.14842757160632,3,-54.03884427687615
6257,18,12,-88.0627272398999,3,-37.96561375881964
6258,83,12,-198.854120452488,12,-198.854120452488
6259,92,12,-225.4075237139973,12,-225.4075237139973
6260,65,12,-153.92134393244743,12,-153.92134393244743
6261,57,12,-137.45226948237894,12,-137.45226948237894
6262,90,12,-219.27143120512085,12,-219.27143120512085
6263,30,12,-97.79392861672859,3,-68.71466132418306
6264,21,12,-90.03970135905276,3,-44.21475244382181
6265,75,12,-177.53797429426584,12,-177.53797429426584
6266,35,12,-103.28316204691019,6,-79.32193460441326
6267,98,12,-244.6224017175923,20,-238.4808810119756
6268,54,12,-131.832176252549,6,-131.7473732422173
6269,64,12,-151.74483656681207,12,-151.74483656681207
6270,63,12,-149.60200276748782,12,-149.60200276748782
6271,88,12,-213.26980172825859,12,-213.26980172825859
6272,46,12,-118.32804051309115,6,-106.95269482704867
6273,96,12,-238.08302673965238,20,-234.40975389635224
6274,40,12,-109.61584921025063,6,-90.95329633472858
6275,58,12,-139.39301515084207,12,-139.39301515084207
6276,68,12,-160.6528851776278,12,-160.6528851776278
6277,29,12,-96.79732089859871,3,-65.56666537455592
6278,51,12,-126.51534543777501,6,-121.9858949902555
6279,54,12,-131.832176252549,6,-131.7473732422173
6280,56,12,-135.54521295910172,12,-135.54521295910172
6281,82,12,-196.07186924674602,12,-196.07186924674602
6282,52,12,-128.2539228413562,6,-125.177939579655
6283,66,12,-156.13152263937536,12,-156.13152263937536
6284,33,12,-100.9862386241835,6,-75.10271953333199
6285,89,12,-216.25380747683084,12,-216.25380747683084
6286,27,12,-94.90536226632408,3,-59.5898777586643
6287,86,12,-207.4026530580665,12,-207.4026530580665
6288,42,12,-112.38502871842148,6,-96.03901273050752
6289,6,12,-83.19527859488348,1,-10.586867266464079
6290,53,12,-130.0262005218131,6,-128.43176816621013
6291,93,12,-228.5259880514485,20,-228.46014739973276
6292,32,12,-99.88838970893231,6,-73.08599843278336
6293,23,12,-91.52653465497364,3,-48.91374309468091
6294,37,12,-105.71503806602566,6,-83.78879668536612
6295,10,12,-84.27710649292833,1,-17.167386388250772
6296,9,12,-83.95595306941537,1,-15.214321990937147
6297,65,12,-153.92134393244743,12,-153.92134393244743
6298,64,12,-151.74483656681207,12,-151.74483656681207
6299,3,12,-82.73882969802135,1,-7.808756080935194
6300,25,12,-93.14842757160632,3,-54.03884427687615
6301,61,12,-145.41736476856974,12,-145.41736476856974
6302,76,12,-180.08474406613544,12,-180.08474406613544
6303,67,12,-158.37537046268577,12,-158.37537046268577
6304,98,12,-244.6224017175923,20,-238.4808810119756
6305,91,12,-222.3226706914009,12,-222.3226706914009
6306,49,12,-123.13930036828388,6,-115.78718783779036
6307,1,12,-82.6035744145978,1,-6.9851980409108565
6308,8,12,-83.66859579030925,1,-13.466492256876304
6309,97,12,-241.33591412399238,20,-236.43484574939123
6310,95,12,-234.86374178545628,20,-232.40560631336535
6311,29,12,-96.79732089859871,3,-65.56666537455592
6312,48,12,-121.50183715622016,6,-112.7805402942011
6313,60,12,-143.3755650196889,12,-143.3755650196889
6314,77,12,-182.66516071256729,12,-182.66516071256729
6315,78,12,-185.27922201012348,12,-185.27922201012348
6316,28,12,-95.83446470521845,3,-62.525063432602536
6317,80,12,-190.60826966535672,12,-190.60826966535672
6318,99,12,-247.94248729970576,20,-240.54785882360903
6319,88,12,-213.26980172825859,12,-213.26980172825859
6320,45,12,-116.79171153665492,6,-104.13151192781399
6321,6,12,-83.19527859488348,1,-10.586867266464079
6322,18,12,-88.0627272398999,3,-37.96561375881964
6323,56,12,-135.54521295910172,12,-135.54521295910172
6324,33,12,-100.9862386241835,6,-75.10271953333199
6325,8,12,-83.66859579030925,1,-13.466492256876304
6326,78,12,-185.27922201012348,12,-185.27922201012348
6327,18,12,-88.0627272398999,3,-37.96561375881964
6328,59,12,-141.367447738551,12,-141.367447738551
6329,39,12,-108.28184885147208,6,-88.50324560744662
6330,24,12,-92.32059977591312,3,-51.42304101039932
6331,12,12,-85.02079284439587,1,-21.68888886194659
6332,9,12,-83.95595306941537,1,-15.214321990937147
6333,97,12,-241.33591412399238,20,-236.43484574939123
6334,49,12,-123.13930036828388,6,-115.78718783779036
6335,97,12,-241.33591412399238,20,-236.43484574939123
6336,50,12,-124.81047053779731,6,-118.85564190652914
6337,88,12,-213.26980172825859,12,-213.26980172825859
6338,15,12,-86.38973765322098,1,-30.008338880137654
6339,39,12,-108.28184885147208,6,-88.50324560744662
6340,70,12,-165.30890638391594,12,-165.30890638391594
6341,61,12,-145.41736476856974,12,-145.41736476856974
6342,17,12,-87.4712850103148,3,-36.095815994462484
6343,8,12,-83.66859579030925,1,-13.466492256876304
6344,65,12,-153.92134393244743,12,-153.92134393244743
6345,7,12,-83.41503688796908,1,-11.923979800667436
6346,20,12,-89.34693764525149,3,-42.025104283182344
6347,40,12,-109.61584921025063,6,-90.95329633472858
6348,72,12,-170.09956846271837,12,-170.09956846271837
6349,0,12,-82.58666666666669,1,-6.8822222222222225
6350,41,12,-110.98357657528959,6,-93.46522121489485
6351,2,12,-82.65429616947476,1,-7.294070267709967
6352,32,12,-99.88838970893231,6,-73.08599843278336
6353,86,12,-207.4026530580665,12,-207.4026530580665
6354,10,12,-84.27710649292833,1,-17.167386388250772
6355,94,12,-231.6780614823333,20,-230.42240386096492
6356,8,12,-83.66859579030925,1,-13.466492256876304
6357,21,12,-90.03970135905276,3,-44.21475244382181
6358,57,12,-137.45226948237894,12,-137.45226948237894
6359,45,12,-116.79171153665492,6,-104.13151192781399
6360,67,12,-158.37537046268577,12,-158.37537046268577
6361,69,12,-162.96406455953235,12,-162.96406455953235
6362,27,12,-94.90536226632408,3,-59.5898777586643
6363,90,12,-219.27143120512085,12,-219.27143120512085
6364,12,12,-85.02079284439587,1,-21.68888886194659
6365,64,12,-151.74483656681207,12,-151.74483656681207
6366,3,12,-82.73882969802135,1,-7.808756080935194
6367,61,12,-145.41736476856974,12,-145.41736476856974
6368,43,12,-113.8202034116098,6,-98.67466336494121
6369,96,12,-238.08302673965238,20,-234.40975389635224
6370,40,12,-109.61584921025063,6,-90.95329633472858
6371,20,12,-89.34693764525149,3,-42.025104283182344
6372,14,12,-85.8996369884651,1,-27.0303393518663
6373,24,12,-92.32059977591312,3,-51.42304101039932
6374,67,12,-158.37537046268577,12,-158.37537046268577
6375,32,12,-99.88838970893231,6,-73.08599843278336
6376,73,12,-172.54538426876832,12,-172.54538426876832
6377,70,12,-165.30890638391594,12,-165.30890638391594
6378,67,12,-158.37537046268577,12,-158.37537046268577
6379,58,12,-139.39301515084207,12,-139.39301515084207
6380,28,12,-95.83446470521845,3,-62.525063432602536
6381,3,12,-82.73882969802135,1,-7.808756080935194
6382,79,12,-187.92692573545764,12,-187.92692573545764
6383,96,12,-238.08302673965238,20,-234.40975389635224
6384,38,12,-106.98157772725399,6,-86.11507655130762
6385,92,12,-225.4075237139973,12,-225.4075237139973
6386,69,12,-162.96406455953235,12,-162.96406455953235
6387,1,12,-82.6035744145978,1,-6.9851980409108565
6388,17,12,-87.4712850103148,3,-36.095815994462484
6389,62,12,-147.492844759646,12,-147.492844759646
6390,47,12,-119.89808312874094,6,-109.83570678670114
6391,8,12,-83.66859579030925,1,-13.466492256876304
6392,73,12,-172.54538426876832,12,-172.54538426876832
6393,52,12,-128.2539228413562,6,-125.177939579655
6394,13,12,-85.44332130828904,1,-24.257161856809045
6395,41,12,-110.98357657528959,6,-93.46522121489485
6396,24,12,-92.32059977591312,3,-51.42304101039932
6397,63,12,-149.60200276748782,12,-149.60200276748782
6398,68,12,-160.6528851776278,12,-160.6528851776278
6399,71,12,-167.68740842638795,12,-167.68740842638795
6400,69,12,-162.96406455953235,12,-162.96406455953235
6401,20,12,-89.34693764525149,3,-42.025104283182344
6402,67,12,-158.37537046268577,12,-158.37537046268577
6403,65,12,-153.92134393244743,12,-153.92134393244743
6404,73,12,-172.54538426876832,12,-172.54538426876832
6405,90,12,-219.27143120512085,12,-219.27143120512085
6406,65,12,-153.92134393244743,12,-153.92134393244743
6407,40,12,-109.61584921025063,6,-90.95329633472858
6408,46,12,-118.32804051309115,6,-106.95269482704867
6409,21,12,-90.03970135905276,3,-44.21475244382181
6410,76,12,-180.08474406613544,12,-180.08474406613544
6411,70,12,-165.30890638391594,12,-165.30890638391594
6412,32,12,-99.88838970893231,6,-73.08599843278336
6413,42,12,-112.38502871842148,6,-96.03901273050752
6414,84,12,-201.67000297128635,12,-201.67000297128635
6415,76,12,-180.08474406613544,12,-180.08474406613544
6416,86,12,-207.4026530580665,12,-207.4026530580665
6417,20,12,-89.34693764525149,3,-42.025104283182344
6418,33,12,-100.9862386241835,6,-75.10271953333199
6419,32,12,-99.88838970893231,6,-73.08599843278336
6420,9,12,-83.95595306941537,1,-15.214321990937147
6421,59,12,-141.367447738551,12,-141.367447738551
6422,3,12,-82.73882969802135,1,-7.808756080935194
6423,63,12,-149.60200276748782,12,-149.60200276748782
6424,62,12,-147.492844759646,12,-147.492844759646
6425,8,12,-83.66859579030925,1,-13.466492256876304
6426,28,12,-95.83446470521845,3,-62.525063432602536
6427,13,12,-85.44332130828904,1,-24.257161856809045
6428,87,12,-210.3194161813455,12,-210.3194161813455
6429,71,12,-167.68740842638795,12,-167.68740842638795
6430,12,12,-85.02079284439587,1,-21.68888886194659
6431,2,12,-82.65429616947476,1,-7.294070267709967
6432,77,12,-182.66516071256729,12,-182.66516071256729
6433,23,12,-91.52653465497364,3,-48.91374309468091
6434,59,12,-141.367447738551,12,-141.367447738551
6435,73,12,-172.54538426876832,12,-172.54538426876832
6436,79,12,-187.92692573545764,12,-187.92692573545764
6437,11,12,-84.63205382862074,1,-19.32560286376086
6438,9,12,-83.95595306941537,1,-15.214321990937147
6439,62,12,-147.492844759646,12,-147.492844759646
6440,65,12,-153.92134393244743,12,-153.92134393244743
6441,90,12,-219.27143120512085,12,-219.27143120512085
6442,11,12,-84.63205382862074,1,-19.32560286376086
6443,95,12,-234.86374178545628,20,-232.40560631336535
6444,48,12,-121.50183715622016,6,-112.7805402942011
6445,58,12,-139.39301515084207,12,-139.39301515084207
6446,75,12,-177.53797429426584,12,-177.53797429426584
6447,1,12,-82.6035744145978,1,-6.9851980409108565
6448,72,12,-170.09956846271837,12,-170.09956846271837
6449,25,12,-93.14842757160632,3,-54.03884427687615
6450,30,12,-97.79392861672859,3,-68.71466132418306
6451,33,12,-100.9862386241835,6,-75.10271953333199
6452,87,12,-210.3194161813455,12,-210.3194161813455
6453,20,12,-89.34693764525149,3,-42.025104283182344
6454,49,12,-123.13930036828388,6,-115.78718783779036
6455,8,12,-83.66859579030925,1,-13.466492256876304
6456,64,12,-151.74483656681207,12,-151.74483656681207
6457,34,12,-102.11783014653936,6,-77.18136743158533
6458,30,12,-97.79392861672859,3,-68.71466132418306
6459,84,12,-201.67000297128635,12,-201.67000297128635
6460,37,12,-105.71503806602566,6,-83.78879668536612
6461,22,12,-90.76623443917929,3,-46.51097281076241
6462,61,12,-145.41736476856974,12,-145.41736476856974
6463,42,12,-112.38502871842148,6,-96.03901273050752
6464,48,12,-121.50183715622016,6,-112.7805402942011
6465,86,12,-207.4026530580665,12,-207.4026530580665
6466,20,12,-89.34693764525149,3,-42.025104283182344
6467,43,12,-113.8202034116098,6,-98.67466336494121
6468,7,12,-83.41503688796908,1,-11.923979800667436
6469,65,12,-153.92134393244743,12,-153.92134393244743
6470,45,12,-116.79171153665492,6,-104.13151192781399
6471,30,12,-97.79392861672859,3,-68.71466132418306
6472,12,12,-85.02079284439587,1,-21.68888886194659
6473,69,12,-162.96406455953235,12,-162.96406455953235
6474,56,12,-135.54521295910172,12,-135.54521295910172
6475,21,12,-90.03970135905276,3,-44.21475244382181
6476,69,12,-162.96406455953235,12,-162.96406455953235
6477,16,12,-86.91362107098472,1,-33.19107800413937
6478,43,12,-113.8202034116098,6,-98.67466336494121
6479,23,12,-91.52653465497364,3,-48.91374309468091
6480,40,12,-109.61584921025063,6,-90.95329633472858
6481,37,12,-105.71503806602566,6,-83.78879668536612
6482,48,12,-121.50183715622016,6,-112.7805402942011
6483,39,12,-108.28184885147208,6,-88.50324560744662
6484,38,12,-106.98157772725399,6,-86.11507655130762
6485,43,12,-113.8202034116098,6,-98.67466336494121
6486,48,12,-121.50183715622016,6,-112.7805402942011
6487,0,12,-82.58666666666669,1,-6.8822222222222225
6488,9,12,-83.95595306941537,1,-15.214321990937147
6489,15,12,-86.38973765322098,1,-30.008338880137654
6490,52,12,-128.2539228413562,6,-125.177939579655
6491,53,12,-130.0262005218131,6,-128.43176816621013
6492,4,12,-82.85717276709248,1,-8.529172688515441
6493,28,12,-95.83446470521845,3,-62.525063432602536
6494,35,12,-103.28316204691019,6,-79.32193460441326
6495,20,12,-89.34693764525149,3,-42.025104283182344
6496,6,12,-83.19527859488348,1,-10.586867266464079
6497,41,12,-110.98357657528959,6,-93.46522121489485
6498,31,12,-98.82428562999917,6,-71.1312116538696
6499,89,12,-216.25380747683084,12,-216.25380747683084
6500,80,12,-190.60826966535672,12,-190.60826966535672
6501,68,12,-160.6528851776278,12,-160.6528851776278
6502,13,12,-85.44332130828904,1,-24.257161856809045
6503,33,12,-100.9862386241835,6,-75.10271953333199
6504,17,12,-87.4712850103148,3,-36.095815994462484
6505,65,12,-153.92134393244743,12,-153.92134393244743
6506,89,12,-216.25380747683084,12,-216.25380747683084
6507,47,12,-119.89808312874094,6,-109.83570678670114
6508,86,12,-207.4026530580665,12,-207.4026530580665
6509,42,12,-112.38502871842148,6,-96.03901273050752
6510,22,12,-90.76623443917929,3,-46.51097281076241
6511,81,12,-193.3232515767758,12,-193.3232515767758
6512,67,12,-158.37537046268577,12,-158.37537046268577
6513,19,12,-88.68794552856191,3,-39.9420506223111
6514,46,12,-118.32804051309115,6,-106.95269482704867
6515,29,12,-96.79732089859871,3,-65.56666537455592
6516,68,12,-160.6528851776278,12,-160.6528851776278
6517,84,12,-201.67000297128635,12,-201.67000297128635
6518,30,12,-97.79392861672859,3,-68.71466132418306
6519,44,12,-115.28909842694712,6,-101.37216560238318
6520,79,12,-187.92692573545764,12,-187.92692573545764
6521,33,12,-100.9862386241835,6,-75.10271953333199
6522,4,12,-82.85717276709248,1,-8.529172688515441
6523,83,12,-198.854120452488,12,-198.854120452488
6524,37,12,-105.71503806602566,6,-83.78879668536612
6525,52,12,-128.2539228413562,6,-125.177939579655
6526,64,12,-151.74483656681207,12,-151.74483656681207
6527,17,12,-87.4712850103148,3,-36.095815994462484
6528,17,12,-87.4712850103148,3,-36.095815994462484
6529,39,12,-108.28184885147208,6,-88.50324560744662
6530,18,12,-88.0627272398999,3,-37.96561375881964
6531,5,12,-83.00932314367421,1,-9.455237327983067
6532,98,12,-244.6224017175923,20,-238.4808810119756
6533,3,12,-82.73882969802135,1,-7.808756080935194
6534,58,12,-139.39301515084207,12,-139.39301515084207
6535,0,12,-82.58666666666669,1,-6.8822222222222225
6536,35,12,-103.28316204691019,6,-79.32193460441326
6537,25,12,-93.14842757160632,3,-54.03884427687615
6538,84,12,-201.67000297128635,12,-201.67000297128635
6539,93,12,-228.5259880514485,20,-228.46014739973276
6540,65,12,-153.92134393244743,12,-153.92134393244743
6541,14,12,-85.8996369884651,1,-27.0303393518663
6542,44,12,-115.28909842694712,6,-101.37216560238318
6543,4,12,-82.85717276709248,1,-8.529172688515441
6544,70,12,-165.30890638391594,12,-165.30890638391594
6545,17,12,-87.4712850103148,3,-36.095815994462484
6546,93,12,-228.5259880514485,20,-228.46014739973276
6547,61,12,-145.41736476856974,12,-145.41736476856974
6548,56,12,-135.54521295910172,12,-135.54521295910172
6549,1,12,-82.6035744145978,1,-6.9851980409108565
6550,16,12,-86.91362107098472,1,-33.19107800413937
6551,66,12,-156.13152263937536,12,-156.13152263937536
6552,78,12,-185.27922201012348,12,-185.27922201012348
6553,49,12,-123.13930036828388,6,-115.78718783779036
6554,24,12,-92.32059977591312,3,-51.42304101039932
6555,69,12,-162.96406455953235,12,-162.96406455953235
6556,21,12,-90.03970135905276,3,-44.21475244382181
6557,8,12,-83.66859579030925,1,-13.466492256876304
6558,72,12,-170.09956846271837,12,-170.09956846271837
6559,33,12,-100.9862386241835,6,-75.10271953333199
6560,69,12,-162.96406455953235,12,-162.96406455953235
6561,96,12,-238.08302673965238,20,-234.40975389635224
6562,0,12,-82.58666666666669,1,-6.8822222222222225
6563,43,12,-113.8202034116098,6,-98.67466336494121
6564,6,12,-83.19527859488348,1,-10.586867266464079
6565,14,12,-85.8996369884651,1,-27.0303393518663
6566,37,12,-105.71503806602566,6,-83.78879668536612
6567,92,12,-225.4075237139973,12,-225.4075237139973
6568,80,12,-190.60826966535672,12,-190.60826966535672
6569,53,12,-130.0262005218131,6,-128.43176816621013
6570,29,12,-96.79732089859871,3,-65.56666537455592
6571,82,12,-196.07186924674602,12,-196.07186924674602
6572,93,12,-228.5259880514485,20,-228.46014739973276
6573,3,12,-82.73882969802135,1,-7.808756080935194
6574,74,12,-175.02485362057575,12,-175.02485362057575
6575,41,12,-110.98357657528959,6,-93.46522121489485
6576,39,12,-108.28184885147208,6,-88.50324560744662
6577,96,12,-238.08302673965238,20,-234.40975389635224
6578,32,12,-99.88838970893231,6,-73.08599843278336
6579,28,12,-95.83446470521845,3,-62.525063432602536
6580,14,12,-85.8996369884651,1,-27.0303393518663
6581,95,12,-234.86374178545628,20,-232.40560631336535
6582,98,12,-244.6224017175923,20,-238.4808810119756
6583,62,12,-147.492844759646,12,-147.492844759646
6584,61,12,-145.41736476856974,12,-145.41736476856974
6585,99,12,-247.94248729970576,20,-240.54785882360903
6586,67,12,-158.37537046268577,12,-158.37537046268577
6587,13,12,-85.44332130828904,1,-24.257161856809045
6588,18,12,-88.0627272398999,3,-37.96561375881964
6589,81,12,-193.3232515767758,12,-193.3232515767758
6590,61,12,-145.41736476856974,12,-145.41736476856974
6591,34,12,-102.11783014653936,6,-77.18136743158533
6592,98,12,-244.6224017175923,20,-238.4808810119756
6593,83,12,-198.854120452488,12,-198.854120452488
6594,68,12,-160.6528851776278,12,-160.6528851776278
6595,75,12,-177.53797429426584,12,-177.53797429426584
6596,21,12,-90.03970135905276,3,-44.21475244382181
6597,3,12,-82.73882969802135,1,-7.808756080935194
6598,34,12,-102.11783014653936,6,-77.18136743158533
6599,83,12,-198.854120452488,12,-198.854120452488
6600,90,12,-219.27143120512085,12,-219.27143120512085
6601,72,12,-170.09956846271837,12,-170.09956846271837
6602,78,12,-185.27922201012348,12,-185.27922201012348
6603,35,12,-103.28316204691019,6,-79.32193460441326
6604,76,12,-180.08474406613544,12,-180.08474406613544
6605,81,12,-193.3232515767758,12,-193.3232515767758
6606,87,12,-210.3194161813455,12,-210.3194161813455
6607,81,12,-193.3232515767758,12,-193.3232515767758
6608,96,12,-238.08302673965238,20,-234.40975389635224
6609,49,12,-123.13930036828388,6,-115.78718783779036
6610,11,12,-84.63205382862074,1,-19.32560286376086
6611,66,12,-156.13152263937536,12,-156.13152263937536
6612,22,12,-90.76623443917929,3,-46.51097281076241
6613,68,12,-160.6528851776278,12,-160.6528851776278
6614,41,12,-110.98357657528959,6,-93.46522121489485
6615,42,12,-112.38502871842148,6,-96.03901273050752
6616,15,12,-86.38973765322098,1,-30.008338880137654
6617,59,12,-141.367447738551,12,-141.367447738551
6618,60,12,-143.3755650196889,12,-143.3755650196889
6619,81,12,-193.3232515767758,12,-193.3232515767758
6620,77,12,-182.66516071256729,12,-182.66516071256729
6621,95,12,-234.86374178545628,20,-232.40560631336535
6622,99,12,-247.94248729970576,20,-240.54785882360903
6623,3,12,-82.73882969802135,1,-7.808756080935194
6624,45,12,-116.79171153665492,6,-104.13151192781399
6625,25,12,-93.14842757160632,3,-54.03884427687615
6626,51,12,-126.51534543777501,6,-121.9858949902555
6627,28,12,-95.83446470521845,3,-62.525063432602536
6628,82,12,-196.07186924674602,12,-196.07186924674602
6629,95,12,-234.86374178545628,20,-232.40560631336535
6630,23,12,-91.52653465497364,3,-48.91374309468091
6631,10,12,-84.27710649292833,1,-17.167386388250772
6632,13,12,-85.44332130828904,1,-24.257161856809045
6633,77,12,-182.66516071256729,12,-182.66516071256729
6634,13,12,-85.44332130828904,1,-24.257161856809045
6635,83,12,-198.854120452488,12,-198.854120452488
6636,65,12,-153.92134393244743,12,-153.92134393244743
6637,3,12,-82.73882969802135,1,-7.808756080935194
6638,12,12,-85.02079284439587,1,-21.68888886194659
6639,8,12,-83.66859579030925,1,-13.466492256876304
6640,10,12,-84.27710649292833,1,-17.167386388250772
6641,6,12,-83.19527859488348,1,-10.586867266464079
6642,52,12,-128.2539228413562,6,-125.177939579655
6643,31,12,-98.82428562999917,6,-71.1312116538696
6644,43,12,-113.8202034116098,6,-98.67466336494121
6645,95,12,-234.86374178545628,20,-232.40560631336535
6646,21,12,-90.03970135905276,3,-44.21475244382181
6647,13,12,-85.44332130828904,1,-24.257161856809045
6648,71,12,-167.68740842638795,12,-167.68740842638795
6649,45,12,-116.79171153665492,6,-104.13151192781399
6650,28,12,-95.83446470521845,3,-62.525063432602536
6651,82,12,-196.07186924674602,12,-196.07186924674602
6652,29,12,-96.79732089859871,3,-65.56666537455592
6653,61,12,-145.41736476856974,12,-145.41736476856974
6654,26,12,-94.01001581178649,3,-56.76113061721671
6655,50,12,-124.81047053779731,6,-118.85564190652914
6656,15,12,-86.38973765322098,1,-30.008338880137654
6657,46,12,-118.32804051309115,6,-106.95269482704867
6658,65,12,-153.92134393244743,12,-153.92134393244743
6659,51,12,-126.51534543777501,6,-121.9858949902555
6660,25,12,-93.14842757160632,3,-54.03884427687615
6661,18,12,-88.0627272398999,3,-37.96561375881964
6662,39,12,-108.28184885147208,6,-88.50324560744662
6663,48,12,-121.50183715622016,6,-112.7805402942011
6664,45,12,-116.79171153665492,6,-104.13151192781399
6665,22,12,-90.76623443917929,3,-46.51097281076241
6666,27,12,-94.90536226632408,3,-59.5898777586643
6667,75,12,-177.53797429426584,12,-177.53797429426584
6668,44,12,-115.28909842694712,6,-101.37216560238318
6669,38,12,-106.98157772725399,6,-86.11507655130762
6670,0,12,-82.58666666666669,1,-6.8822222222222225
6671,9,12,-83.95595306941537,1,-15.214321990937147
6672,22,12,-90.76623443917929,3,-46.51097281076241
6673,69,12,-162.96406455953235,12,-162.96406455953235
6674,23,12,-91.52653465497364,3,-48.91374309468091
6675,70,12,-165.30890638391594,12,-165.30890638391594
6676,86,12,-207.4026530580665,12,-207.4026530580665
6677,87,12,-210.3194161813455,12,-210.3194161813455
6678,65,12,-153.92134393244743,12,-153.92134393244743
6679,55,12,-133.67184780709107,12,-133.67184780709107
6680,55,12,-133.67184780709107,12,-133.67184780709107
6681,26,12,-94.01001581178649,3,-56.76113061721671
6682,31,12,-98.82428562999917,6,-71.1312116538696
6683,19,12,-88.68794552856191,3,-39.9420506223111
6684,61,12,-145.41736476856974,12,-145.41736476856974
6685,25,12,-93.14842757160632,3,-54.03884427687615
6686,71,12,-167.68740842638795,12,-167.68740842638795
6687,11,12,-84.63205382862074,1,-19.32560286376086
6688,57,12,-137.45226948237894,12,-137.45226948237894
6689,55,12,-133.67184780709107,12,-133.67184780709107
6690,17,12,-87.4712850103148,3,-36.095815994462484
6691,54,12,-131.832176252549,6,-131.7473732422173
6692,0,12,-82.58666666666669,1,-6.8822222222222225
6693,11,12,-84.63205382862074,1,-19.32560286376086
6694,36,12,-104.48223209634578,6,-81.52441352950547
6695,99,12,-247.94248729970576,20,-240.54785882360903
6696,77,12,-182.66516071256729,12,-182.66516071256729
6697,8,12,-83.66859579030925,1,-13.466492256876304
6698,63,12,-149.60200276748782,12,-149.60200276748782
6699,10,12,-84.27710649292833,1,-17.167386388250772
6700,89,12,-216.25380747683084,12,-216.25380747683084
6701,9,12,-83.95595306941537,1,-15.214321990937147
6702,84,12,-201.67000297128635,12,-201.67000297128635
6703,4,12,-82.85717276709248,1,-8.529172688515441
6704,59,12,-141.367447738551,12,-141.367447738551
6705,39,12,-108.28184885147208,6,-88.50324560744662
6706,80,12,-190.60826966535672,12,-190.60826966535672
6707,82,12,-196.07186924674602,12,-196.07186924674602
6708,78,12,-185.27922201012348,12,-185.27922201012348
6709,87,12,-210.3194161813455,12,-210.3194161813455
6710,52,12,-128.2539228413562,6,-125.177939579655
6711,99,12,-247.94248729970576,20,-240.54785882360903
6712,48,12,-121.50183715622016,6,-112.7805402942011
6713,30,12,-97.79392861672859,3,-68.71466132418306
6714,3,12,-82.73882969802135,1,-7.808756080935194
6715,10,12,-84.27710649292833,1,-17.167386388250772
6716,32,12,-99.88838970893231,6,-73.08599843278336
6717,21,12,-90.03970135905276,3,-44.21475244382181
6718,41,12,-110.98357657528959,6,-93.46522121489485
6719,97,12,-241.33591412399238,20,-236.43484574939123
6720,18,12,-88.0627272398999,3,-37.96561375881964
6721,97,12,-241.33591412399238,20,-236.43484574939123
6722,51,12,-126.51534543777501,6,-121.9858949902555
6723,76,12,-180.08474406613544,12,-180.08474406613544
6724,63,12,-149.60200276748782,12,-149.60200276748782
6725,52,12,-128.2539228413562,6,-125.177939579655
6726,66,12,-156.13152263937536,12,-156.13152263937536
6727,89,12,-216.25380747683084,12,-216.25380747683084
6728,94,12,-231.6780614823333,20,-230.42240386096492
6729,51,12,-126.51534543777501,6,-121.9858949902555
6730,92,12,-225.4075237139973,12,-225.4075237139973
6731,41,12,-110.98357657528959,6,-93.46522121489485
6732,17,12,-87.4712850103148,3,-36.095815994462484
6733,14,12,-85.8996369884651,1,-27.0303393518663
6734,59,12,-141.367447738551,12,-141.367447738551
6735,60,12,-143.3755650196889,12,-143.3755650196889
6736,13,12,-85.44332130828904,1,-24.257161856809045
6737,97,12,-241.33591412399238,20,-236.43484574939123
6738,22,12,-90.76623443917929,3,-46.51097281076241
6739,61,12,-145.41736476856974,12,-145.41736476856974
6740,88,12,-213.26980172825859,12,-213.26980172825859
6741,30,12,-97.79392861672859,3,-68.71466132418306
6742,10,12,-84.27710649292833,1,-17.167386388250772
6743,3,12,-82.73882969802135,1,-7.808756080935194
6744,31,12,-98.82428562999917,6,-71.1312116538696
6745,32,12,-99.88838970893231,6,-73.08599843278336
6746,13,12,-85.44332130828904,1,-24.257161856809045
6747,49,12,-123.13930036828388,6,-115.78718783779036
6748,39,12,-108.28184885147208,6,-88.50324560744662
6749,0,12,-82.58666666666669,1,-6.8822222222222225
6750,24,12,-92.32059977591312,3,-51.42304101039932
6751,84,12,-201.67000297128635,12,-201.67000297128635
6752,43,12,-113.8202034116098,6,-98.67466336494121
6753,90,12,-219.27143120512085,12,-219.27143120512085
6754,91,12,-222.3226706914009,12,-222.3226706914009
6755,87,12,-210.3194161813455,12,-210.3194161813455
6756,90,12,-219.27143120512085,12,-219.27143120512085
6757,73,12,-172.54538426876832,12,-172.54538426876832
6758,97,12,-241.33591412399238,20,-236.43484574939123
6759,90,12,-219.27143120512085,12,-219.27143120512085
6760,41,12,-110.98357657528959,6,-93.46522121489485
6761,31,12,-98.82428562999917,6,-71.1312116538696
6762,40,12,-109.61584921025063,6,-90.95329633472858
6763,95,12,-234.86374178545628,20,-232.40560631336535
6764,8,12,-83.66859579030925,1,-13.466492256876304
6765,49,12,-123.13930036828388,6,-115.78718783779036
6766,36,12,-104.48223209634578,6,-81.52441352950547
6767,81,12,-193.3232515767758,12,-193.3232515767758
6768,94,12,-231.6780614823333,20,-230.42240386096492
6769,1,12,-82.6035744145978,1,-6.9851980409108565
6770,58,12,-139.39301515084207,12,-139.39301515084207
6771,29,12,-96.79732089859871,3,-65.56666537455592
6772,80,12,-190.60826966535672,12,-190.60826966535672
6773,84,12,-201.67000297128635,12,-201.67000297128635
6774,8,12,-83.66859579030925,1,-13.466492256876304
6775,36,12,-104.48223209634578,6,-81.52441352950547
6776,93,12,-228.5259880514485,20,-228.46014739973276
6777,59,12,-141.367447738551,12,-141.367447738551
6778,15,12,-86.38973765322098,1,-30.008338880137654
6779,13,12,-85.44332130828904,1,-24.257161856809045
6780,25,12,-93.14842757160632,3,-54.03884427687615
6781,80,12,-190.60826966535672,12,-190.60826966535672
6782,50,12,-124.81047053779731,6,-118.85564190652914
6783,11,12,-84.63205382862074,1,-19.32560286376086
6784,46,12,-118.32804051309115,6,-106.95269482704867
6785,2,12,-82.65429616947476,1,-7.294070267709967
6786,33,12,-100.9862386241835,6,-75.10271953333199
6787,92,12,-225.4075237139973,12,-225.4075237139973
6788,90,12,-219.27143120512085,12,-219.27143120512085
6789,41,12,-110.98357657528959,6,-93.46522121489485
6790,1,12,-82.6035744145978,1,-6.9851980409108565
6791,26,12,-94.01001581178649,3,-56.76113061721671
6792,72,12,-170.09956846271837,12,-170.09956846271837
6793,83,12,-198.854120452488,12,-198.854120452488
6794,27,12,-94.90536226632408,3,-59.5898777586643
6795,99,12,-247.94248729970576,20,-240.54785882360903
6796,22,12,-90.76623443917929,3,-46.51097281076241
6797,89,12,-216.25380747683084,12,-216.25380747683084
6798,88,12,-213.26980172825859,12,-213.26980172825859
6799,84,12,-201.67000297128635,12,-201.67000297128635
6800,36,12,-104.48223209634578,6,-81.52441352950547
6801,24,12,-92.32059977591312,3,-51.42304101039932
6802,30,12,-97.79392861672859,3,-68.71466132418306
6803,12,12,-85.02079284439587,1,-21.68888886194659
6804,52,12,-128.2539228413562,6,-125.177939579655
6805,56,12,-135.54521295910172,12,-135.54521295910172
6806,92,12,-225.4075237139973,12,-225.4075237139973
6807,68,12,-160.6528851776278,12,-160.6528851776278
6808,65,12,-153.92134393244743,12,-153.92134393244743
6809,69,12,-162.96406455953235,12,-162.96406455953235
6810,44,12,-115.28909842694712,6,-101.37216560238318
6811,85,12,-204.51951458063076,12,-204.51951458063076
6812,24,12,-92.32059977591312,3,-51.42304101039932
6813,8,12,-83.66859579030925,1,-13.466492256876304
6814,30,12,-97.79392861672859,3,-68.71466132418306
6815,32,12,-99.88838970893231,6,-73.08599843278336
6816,85,12,-204.51951458063076,12,-204.51951458063076
6817,67,12,-158.37537046268577,12,-158.37537046268577
6818,57,12,-137.45226948237894,12,-137.45226948237894
6819,84,12,-201.67000297128635,12,-201.67000297128635
6820,81,12,-193.3232515767758,12,-193.3232515767758
6821,17,12,-87.4712850103148,3,-36.095815994462484
6822,75,12,-177.53797429426584,12,-177.53797429426584
6823,18,12,-88.0627272398999,3,-37.96561375881964
6824,35,12,-103.28316204691019,6,-79.32193460441326
6825,58,12,-139.39301515084207,12,-139.39301515084207
6826,85,12,-204.51951458063076,12,-204.51951458063076
6827,43,12,-113.8202034116098,6,-98.67466336494121
6828,63,12,-149.60200276748782,12,-149.60200276748782
6829,98,12,-244.6224017175923,20,-238.4808810119756
6830,97,12,-241.33591412399238,20,-236.43484574939123
6831,73,12,-172.54538426876832,12,-172.54538426876832
6832,27,12,-94.90536226632408,3,-59.5898777586643
6833,87,12,-210.3194161813455,12,-210.3194161813455
6834,63,12,-149.60200276748782,12,-149.60200276748782
6835,51,12,-126.51534543777501,6,-121.9858949902555
6836,59,12,-141.367447738551,12,-141.367447738551
6837,36,12,-104.48223209634578,6,-81.52441352950547
6838,48,12,-121.50183715622016,6,-112.7805402942011
6839,97,12,-241.33591412399238,20,-236.43484574939123
6840,11,12,-84.63205382862074,1,-19.32560286376086
6841,72,12,-170.09956846271837,12,-170.09956846271837
6842,93,12,-228.5259880514485,20,-228.46014739973276
6843,33,12,-100.9862386241835,6,-75.10271953333199
6844,47,12,-119.89808312874094,6,-109.83570678670114
6845,14,12,-85.8996369884651,1,-27.0303393518663
6846,94,12,-231.6780614823333,20,-230.42240386096492
6847,31,12,-98.82428562999917,6,-71.1312116538696
6848,87,12,-210.3194161813455,12,-210.3194161813455
6849,63,12,-149.60200276748782,12,-149.60200276748782
6850,43,12,-113.8202034116098,6,-98.67466336494121
6851,21,12,-90.03970135905276,3,-44.21475244382181
6852,2,12,-82.65429616947476,1,-7.294070267709967
6853,26,12,-94.01001581178649,3,-56.76113061721671
6854,9,12,-83.95595306941537,1,-15.214321990937147
6855,1,12,-82.6035744145978,1,-6.9851980409108565
6856,56,12,-135.54521295910172,12,-135.54521295910172
6857,67,12,-158.37537046268577,12,-158.37537046268577
6858,81,12,-193.3232515767758,12,-193.3232515767758
6859,1,12,-82.6035744145978,1,-6.9851980409108565
6860,30,12,-97.79392861672859,3,-68.71466132418306
6861,34,12,-102.11783014653936,6,-77.18136743158533
6862,97,12,-241.33591412399238,20,-236.43484574939123
6863,47,12,-119.89808312874094,6,-109.83570678670114
6864,48,12,-121.50183715622016,6,-112.7805402942011
6865,10,12,-84.27710649292833,1,-17.167386388250772
6866,6,12,-83.19527859488348,1,-10.586867266464079
6867,5,12,-83.00932314367421,1,-9.455237327983067
6868,42,12,-112.38502871842148,6,-96.03901273050752
6869,70,12,-165.30890638391594,12,-165.30890638391594
6870,38,12,-106.98157772725399,6,-86.11507655130762
6871,5,12,-83.00932314367421,1,-9.455237327983067
6872,60,12,-143.3755650196889,12,-143.3755650196889
6873,30,12,-97.79392861672859,3,-68.71466132418306
6874,59,12,-141.367447738551,12,-141.367447738551
6875,8,12,-83.66859579030925,1,-13.466492256876304
6876,63,12,-149.60200276748782,12,-149.60200276748782
6877,81,12,-193.3232515767758,12,-193.3232515767758
6878,86,12,-207.4026530580665,12,-207.4026530580665
6879,3,12,-82.73882969802135,1,-7.808756080935194
6880,15,12,-86.38973765322098,1,-30.008338880137654
6881,94,12,-231.6780614823333,20,-230.42240386096492
6882,6,12,-83.19527859488348,1,-10.586867266464079
6883,93,12,-228.5259880514485,20,-228.46014739973276
6884,22,12,-90.76623443917929,3,-46.51097281076241
6885,10,12,-84.27710649292833,1,-17.167386388250772
6886,28,12,-95.83446470521845,3,-62.525063432602536
6887,7,12,-83.41503688796908,1,-11.923979800667436
6888,91,12,-222.3226706914009,12,-222.3226706914009
6889,83,12,-198.854120452488,12,-198.854120452488
6890,2,12,-82.65429616947476,1,-7.294070267709967
6891,71,12,-167.68740842638795,12,-167.68740842638795
6892,76,12,-180.08474406613544,12,-180.08474406613544
6893,51,12,-126.51534543777501,6,-121.9858949902555
6894,19,12,-88.68794552856191,3,-39.9420506223111
6895,94,12,-231.6780614823333,20,-230.42240386096492
6896,30,12,-97.79392861672859,3,-68.71466132418306
6897,27,12,-94.90536226632408,3,-59.5898777586643
6898,15,12,-86.38973765322098,1,-30.008338880137654
6899,47,12,-119.89808312874094,6,-109.83570678670114
6900,23,12,-91.52653465497364,3,-48.91374309468091
6901,58,12,-139.39301515084207,12,-139.39301515084207
6902,94,12,-231.6780614823333,20,-230.42240386096492
6903,83,12,-198.854120452488,12,-198.854120452488
6904,8,12,-83.66859579030925,1,-13.466492256876304
6905,13,12,-85.44332130828904,1,-24.257161856809045
6906,38,12,-106.98157772725399,6,-86.11507655130762
6907,38,12,-106.98157772725399,6,-86.11507655130762
6908,2,12,-82.65429616947476,1,-7.294070267709967
6909,42,12,-112.38502871842148,6,-96.03901273050752
6910,51,12,-126.51534543777501,6,-121.9858949902555
6911,68,12,-160.6528851776278,12,-160.6528851776278
6912,38,12,-106.98157772725399,6,-86.11507655130762
6913,69,12,-162.96406455953235,12,-162.96406455953235
6914,59,12,-141.367447738551,12,-141.367447738551
6915,63,12,-149.60200276748782,12,-149.60200276748782
6916,53,12,-130.0262005218131,6,-128.43176816621013
6917,62,12,-147.492844759646,12,-147.492844759646
6918,33,12,-100.9862386241835,6,-75.10271953333199
6919,88,12,-213.26980172825859,12,-213.26980172825859
6920,92,12,-225.4075237139973,12,-225.4075237139973
6921,85,12,-204.51951458063076,12,-204.51951458063076
6922,44,12,-115.28909842694712,6,-101.37216560238318
6923,14,12,-85.8996369884651,1,-27.0303393518663
6924,68,12,-160.6528851776278,12,-160.6528851776278
6925,81,12,-193.3232515767758,12,-193.3232515767758
6926,79,12,-187.92692573545764,12,-187.92692573545764
6927,25,12,-93.14842757160632,3,-54.03884427687615
6928,63,12,-149.60200276748782,12,-149.60200276748782
6929,36,12,-104.48223209634578,6,-81.52441352950547
6930,12,12,-85.02079284439587,1,-21.68888886194659
6931,38,12,-106.98157772725399,6,-86.11507655130762
6932,59,12,-141.367447738551,12,-141.367447738551
6933,93,12,-228.5259880514485,20,-228.46014739973276
6934,30,12,-97.79392861672859,3,-68.71466132418306
6935,98,12,-244.6224017175923,20,-238.4808810119756
6936,83,12,-198.854120452488,12,-198.854120452488
6937,83,12,-198.854120452488,12,-198.854120452488
6938,31,12,-98.82428562999917,6,-71.1312116538696
6939,75,12,-177.53797429426584,12,-177.53797429426584
6940,7,12,-83.41503688796908,1,-11.923979800667436
6941,69,12,-162.96406455953235,12,-162.96406455953235
6942,77,12,-182.66516071256729,12,-182.66516071256729
6943,62,12,-147.492844759646,12,-147.492844759646
6944,98,12,-244.6224017175923,20,-238.4808810119756
6945,46,12,-118.32804051309115,6,-106.95269482704867
6946,32,12,-99.88838970893231,6,-73.08599843278336
6947,32,12,-99.88838970893231,6,-73.08599843278336
6948,28,12,-95.83446470521845,3,-62.525063432602536
6949,12,12,-85.02079284439587,1,-21.68888886194659
6950,93,12,-228.5259880514485,20,-228.46014739973276
6951,74,12,-175.02485362057575,12,-175.02485362057575
6952,55,12,-133.67184780709107,12,-133.67184780709107
6953,73,12,-172.54538426876832,12,-172.54538426876832
6954,49,12,-123.13930036828388,6,-115.78718783779036
6955,19,12,-88.68794552856191,3,-39.9420506223111
6956,86,12,-207.4026530580665,12,-207.4026530580665
6957,23,12,-91.52653465497364,3,-48.91374309468091
6958,30,12,-97.79392861672859,3,-68.71466132418306
6959,60,12,-143.3755650196889,12,-143.3755650196889
6960,52,12,-128.2539228413562,6,-125.177939579655
6961,13,12,-85.44332130828904,1,-24.257161856809045
6962,31,12,-98.82428562999917,6,-71.1312116538696
6963,58,12,-139.39301515084207,12,-139.39301515084207
6964,16,12,-86.91362107098472,1,-33.19107800413937
6965,18,12,-88.0627272398999,3,-37.96561375881964
6966,1,12,-82.6035744145978,1,-6.9851980409108565
6967,15,12,-86.38973765322098,1,-30.008338880137654
6968,32,12,-99.88838970893231,6,-73.08599843278336
6969,78,12,-185.27922201012348,12,-185.27922201012348
6970,73,12,-172.54538426876832,12,-172.54538426876832
6971,6,12,-83.19527859488348,1,-10.586867266464079
6972,67,12,-158.37537046268577,12,-158.37537046268577
6973,70,12,-165.30890638391594,12,-165.30890638391594
6974,79,12,-187.92692573545764,12,-187.92692573545764
6975,93,12,-228.5259880514485,20,-228.46014739973276
6976,85,12,-204.51951458063076,12,-204.51951458063076
6977,51,12,-126.51534543777501,6,-121.9858949902555
6978,74,12,-175.02485362057575,12,-175.02485362057575
6979,58,12,-139.39301515084207,12,-139.39301515084207
6980,77,12,-182.66516071256729,12,-182.66516071256729
6981,91,12,-222.3226706914009,12,-222.3226706914009
6982,26,12,-94.01001581178649,3,-56.76113061721671
6983,26,12,-94.01001581178649,3,-56.76113061721671
6984,68,12,-160.6528851776278,12,-160.6528851776278
6985,59,12,-141.367447738551,12,-141.367447738551
6986,29,12,-96.79732089859871,3,-65.56666537455592
6987,48,12,-121.50183715622016,6,-112.7805402942011
6988,92,12,-225.4075237139973,12,-225.4075237139973
6989,61,12,-145.41736476856974,12,-145.41736476856974
6990,60,12,-143.3755650196889,12,-143.3755650196889
6991,15,12,-86.38973765322098,1,-30.008338880137654
6992,91,12,-222.3226706914009,12,-222.3226706914009
6993,40,12,-109.61584921025063,6,-90.95329633472858
6994,32,12,-99.88838970893231,6,-73.08599843278336
6995,45,12,-116.79171153665492,6,-104.13151192781399
6996,14,12,-85.8996369884651,1,-27.0303393518663
6997,68,12,-160.6528851776278,12,-160.6528851776278
6998,89,12,-216.25380747683084,12,-216.25380747683084
6999,96,12,-238.08302673965238,20,-234.40975389635224
7000,12,12,-85.02079284439587,1,-21.68888886194659
7001,44,12,-115.28909842694712,6,-101.37216560238318
7002,59,12,-141.367447738551,12,-141.367447738551
7003,42,12,-112.38502871842148,6,-96.03901273050752
7004,63,12,-149.60200276748782,12,-149.60200276748782
7005,52,12,-128.2539228413562,6,-125.177939579655
7006,13,12,-85.44332130828904,1,-24.257161856809045
7007,52,12,-128.2539228413562,6,-125.177939579655
7008,50,12,-124.81047053779731,6,-118.85564190652914
7009,50,12,-124.81047053779731,6,-118.85564190652914
7010,69,12,-162.96406455953235,12,-162.96406455953235
7011,87,12,-210.3194161813455,12,-210.3194161813455
7012,94,12,-231.6780614823333,20,-230.42240386096492
7013,92,12,-225.4075237139973,12,-225.4075237139973
7014,54,12,-131.832176252549,6,-131.7473732422173
7015,85,12,-204.51951458063076,12,-204.51951458063076
7016,83,12,-198.854120452488,12,-198.854120452488
7017,88,12,-213.26980172825859,12,-213.26980172825859
7018,47,12,-119.89808312874094,6,-109.83570678670114
7019,87,12,-210.3194161813455,12,-210.3194161813455
7020,45,12,-116.79171153665492,6,-104.13151192781399
7021,62,12,-147.492844759646,12,-147.492844759646
7022,10,12,-84.27710649292833,1,-17.167386388250772
7023,94,12,-231.6780614823333,20,-230.42240386096492
7024,96,12,-238.08302673965238,20,-234.40975389635224
7025,85,12,-204.51951458063076,12,-204.51951458063076
7026,54,12,-131.832176252549,6,-131.7473732422173
7027,94,12,-231.6780614823333,20,-230.42240386096492
7028,6,12,-83.19527859488348,1,-10.586867266464079
7029,25,12,-93.14842757160632,3,-54.03884427687615
7030,5,12,-83.00932314367421,1,-9.455237327983067
7031,55,12,-133.67184780709107,12,-133.67184780709107
7032,95,12,-234.86374178545628,20,-232.40560631336535
7033,47,12,-119.89808312874094,6,-109.83570678670114
7034,27,12,-94.90536226632408,3,-59.5898777586643
7035,89,12,-216.25380747683084,12,-216.25380747683084
7036,33,12,-100.9862386241835,6,-75.10271953333199
7037,91,12,-222.3226706914009,12,-222.3226706914009
7038,16,12,-86.91362107098472,1,-33.19107800413937
7039,16,12,-86.91362107098472,1,-33.19107800413937
7040,79,12,-187.92692573545764,12,-187.92692573545764
7041,94,12,-231.6780614823333,20,-230.42240386096492
7042,34,12,-102.11783014653936,6,-77.18136743158533
7043,59,12,-141.367447738551,12,-141.367447738551
7044,69,12,-162.96406455953235,12,-162.96406455953235
7045,72,12,-170.09956846271837,12,-170.09956846271837
7046,16,12,-86.91362107098472,1,-33.19107800413937
7047,51,12,-126.51534543777501,6,-121.9858949902555
7048,92,12,-225.4075237139973,12,-225.4075237139973
7049,5,12,-83.00932314367421,1,-9.455237327983067
7050,0,12,-82.58666666666669,1,-6.8822222222222225
7051,83,12,-198.854120452488,12,-198.854120452488
7052,23,12,-91.52653465497364,3,-48.91374309468091
7053,30,12,-97.79392861672859,3,-68.71466132418306
7054,38,12,-106.98157772725399,6,-86.11507655130762
7055,40,12,-109.61584921025063,6,-90.95329633472858
7056,98,12,-244.6224017175923,20,-238.4808810119756
7057,81,12,-193.3232515767758,12,-193.3232515767758
7058,15,12,-86.38973765322098,1,-30.008338880137654
7059,74,12,-175.02485362057575,12,-175.02485362057575
7060,18,12,-88.0627272398999,3,-37.96561375881964
7061,27,12,-94.90536226632408,3,-59.5898777586643
7062,51,12,-126.51534543777501,6,-121.9858949902555
7063,42,12,-112.38502871842148,6,-96.03901273050752
7064,78,12,-185.27922201012348,12,-185.27922201012348
7065,47,12,-119.89808312874094,6,-109.83570678670114
7066,81,12,-193.3232515767758,12,-193.3232515767758
7067,41,12,-110.98357657528959,6,-93.46522121489485
7068,3,12,-82.73882969802135,1,-7.808756080935194
7069,25,12,-93.14842757160632,3,-54.03884427687615
7070,88,12,-213.26980172825859,12,-213.26980172825859
7071,95,12,-234.86374178545628,20,-232.40560631336535
7072,87,12,-210.3194161813455,12,-210.3194161813455
7073,79,12,-187.92692573545764,12,-187.92692573545764
7074,21,12,-90.03970135905276,3,-44.21475244382181
7075,60,12,-143.3755650196889,12,-143.3755650196889
7076,29,12,-96.79732089859871,3,-65.56666537455592
7077,22,12,-90.76623443917929,3,-46.51097281076241
7078,24,12,-92.32059977591312,3,-51.42304101039932
7079,67,12,-158.37537046268577,12,-158.37537046268577
7080,9,12,-83.95595306941537,1,-15.214321990937147
7081,38,12,-106.98157772725399,6,-86.11507655130762
7082,64,12,-151.74483656681207,12,-151.74483656681207
7083,79,12,-187.92692573545764,12,-187.92692573545764
7084,14,12,-85.8996369884651,1,-27.0303393518663
7085,69,12,-162.96406455953235,12,-162.96406455953235
7086,81,12,-193.3232515767758,12,-193.3232515767758
7087,58,12,-139.39301515084207,12,-139.39301515084207
7088,67,12,-158.37537046268577,12,-158.37537046268577
7089,83,12,-198.854120452488,12,-198.854120452488
7090,82,12,-196.07186924674602,12,-196.07186924674602
7091,49,12,-123.13930036828388,6,-115.78718783779036
7092,1,12,-82.6035744145978,1,-6.9851980409108565
7093,7,12,-83.41503688796908,1,-11.923979800667436
7094,8,12,-83.66859579030925,1,-13.466492256876304
7095,31,12,-98.82428562999917,6,-71.1312116538696
7096,14,12,-85.8996369884651,1,-27.0303393518663
7097,78,12,-185.27922201012348,12,-185.27922201012348
7098,20,12,-89.34693764525149,3,-42.025104283182344
7099,18,12,-88.0627272398999,3,-37.96561375881964
7100,35,12,-103.28316204691019,6,-79.32193460441326
7101,44,12,-115.28909842694712,6,-101.37216560238318
7102,31,12,-98.82428562999917,6,-71.1312116538696
7103,65,12,-153.92134393244743,12,-153.92134393244743
7104,90,12,-219.27143120512085,12,-219.27143120512085
7105,24,12,-92.32059977591312,3,-51.42304101039932
7106,38,12,-106.98157772725399,6,-86.11507655130762
7107,41,12,-110.98357657528959,6,-93.46522121489485
7108,95,12,-234.86374178545628,20,-232.40560631336535
7109,56,12,-135.54521295910172,12,-135.54521295910172
7110,75,12,-177.53797429426584,12,-177.53797429426584
7111,59,12,-141.367447738551,12,-141.367447738551
7112,35,12,-103.28316204691019,6,-79.32193460441326
7113,75,12,-177.53797429426584,12,-177.53797429426584
7114,47,12,-119.89808312874094,6,-109.83570678670114
7115,49,12,-123.13930036828388,6,-115.78718783779036
7116,29,12,-96.79732089859871,3,-65.56666537455592
7117,50,12,-124.81047053779731,6,-118.85564190652914
7118,10,12,-84.27710649292833,1,-17.167386388250772
7119,42,12,-112.38502871842148,6,-96.03901273050752
7120,26,12,-94.01001581178649,3,-56.76113061721671
7121,75,12,-177.53797429426584,12,-177.53797429426584
7122,57,12,-137.45226948237894,12,-137.45226948237894
7123,71,12,-167.68740842638795,12,-167.68740842638795
7124,96,12,-238.08302673965238,20,-234.40975389635224
7125,91,12,-222.3226706914009,12,-222.3226706914009
7126,7,12,-83.41503688796908,1,-11.923979800667436
7127,55,12,-133.67184780709107,12,-133.67184780709107
7128,84,12,-201.67000297128635,12,-201.67000297128635
7129,17,12,-87.4712850103148,3,-36.095815994462484
7130,74,12,-175.02485362057575,12,-175.02485362057575
7131,92,12,-225.4075237139973,12,-225.4075237139973
7132,70,12,-165.30890638391594,12,-165.30890638391594
7133,56,12,-135.54521295910172,12,-135.54521295910172
7134,28,12,-95.83446470521845,3,-62.525063432602536
7135,16,12,-86.91362107098472,1,-33.19107800413937
7136,61,12,-145.41736476856974,12,-145.41736476856974
7137,68,12,-160.6528851776278,12,-160.6528851776278
7138,69,12,-162.96406455953235,12,-162.96406455953235
7139,88,12,-213.26980172825859,12,-213.26980172825859
7140,44,12,-115.28909842694712,6,-101.37216560238318
7141,54,12,-131.832176252549,6,-131.7473732422173
7142,32,12,-99.88838970893231,6,-73.08599843278336
7143,76,12,-180.08474406613544,12,-180.08474406613544
7144,55,12,-133.67184780709107,12,-133.67184780709107
7145,65,12,-153.92134393244743,12,-153.92134393244743
7146,12,12,-85.02079284439587,1,-21.68888886194659
7147,25,12,-93.14842757160632,3,-54.03884427687615
7148,64,12,-151.74483656681207,12,-151.74483656681207
7149,69,12,-162.96406455953235,12,-162.96406455953235
7150,76,12,-180.08474406613544,12,-180.08474406613544
7151,30,12,-97.79392861672859,3,-68.71466132418306
7152,40,12,-109.61584921025063,6,-90.95329633472858
7153,17,12,-87.4712850103148,3,-36.095815994462484
7154,28,12,-95.83446470521845,3,-62.525063432602536
7155,28,12,-95.83446470521845,3,-62.525063432602536
7156,11,12,-84.63205382862074,1,-19.32560286376086
7157,93,12,-228.5259880514485,20,-228.46014739973276
7158,65,12,-153.92134393244743,12,-153.92134393244743
7159,0,12,-82.58666666666669,1,-6.8822222222222225
7160,50,12,-124.81047053779731,6,-118.85564190652914
7161,27,12,-94.90536226632408,3,-59.5898777586643
7162,56,12,-135.54521295910172,12,-135.54521295910172
7163,79,12,-187.92692573545764,12,-187.92692573545764
7164,52,12,-128.2539228413562,6,-125.177939579655
7165,16,12,-86.91362107098472,1,-33.19107800413937
7166,90,12,-219.27143120512085,12,-219.27143120512085
7167,77,12,-182.66516071256729,12,-182.66516071256729
7168,25,12,-93.14842757160632,3,-54.03884427687615
7169,23,12,-91.52653465497364,3,-48.91374309468091
7170,60,12,-143.3755650196889,12,-143.3755650196889
7171,71,12,-167.68740842638795,12,-167.68740842638795
7172,19,12,-88.68794552856191,3,-39.9420506223111
7173,65,12,-153.92134393244743,12,-153.92134393244743
7174,62,12,-147.492844759646,12,-147.492844759646
7175,40,12,-109.61584921025063,6,-90.95329633472858
7176,68,12,-160.6528851776278,12,-160.6528851776278
7177,15,12,-86.38973765322098,1,-30.008338880137654
7178,21,12,-90.03970135905276,3,-44.21475244382181
7179,19,12,-88.68794552856191,3,-39.9420506223111
7180,28,12,-95.83446470521845,3,-62.525063432602536
7181,97,12,-241.33591412399238,20,-236.43484574939123
7182,10,12,-84.27710649292833,1,-17.167386388250772
7183,24,12,-92.32059977591312,3,-51.42304101039932
7184,25,12,-93.14842757160632,3,-54.03884427687615
7185,53,12,-130.0262005218131,6,-128.43176816621013
7186,7,12,-83.41503688796908,1,-11.923979800667436
7187,20,12,-89.34693764525149,3,-42.025104283182344
7188,99,12,-247.94248729970576,20,-240.54785882360903
7189,87,12,-210.3194161813455,12,-210.3194161813455
7190,62,12,-147.492844759646,12,-147.492844759646
7191,62,12,-147.492844759646,12,-147.492844759646
7192,78,12,-185.27922201012348,12,-185.27922201012348
7193,15,12,-86.38973765322098,1,-30.008338880137654
7194,4,12,-82.85717276709248,1,-8.529172688515441
7195,94,12,-231.6780614823333,20,-230.42240386096492
7196,96,12,-238.08302673965238,20,-234.40975389635224
7197,85,12,-204.51951458063076,12,-204.51951458063076
7198,1,12,-82.6035744145978,1,-6.9851980409108565
7199,50,12,-124.81047053779731,6,-118.85564190652914
7200,23,12,-91.52653465497364,3,-48.91374309468091
7201,64,12,-151.74483656681207,12,-151.74483656681207
7202,14,12,-85.8996369884651,1,-27.0303393518663
7203,91,12,-222.3226706914009,12,-222.3226706914009
7204,77,12,-182.66516071256729,12,-182.66516071256729
7205,37,12,-105.71503806602566,6,-83.78879668536612
7206,52,12,-128.2539228413562,6,-125.177939579655
7207,98,12,-244.6224017175923,20,-238.4808810119756
7208,76,12,-180.08474406613544,12,-180.08474406613544
7209,2,12,-82.65429616947476,1,-7.294070267709967
7210,97,12,-241.33591412399238,20,-236.43484574939123
7211,78,12,-185.27922201012348,12,-185.27922201012348
7212,17,12,-87.4712850103148,3,-36.095815994462484
7213,44,12,-115.28909842694712,6,-101.37216560238318
7214,71,12,-167.68740842638795,12,-167.68740842638795
7215,27,12,-94.90536226632408,3,-59.5898777586643
7216,23,12,-91.52653465497364,3,-48.91374309468091
7217,99,12,-247.94248729970576,20,-240.54785882360903
7218,65,12,-153.92134393244743,12,-153.92134393244743
7219,71,12,-167.68740842638795,12,-167.68740842638795
7220,57,12,-137.45226948237894,12,-137.45226948237894
7221,75,12,-177.53797429426584,12,-177.53797429426584
7222,57,12,-137.45226948237894,12,-137.45226948237894
7223,10,12,-84.27710649292833,1,-17.167386388250772
7224,8,12,-83.66859579030925,1,-13.466492256876304
7225,14,12,-85.8996369884651,1,-27.0303393518663
7226,93,12,-228.5259880514485,20,-228.46014739973276
7227,95,12,-234.86374178545628,20,-232.40560631336535
7228,26,12,-94.01001581178649,3,-56.76113061721671
7229,51,12,-126.51534543777501,6,-121.9858949902555
7230,41,12,-110.98357657528959,6,-93.46522121489485
7231,80,12,-190.60826966535672,12,-190.60826966535672
7232,41,12,-110.98357657528959,6,-93.46522121489485
7233,45,12,-116.79171153665492,6,-104.13151192781399
7234,95,12,-234.86374178545628,20,-232.40560631336535
7235,26,12,-94.01001581178649,3,-56.76113061721671
7236,69,12,-162.96406455953235,12,-162.96406455953235
7237,77,12,-182.66516071256729,12,-182.66516071256729
7238,9,12,-83.95595306941537,1,-15.214321990937147
7239,21,12,-90.03970135905276,3,-44.21475244382181
7240,2,12,-82.65429616947476,1,-7.294070267709967
7241,32,12,-99.88838970893231,6,-73.08599843278336
7242,68,12,-160.6528851776278,12,-160.6528851776278
7243,40,12,-109.61584921025063,6,-90.95329633472858
7244,6,12,-83.19527859488348,1,-10.586867266464079
7245,65,12,-153.92134393244743,12,-153.92134393244743
7246,53,12,-130.0262005218131,6,-128.43176816621013
7247,52,12,-128.2539228413562,6,-125.177939579655
7248,62,12,-147.492844759646,12,-147.492844759646
7249,63,12,-149.60200276748782,12,-149.60200276748782
7250,76,12,-180.08474406613544,12,-180.08474406613544
7251,58,12,-139.39301515084207,12,-139.39301515084207
7252,45,12,-116.79171153665492,6,-104.13151192781399
7253,86,12,-207.4026530580665,12,-207.4026530580665
7254,76,12,-180.08474406613544,12,-180.08474406613544
7255,16,12,-86.91362107098472,1,-33.19107800413937
7256,67,12,-158.37537046268577,12,-158.37537046268577
7257,86,12,-207.4026530580665,12,-207.4026530580665
7258,24,12,-92.32059977591312,3,-51.42304101039932
7259,5,12,-83.00932314367421,1,-9.455237327983067
7260,84,12,-201.67000297128635,12,-201.67000297128635
7261,10,12,-84.27710649292833,1,-17.167386388250772
7262,60,12,-143.3755650196889,12,-143.3755650196889
7263,89,12,-216.25380747683084,12,-216.25380747683084
7264,26,12,-94.01001581178649,3,-56.76113061721671
7265,25,12,-93.14842757160632,3,-54.03884427687615
7266,94,12,-231.6780614823333,20,-230.42240386096492
7267,25,12,-93.14842757160632,3,-54.03884427687615
7268,69,12,-162.96406455953235,12,-162.96406455953235
7269,27,12,-94.90536226632408,3,-59.5898777586643
7270,64,12,-151.74483656681207,12,-151.74483656681207
7271,33,12,-100.9862386241835,6,-75.10271953333199
7272,2,12,-82.65429616947476,1,-7.294070267709967
7273,73,12,-172.54538426876832,12,-172.54538426876832
7274,78,12,-185.27922201012348,12,-185.27922201012348
7275,61,12,-145.41736476856974,12,-145.41736476856974
7276,39,12,-108.28184885147208,6,-88.50324560744662
7277,23,12,-91.52653465497364,3,-48.91374309468091
7278,52,12,-128.2539228413562,6,-125.177939579655
7279,69,12,-162.96406455953235,12,-162.96406455953235
7280,34,12,-102.11783014653936,6,-77.18136743158533
7281,95,12,-234.86374178545628,20,-232.40560631336535
7282,2,12,-82.65429616947476,1,-7.294070267709967
7283,78,12,-185.27922201012348,12,-185.27922201012348
7284,27,12,-94.90536226632408,3,-59.5898777586643
7285,27,12,-94.90536226632408,3,-59.5898777586643
7286,64,12,-151.74483656681207,12,-151.74483656681207
7287,85,12,-204.51951458063076,12,-204.51951458063076
7288,17,12,-87.4712850103148,3,-36.095815994462484
7289,72,12,-170.09956846271837,12,-170.09956846271837
7290,8,12,-83.66859579030925,1,-13.466492256876304
7291,45,12,-116.79171153665492,6,-104.13151192781399
7292,13,12,-85.44332130828904,1,-24.257161856809045
7293,20,12,-89.34693764525149,3,-42.025104283182344
7294,21,12,-90.03970135905276,3,-44.21475244382181
7295,87,12,-210.3194161813455,12,-210.3194161813455
7296,1,12,-82.6035744145978,1,-6.9851980409108565
7297,38,12,-106.98157772725399,6,-86.11507655130762
7298,56,12,-135.54521295910172,12,-135.54521295910172
7299,75,12,-177.53797429426584,12,-177.53797429426584
7300,24,12,-92.32059977591312,3,-51.42304101039932
7301,93,12,-228.5259880514485,20,-228.46014739973276
7302,31,12,-98.82428562999917,6,-71.1312116538696
7303,21,12,-90.03970135905276,3,-44.21475244382181
7304,92,12,-225.4075237139973,12,-225.4075237139973
7305,76,12,-180.08474406613544,12,-180.08474406613544
7306,92,12,-225.4075237139973,12,-225.4075237139973
7307,65,12,-153.92134393244743,12,-153.92134393244743
7308,95,12,-234.86374178545628,20,-232.40560631336535
7309,54,12,-131.832176252549,6,-131.7473732422173
7310,10,12,-84.27710649292833,1,-17.167386388250772
7311,92,12,-225.4075237139973,12,-225.4075237139973
7312,48,12,-121.50183715622016,6,-112.7805402942011
7313,21,12,-90.03970135905276,3,-44.21475244382181
7314,75,12,-177.53797429426584,12,-177.53797429426584
7315,4,12,-82.85717276709248,1,-8.529172688515441
7316,78,12,-185.27922201012348,12,-185.27922201012348
7317,53,12,-130.0262005218131,6,-128.43176816621013
7318,99,12,-247.94248729970576,20,-240.54785882360903
7319,55,12,-133.67184780709107,12,-133.67184780709107
7320,42,12,-112.38502871842148,6,-96.03901273050752
7321,95,12,-234.86374178545628,20,-232.40560631336535
7322,43,12,-113.8202034116098,6,-98.67466336494121
7323,72,12,-170.09956846271837,12,-170.09956846271837
7324,22,12,-90.76623443917929,3,-46.51097281076241
7325,39,12,-108.28184885147208,6,-88.50324560744662
7326,40,12,-109.61584921025063,6,-90.95329633472858
7327,34,12,-102.11783014653936,6,-77.18136743158533
7328,35,12,-103.28316204691019,6,-79.32193460441326
7329,52,12,-128.2539228413562,6,-125.177939579655
7330,95,12,-234.86374178545628,20,-232.40560631336535
7331,59,12,-141.367447738551,12,-141.367447738551
7332,36,12,-104.48223209634578,6,-81.52441352950547
7333,49,12,-123.13930036828388,6,-115.78718783779036
7334,18,12,-88.0627272398999,3,-37.96561375881964
7335,53,12,-130.0262005218131,6,-128.43176816621013
7336,13,12,-85.44332130828904,1,-24.257161856809045
7337,54,12,-131.832176252549,6,-131.7473732422173
7338,63,12,-149.60200276748782,12,-149.60200276748782
7339,57,12,-137.45226948237894,12,-137.45226948237894
7340,47,12,-119.89808312874094,6,-109.83570678670114
7341,11,12,-84.63205382862074,1,-19.32560286376086
7342,85,12,-204.51951458063076,12,-204.51951458063076
7343,64,12,-151.74483656681207,12,-151.74483656681207
7344,41,12,-110.98357657528959,6,-93.46522121489485
7345,17,12,-87.4712850103148,3,-36.095815994462484
7346,17,12,-87.4712850103148,3,-36.095815994462484
7347,33,12,-100.9862386241835,6,-75.10271953333199
7348,40,12,-109.61584921025063,6,-90.95329633472858
7349,99,12,-247.94248729970576,20,-240.54785882360903
7350,35,12,-103.28316204691019,6,-79.32193460441326
7351,34,12,-102.11783014653936,6,-77.18136743158533
7352,91,12,-222.3226706914009,12,-222.3226706914009
7353,99,12,-247.94248729970576,20,-240.54785882360903
7354,32,12,-99.88838970893231,6,-73.08599843278336
7355,24,12,-92.32059977591312,3,-51.42304101039932
7356,9,12,-83.95595306941537,1,-15.214321990937147
7357,91,12,-222.3226706914009,12,-222.3226706914009
7358,45,12,-116.79171153665492,6,-104.13151192781399
7359,26,12,-94.01001581178649,3,-56.76113061721671
7360,13,12,-85.44332130828904,1,-24.257161856809045
7361,36,12,-104.48223209634578,6,-81.52441352950547
7362,42,12,-112.38502871842148,6,-96.03901273050752
7363,24,12,-92.32059977591312,3,-51.42304101039932
7364,48,12,-121.50183715622016,6,-112.7805402942011
7365,51,12,-126.51534543777501,6,-121.9858949902555
7366,92,12,-225.4075237139973,12,-225.4075237139973
7367,99,12,-247.94248729970576,20,-240.54785882360903
7368,31,12,-98.82428562999917,6,-71.1312116538696
7369,32,12,-99.88838970893231,6,-73.08599843278336
7370,44,12,-115.28909842694712,6,-101.37216560238318
7371,90,12,-219.27143120512085,12,-219.27143120512085
7372,8,12,-83.66859579030925,1,-13.466492256876304
7373,17,12,-87.4712850103148,3,-36.095815994462484
7374,22,12,-90.76623443917929,3,-46.51097281076241
7375,29,12,-96.79732089859871,3,-65.56666537455592
7376,0,12,-82.58666666666669,1,-6.8822222222222225
7377,6,12,-83.19527859488348,1,-10.586867266464079
7378,79,12,-187.92692573545764,12,-187.92692573545764
7379,21,12,-90.03970135905276,3,-44.21475244382181
7380,82,12,-196.07186924674602,12,-196.07186924674602
7381,67,12,-158.37537046268577,12,-158.37537046268577
7382,23,12,-91.52653465497364,3,-48.91374309468091
7383,58,12,-139.39301515084207,12,-139.39301515084207
7384,11,12,-84.63205382862074,1,-19.32560286376086
7385,54,12,-131.832176252549,6,-131.7473732422173
7386,64,12,-151.74483656681207,12,-151.74483656681207
7387,24,12,-92.32059977591312,3,-51.42304101039932
7388,68,12,-160.6528851776278,12,-160.6528851776278
7389,41,12,-110.98357657528959,6,-93.46522121489485
7390,34,12,-102.11783014653936,6,-77.18136743158533
7391,66,12,-156.13152263937536,12,-156.13152263937536
7392,8,12,-83.66859579030925,1,-13.466492256876304
7393,35,12,-103.28316204691019,6,-79.32193460441326
7394,4,12,-82.85717276709248,1,-8.529172688515441
7395,67,12,-158.37537046268577,12,-158.37537046268577
7396,36,12,-104.48223209634578,6,-81.52441352950547
7397,66,12,-156.13152263937536,12,-156.13152263937536
7398,12,12,-85.02079284439587,1,-21.68888886194659
7399,63,12,-149.60200276748782,12,-149.60200276748782
7400,89,12,-216.25380747683084,12,-216.25380747683084
7401,24,12,-92.32059977591312,3,-51.42304101039932
7402,33,12,-100.9862386241835,6,-75.10271953333199
7403,47,12,-119.89808312874094,6,-109.83570678670114
7404,48,12,-121.50183715622016,6,-112.7805402942011
7405,44,12,-115.28909842694712,6,-101.37216560238318
7406,99,12,-247.94248729970576,20,-240.54785882360903
7407,56,12,-135.54521295910172,12,-135.54521295910172
7408,99,12,-247.94248729970576,20,-240.54785882360903
7409,9,12,-83.95595306941537,1,-15.214321990937147
7410,47,12,-119.89808312874094,6,-109.83570678670114
7411,4,12,-82.85717276709248,1,-8.529172688515441
7412,75,12,-177.53797429426584,12,-177.53797429426584
7413,26,12,-94.01001581178649,3,-56.76113061721671
7414,9,12,-83.95595306941537,1,-15.214321990937147
7415,89,12,-216.25380747683084,12,-216.25380747683084
7416,73,12,-172.54538426876832,12,-172.54538426876832
7417,28,12,-95.83446470521845,3,-62.525063432602536
7418,89,12,-216.25380747683084,12,-216.25380747683084
7419,68,12,-160.6528851776278,12,-160.6528851776278
7420,30,12,-97.79392861672859,3,-68.71466132418306
7421,47,12,-119.89808312874094,6,-109.83570678670114
7422,33,12,-100.9862386241835,6,-75.10271953333199
7423,93,12,-228.5259880514485,20,-228.46014739973276
7424,93,12,-228.5259880514485,20,-228.46014739973276
7425,84,12,-201.67000297128635,12,-201.67000297128635
7426,53,12,-130.0262005218131,6,-128.43176816621013
7427,80,12,-190.60826966535672,12,-190.60826966535672
7428,95,12,-234.86374178545628,20,-232.40560631336535
7429,38,12,-106.98157772725399,6,-86.11507655130762
7430,65,12,-153.92134393244743,12,-153.92134393244743
7431,65,12,-153.92134393244743,12,-153.92134393244743
7432,30,12,-97.79392861672859,3,-68.71466132418306
7433,41,12,-110.98357657528959,6,-93.46522121489485
7434,37,12,-105.71503806602566,6,-83.78879668536612
7435,42,12,-112.38502871842148,6,-96.03901273050752
7436,1,12,-82.6035744145978,1,-6.9851980409108565
7437,62,12,-147.492844759646,12,-147.492844759646
7438,5,12,-83.00932314367421,1,-9.455237327983067
7439,14,12,-85.8996369884651,1,-27.0303393518663
7440,9,12,-83.95595306941537,1,-15.214321990937147
7441,85,12,-204.51951458063076,12,-204.51951458063076
7442,67,12,-158.37537046268577,12,-158.37537046268577
7443,30,12,-97.79392861672859,3,-68.71466132418306
7444,23,12,-91.52653465497364,3,-48.91374309468091
7445,81,12,-193.3232515767758,12,-193.3232515767758
7446,10,12,-84.27710649292833,1,-17.167386388250772
7447,47,12,-119.89808312874094,6,-109.83570678670114
7448,55,12,-133.67184780709107,12,-133.67184780709107
7449,48,12,-121.50183715622016,6,-112.7805402942011
7450,6,12,-83.19527859488348,1,-10.586867266464079
7451,70,12,-165.30890638391594,12,-165.30890638391594
7452,21,12,-90.03970135905276,3,-44.21475244382181
7453,35,12,-103.28316204691019,6,-79.32193460441326
7454,27,12,-94.90536226632408,3,-59.5898777586643
7455,16,12,-86.91362107098472,1,-33.19107800413937
7456,38,12,-106.98157772725399,6,-86.11507655130762
7457,36,12,-104.48223209634578,6,-81.52441352950547
7458,7,12,-83.41503688796908,1,-11.923979800667436
7459,14,12,-85.8996369884651,1,-27.0303393518663
7460,37,12,-105.71503806602566,6,-83.78879668536612
7461,68,12,-160.6528851776278,12,-160.6528851776278
7462,31,12,-98.82428562999917,6,-71.1312116538696
7463,72,12,-170.09956846271837,12,-170.09956846271837
7464,35,12,-103.28316204691019,6,-79.32193460441326
7465,71,12,-167.68740842638795,12,-167.68740842638795
7466,87,12,-210.3194161813455,12,-210.3194161813455
7467,58,12,-139.39301515084207,12,-139.39301515084207
7468,56,12,-135.54521295910172,12,-135.54521295910172
7469,67,12,-158.37537046268577,12,-158.37537046268577
7470,81,12,-193.3232515767758,12,-193.3232515767758
7471,53,12,-130.0262005218131,6,-128.43176816621013
7472,27,12,-94.90536226632408,3,-59.5898777586643
7473,36,12,-104.48223209634578,6,-81.52441352950547
7474,81,12,-193.3232515767758,12,-193.3232515767758
7475,33,12,-100.9862386241835,6,-75.10271953333199
7476,40,12,-109.61584921025063,6,-90.95329633472858
7477,40,12,-109.61584921025063,6,-90.95329633472858
7478,83,12,-198.854120452488,12,-198.854120452488
7479,31,12,-98.82428562999917,6,-71.1312116538696
7480,86,12,-207.4026530580665,12,-207.4026530580665
7481,3,12,-82.73882969802135,1,-7.808756080935194
7482,0,12,-82.58666666666669,1,-6.8822222222222225
7483,32,12,-99.88838970893231,6,-73.08599843278336
7484,5,12,-83.00932314367421,1,-9.455237327983067
7485,7,12,-83.41503688796908,1,-11.923979800667436
7486,69,12,-162.96406455953235,12,-162.96406455953235
7487,15,12,-86.38973765322098,1,-30.008338880137654
7488,88,12,-213.26980172825859,12,-213.26980172825859
7489,75,12,-177.53797429426584,12,-177.53797429426584
7490,64,12,-151.74483656681207,12,-151.74483656681207
7491,33,12,-100.9862386241835,6,-75.10271953333199
7492,34,12,-102.11783014653936,6,-77.18136743158533
7493,32,12,-99.88838970893231,6,-73.08599843278336
7494,62,12,-147.492844759646,12,-147.492844759646
7495,46,12,-118.32804051309115,6,-106.95269482704867
7496,56,12,-135.54521295910172,12,-135.54521295910172
7497,66,12,-156.13152263937536,12,-156.13152263937536
7498,56,12,-135.54521295910172,12,-135.54521295910172
7499,31,12,-98.82428562999917,6,-71.1312116538696
7500,80,12,-190.60826966535672,12,-190.60826966535672
7501,70,12,-165.30890638391594,12,-165.30890638391594
7502,10,12,-84.27710649292833,1,-17.167386388250772
7503,22,12,-90.76623443917929,3,-46.51097281076241
7504,54,12,-131.832176252549,6,-131.7473732422173
7505,14,12,-85.8996369884651,1,-27.0303393518663
7506,35,12,-103.28316204691019,6,-79.32193460441326
7507,52,12,-128.2539228413562,6,-125.177939579655
7508,67,12,-158.37537046268577,12,-158.37537046268577
7509,48,12,-121.50183715622016,6,-112.7805402942011
7510,51,12,-126.51534543777501,6,-121.9858949902555
7511,58,12,-139.39301515084207,12,-139.39301515084207
7512,86,12,-207.4026530580665,12,-207.4026530580665
7513,45,12,-116.79171153665492,6,-104.13151192781399
7514,45,12,-116.79171153665492,6,-104.13151192781399
7515,80,12,-190.60826966535672,12,-190.60826966535672
7516,97,12,-241.33591412399238,20,-236.43484574939123
7517,20,12,-89.34693764525149,3,-42.025104283182344
7518,39,12,-108.28184885147208,6,-88.50324560744662
7519,98,12,-244.6224017175923,20,-238.4808810119756
7520,42,12,-112.38502871842148,6,-96.03901273050752
7521,61,12,-145.41736476856974,12,-145.41736476856974
7522,54,12,-131.832176252549,6,-131.7473732422173
7523,96,12,-238.08302673965238,20,-234.40975389635224
7524,97,12,-241.33591412399238,20,-236.43484574939123
7525,48,12,-121.50183715622016,6,-112.7805402942011
7526,49,12,-123.13930036828388,6,-115.78718783779036
7527,95,12,-234.86374178545628,20,-232.40560631336535
7528,85,12,-204.51951458063076,12,-204.51951458063076
7529,0,12,-82.58666666666669,1,-6.8822222222222225
7530,22,12,-90.76623443917929,3,-46.51097281076241
7531,63,12,-149.60200276748782,12,-149.60200276748782
7532,81,12,-193.3232515767758,12,-193.3232515767758
7533,64,12,-151.74483656681207,12,-151.74483656681207
7534,37,12,-105.71503806602566,6,-83.78879668536612
7535,45,12,-116.79171153665492,6,-104.13151192781399
7536,47,12,-119.89808312874094,6,-109.83570678670114
7537,8,12,-83.66859579030925,1,-13.466492256876304
7538,48,12,-121.50183715622016,6,-112.7805402942011
7539,41,12,-110.98357657528959,6,-93.46522121489485
7540,33,12,-100.9862386241835,6,-75.10271953333199
7541,85,12,-204.51951458063076,12,-204.51951458063076
7542,96,12,-238.08302673965238,20,-234.40975389635224
7543,80,12,-190.60826966535672,12,-190.60826966535672
7544,17,12,-87.4712850103148,3,-36.095815994462484
7545,26,12,-94.01001581178649,3,-56.76113061721671
7546,5,12,-83.00932314367421,1,-9.455237327983067
7547,43,12,-113.8202034116098,6,-98.67466336494121
7548,22,12,-90.76623443917929,3,-46.51097281076241
7549,68,12,-160.6528851776278,12,-160.6528851776278
7550,56,12,-135.54521295910172,12,-135.54521295910172
7551,73,12,-172.54538426876832,12,-172.54538426876832
7552,85,12,-204.51951458063076,12,-204.51951458063076
7553,43,12,-113.8202034116098,6,-98.67466336494121
7554,21,12,-90.03970135905276,3,-44.21475244382181
7555,63,12,-149.60200276748782,12,-149.60200276748782
7556,56,12,-135.54521295910172,12,-135.54521295910172
7557,25,12,-93.14842757160632,3,-54.03884427687615
7558,15,12,-86.38973765322098,1,-30.008338880137654
7559,33,12,-100.9862386241835,6,-75.10271953333199
7560,88,12,-213.26980172825859,12,-213.26980172825859
7561,69,12,-162.96406455953235,12,-162.96406455953235
7562,62,12,-147.492844759646,12,-147.492844759646
7563,70,12,-165.30890638391594,12,-165.30890638391594
7564,55,12,-133.67184780709107,12,-133.67184780709107
7565,13,12,-85.44332130828904,1,-24.257161856809045
7566,91,12,-222.3226706914009,12,-222.3226706914009
7567,12,12,-85.02079284439587,1,-21.68888886194659
7568,2,12,-82.65429616947476,1,-7.294070267709967
7569,84,12,-201.67000297128635,12,-201.67000297128635
7570,62,12,-147.492844759646,12,-147.492844759646
7571,0,12,-82.58666666666669,1,-6.8822222222222225
7572,19,12,-88.68794552856191,3,-39.9420506223111
7573,35,12,-103.28316204691019,6,-79.32193460441326
7574,86,12,-207.4026530580665,12,-207.4026530580665
7575,19,12,-88.68794552856191,3,-39.9420506223111
7576,1,12,-82.6035744145978,1,-6.9851980409108565
7577,30,12,-97.79392861672859,3,-68.71466132418306
7578,99,12,-247.94248729970576,20,-240.54785882360903
7579,60,12,-143.3755650196889,12,-143.3755650196889
7580,76,12,-180.08474406613544,12,-180.08474406613544
7581,63,12,-149.60200276748782,12,-149.60200276748782
7582,25,12,-93.14842757160632,3,-54.03884427687615
7583,49,12,-123.13930036828388,6,-115.78718783779036
7584,17,12,-87.4712850103148,3,-36.095815994462484
7585,80,12,-190.60826966535672,12,-190.60826966535672
7586,15,12,-86.38973765322098,1,-30.008338880137654
7587,25,12,-93.14842757160632,3,-54.03884427687615
7588,79,12,-187.92692573545764,12,-187.92692573545764
7589,57,12,-137.45226948237894,12,-137.45226948237894
7590,40,12,-109.61584921025063,6,-90.95329633472858
7591,27,12,-94.90536226632408,3,-59.5898777586643
7592,10,12,-84.27710649292833,1,-17.167386388250772
7593,8,12,-83.66859579030925,1,-13.466492256876304
7594,88,12,-213.26980172825859,12,-213.26980172825859
7595,20,12,-89.34693764525149,3,-42.025104283182344
7596,79,12,-187.92692573545764,12,-187.92692573545764
7597,94,12,-231.6780614823333,20,-230.42240386096492
7598,51,12,-126.51534543777501,6,-121.9858949902555
7599,89,12,-216.25380747683084,12,-216.25380747683084
7600,56,12,-135.54521295910172,12,-135.54521295910172
7601,9,12,-83.95595306941537,1,-15.214321990937147
7602,95,12,-234.86374178545628,20,-232.40560631336535
7603,35,12,-103.28316204691019,6,-79.32193460441326
7604,73,12,-172.54538426876832,12,-172.54538426876832
7605,9,12,-83.95595306941537,1,-15.214321990937147
7606,16,12,-86.91362107098472,1,-33.19107800413937
7607,13,12,-85.44332130828904,1,-24.257161856809045
7608,97,12,-241.33591412399238,20,-236.43484574939123
7609,40,12,-109.61584921025063,6,-90.95329633472858
7610,97,12,-241.33591412399238,20,-236.43484574939123
7611,53,12,-130.0262005218131,6,-128.43176816621013
7612,45,12,-116.79171153665492,6,-104.13151192781399
7613,19,12,-88.68794552856191,3,-39.9420506223111
7614,12,12,-85.02079284439587,1,-21.68888886194659
7615,9,12,-83.95595306941537,1,-15.214321990937147
7616,41,12,-110.98357657528959,6,-93.46522121489485
7617,16,12,-86.91362107098472,1,-33.19107800413937
7618,35,12,-103.28316204691019,6,-79.32193460441326
7619,69,12,-162.96406455953235,12,-162.96406455953235
7620,33,12,-100.9862386241835,6,-75.10271953333199
7621,35,12,-103.28316204691019,6,-79.32193460441326
7622,69,12,-162.96406455953235,12,-162.96406455953235
7623,90,12,-219.27143120512085,12,-219.27143120512085
7624,93,12,-228.5259880514485,20,-228.46014739973276
7625,49,12,-123.13930036828388,6,-115.78718783779036
7626,32,12,-99.88838970893231,6,-73.08599843278336
7627,46,12,-118.32804051309115,6,-106.95269482704867
7628,76,12,-180.08474406613544,12,-180.08474406613544
7629,35,12,-103.28316204691019,6,-79.32193460441326
7630,45,12,-116.79171153665492,6,-104.13151192781399
7631,4,12,-82.85717276709248,1,-8.529172688515441
7632,5,12,-83.00932314367421,1,-9.455237327983067
7633,41,12,-110.98357657528959,6,-93.46522121489485
7634,89,12,-216.25380747683084,12,-216.25380747683084
7635,89,12,-216.25380747683084,12,-216.25380747683084
7636,54,12,-131.832176252549,6,-131.7473732422173
7637,53,12,-130.0262005218131,6,-128.43176816621013
7638,3,12,-82.73882969802135,1,-7.808756080935194
7639,44,12,-115.28909842694712,6,-101.37216560238318
7640,27,12,-94.90536226632408,3,-59.5898777586643
7641,89,12,-216.25380747683084,12,-216.25380747683084
7642,44,12,-115.28909842694712,6,-101.37216560238318
7643,49,12,-123.13930036828388,6,-115.78718783779036
7644,41,12,-110.98357657528959,6,-93.46522121489485
7645,82,12,-196.07186924674602,12,-196.07186924674602
7646,74,12,-175.02485362057575,12,-175.02485362057575
7647,59,12,-141.367447738551,12,-141.367447738551
7648,90,12,-219.27143120512085,12,-219.27143120512085
7649,84,12,-201.67000297128635,12,-201.67000297128635
7650,96,12,-238.08302673965238,20,-234.40975389635224
7651,12,12,-85.02079284439587,1,-21.68888886194659
7652,81,12,-193.3232515767758,12,-193.3232515767758
7653,93,12,-228.5259880514485,20,-228.46014739973276
7654,73,12,-172.54538426876832,12,-172.54538426876832
7655,69,12,-162.96406455953235,12,-162.96406455953235
7656,66,12,-156.13152263937536,12,-156.13152263937536
7657,65,12,-153.92134393244743,12,-153.92134393244743
7658,56,12,-135.54521295910172,12,-135.54521295910172
7659,99,12,-247.94248729970576,20,-240.54785882360903
7660,19,12,-88.68794552856191,3,-39.9420506223111
7661,20,12,-89.34693764525149,3,-42.025104283182344
7662,37,12,-105.71503806602566,6,-83.78879668536612
7663,11,12,-84.63205382862074,1,-19.32560286376086
7664,18,12,-88.0627272398999,3,-37.96561375881964
7665,34,12,-102.11783014653936,6,-77.18136743158533
7666,54,12,-131.832176252549,6,-131.7473732422173
7667,25,12,-93.14842757160632,3,-54.03884427687615
7668,82,12,-196.07186924674602,12,-196.07186924674602
7669,43,12,-113.8202034116098,6,-98.67466336494121
7670,45,12,-116.79171153665492,6,-104.13151192781399
7671,48,12,-121.50183715622016,6,-112.7805402942011
7672,9,12,-83.95595306941537,1,-15.214321990937147
7673,27,12,-94.90536226632408,3,-59.5898777586643
7674,23,12,-91.52653465497364,3,-48.91374309468091
7675,1,12,-82.6035744145978,1,-6.9851980409108565
7676,54,12,-131.832176252549,6,-131.7473732422173
7677,19,12,-88.68794552856191,3,-39.9420506223111
7678,6,12,-83.19527859488348,1,-10.586867266464079
7679,28,12,-95.83446470521845,3,-62.525063432602536
7680,92,12,-225.4075237139973,12,-225.4075237139973
7681,93,12,-228.5259880514485,20,-228.46014739973276
7682,95,12,-234.86374178545628,20,-232.40560631336535
7683,80,12,-190.60826966535672,12,-190.60826966535672
7684,49,12,-123.13930036828388,6,-115.78718783779036
7685,43,12,-113.8202034116098,6,-98.67466336494121
7686,31,12,-98.82428562999917,6,-71.1312116538696
7687,65,12,-153.92134393244743,12,-153.92134393244743
7688,24,12,-92.32059977591312,3,-51.42304101039932
7689,34,12,-102.11783014653936,6,-77.18136743158533
7690,42,12,-112.38502871842148,6,-96.03901273050752
7691,75,12,-177.53797429426584,12,-177.53797429426584
7692,91,12,-222.3226706914009,12,-222.3226706914009
7693,95,12,-234.86374178545628,20,-232.40560631336535
7694,40,12,-109.61584921025063,6,-90.95329633472858
7695,0,12,-82.58666666666669,1,-6.8822222222222225
7696,67,12,-158.37537046268577,12,-158.37537046268577
7697,66,12,-156.13152263937536,12,-156.13152263937536
7698,66,12,-156.13152263937536,12,-156.13152263937536
7699,45,12,-116.79171153665492,6,-104.13151192781399
7700,81,12,-193.3232515767758,12,-193.3232515767758
7701,12,12,-85.02079284439587,1,-21.68888886194659
7702,87,12,-210.3194161813455,12,-210.3194161813455
7703,6,12,-83.19527859488348,1,-10.586867266464079
7704,86,12,-207.4026530580665,12,-207.4026530580665
7705,60,12,-143.3755650196889,12,-143.3755650196889
7706,51,12,-126.51534543777501,6,-121.9858949902555
7707,56,12,-135.54521295910172,12,-135.54521295910172
7708,78,12,-185.27922201012348,12,-185.27922201012348
7709,45,12,-116.79171153665492,6,-104.13151192781399
7710,64,12,-151.74483656681207,12,-151.74483656681207
7711,20,12,-89.34693764525149,3,-42.025104283182344
7712,36,12,-104.48223209634578,6,-81.52441352950547
7713,96,12,-238.08302673965238,20,-234.40975389635224
7714,18,12,-88.0627272398999,3,-37.96561375881964
7715,50,12,-124.81047053779731,6,-118.85564190652914
7716,35,12,-103.28316204691019,6,-79.32193460441326
7717,25,12,-93.14842757160632,3,-54.03884427687615
7718,94,12,-231.6780614823333,20,-230.42240386096492
7719,95,12,-234.86374178545628,20,-232.40560631336535
7720,59,12,-141.367447738551,12,-141.367447738551
7721,15,12,-86.38973765322098,1,-30.008338880137654
7722,88,12,-213.26980172825859,12,-213.26980172825859
7723,22,12,-90.76623443917929,3,-46.51097281076241
7724,66,12,-156.13152263937536,12,-156.13152263937536
7725,23,12,-91.52653465497364,3,-48.91374309468091
7726,33,12,-100.9862386241835,6,-75.10271953333199
7727,72,12,-170.09956846271837,12,-170.09956846271837
7728,47,12,-119.89808312874094,6,-109.83570678670114
7729,59,12,-141.367447738551,12,-141.367447738551
7730,56,12,-135.54521295910172,12,-135.54521295910172
7731,79,12,-187.92692573545764,12,-187.92692573545764
7732,19,12,-88.68794552856191,3,-39.9420506223111
7733,78,12,-185.27922201012348,12,-185.27922201012348
7734,38,12,-106.98157772725399,6,-86.11507655130762
7735,37,12,-105.71503806602566,6,-83.78879668536612
7736,35,12,-103.28316204691019,6,-79.32193460441326
7737,11,12,-84.63205382862074,1,-19.32560286376086
7738,28,12,-95.83446470521845,3,-62.525063432602536
7739,99,12,-247.94248729970576,20,-240.54785882360903
7740,42,12,-112.38502871842148,6,-96.03901273050752
7741,95,12,-234.86374178545628,20,-232.40560631336535
7742,45,12,-116.79171153665492,6,-104.13151192781399
7743,81,12,-193.3232515767758,12,-193.3232515767758
7744,41,12,-110.98357657528959,6,-93.46522121489485
7745,78,12,-185.27922201012348,12,-185.27922201012348
7746,40,12,-109.61584921025063,6,-90.95329633472858
7747,35,12,-103.28316204691019,6,-79.32193460441326
7748,62,12,-147.492844759646,12,-147.492844759646
7749,37,12,-105.71503806602566,6,-83.78879668536612
7750,95,12,-234.86374178545628,20,-232.40560631336535
7751,55,12,-133.67184780709107,12,-133.67184780709107
7752,34,12,-102.11783014653936,6,-77.18136743158533
7753,31,12,-98.82428562999917,6,-71.1312116538696
7754,83,12,-198.854120452488,12,-198.854120452488
7755,19,12,-88.68794552856191,3,-39.9420506223111
7756,57,12,-137.45226948237894,12,-137.45226948237894
7757,23,12,-91.52653465497364,3,-48.91374309468091
7758,76,12,-180.08474406613544,12,-180.08474406613544
7759,80,12,-190.60826966535672,12,-190.60826966535672
7760,97,12,-241.33591412399238,20,-236.43484574939123
7761,55,12,-133.67184780709107,12,-133.67184780709107
7762,30,12,-97.79392861672859,3,-68.71466132418306
7763,91,12,-222.3226706914009,12,-222.3226706914009
7764,3,12,-82.73882969802135,1,-7.808756080935194
7765,86,12,-207.4026530580665,12,-207.4026530580665
7766,1,12,-82.6035744145978,1,-6.9851980409108565
7767,14,12,-85.8996369884651,1,-27.0303393518663
7768,27,12,-94.90536226632408,3,-59.5898777586643
7769,0,12,-82.58666666666669,1,-6.8822222222222225
7770,9,12,-83.95595306941537,1,-15.214321990937147
7771,35,12,-103.28316204691019,6,-79.32193460441326
7772,78,12,-185.27922201012348,12,-185.27922201012348
7773,32,12,-99.88838970893231,6,-73.08599843278336
7774,58,12,-139.39301515084207,12,-139.39301515084207
7775,26,12,-94.01001581178649,3,-56.76113061721671
7776,12,12,-85.02079284439587,1,-21.68888886194659
7777,52,12,-128.2539228413562,6,-125.177939579655
7778,57,12,-137.45226948237894,12,-137.45226948237894
7779,45,12,-116.79171153665492,6,-104.13151192781399
7780,78,12,-185.27922201012348,12,-185.27922201012348
7781,19,12,-88.68794552856191,3,-39.9420506223111
7782,93,12,-228.5259880514485,20,-228.46014739973276
7783,81,12,-193.3232515767758,12,-193.3232515767758
7784,70,12,-165.30890638391594,12,-165.30890638391594
7785,33,12,-100.9862386241835,6,-75.10271953333199
7786,77,12,-182.66516071256729,12,-182.66516071256729
7787,86,12,-207.4026530580665,12,-207.4026530580665
7788,43,12,-113.8202034116098,6,-98.67466336494121
7789,0,12,-82.58666666666669,1,-6.8822222222222225
7790,57,12,-137.45226948237894,12,-137.45226948237894
7791,22,12,-90.76623443917929,3,-46.51097281076241
7792,14,12,-85.8996369884651,1,-27.0303393518663
7793,69,12,-162.96406455953235,12,-162.96406455953235
7794,10,12,-84.27710649292833,1,-17.167386388250772
7795,67,12,-158.37537046268577,12,-158.37537046268577
7796,4,12,-82.85717276709248,1,-8.529172688515441
7797,52,12,-128.2539228413562,6,-125.177939579655
7798,60,12,-143.3755650196889,12,-143.3755650196889
7799,52,12,-128.2539228413562,6,-125.177939579655
7800,63,12,-149.60200276748782,12,-149.60200276748782
7801,94,12,-231.6780614823333,20,-230.42240386096492
7802,5,12,-83.00932314367421,1,-9.455237327983067
7803,11,12,-84.63205382862074,1,-19.32560286376086
7804,60,12,-143.3755650196889,12,-143.3755650196889
7805,13,12,-85.44332130828904,1,-24.257161856809045
7806,12,12,-85.02079284439587,1,-21.68888886194659
7807,7,12,-83.41503688796908,1,-11.923979800667436
7808,56,12,-135.54521295910172,12,-135.54521295910172
7809,5,12,-83.00932314367421,1,-9.455237327983067
7810,57,12,-137.45226948237894,12,-137.45226948237894
7811,10,12,-84.27710649292833,1,-17.167386388250772
7812,30,12,-97.79392861672859,3,-68.71466132418306
7813,3,12,-82.73882969802135,1,-7.808756080935194
7814,98,12,-244.6224017175923,20,-238.4808810119756
7815,61,12,-145.41736476856974,12,-145.41736476856974
7816,1,12,-82.6035744145978,1,-6.9851980409108565
7817,43,12,-113.8202034116098,6,-98.67466336494121
7818,16,12,-86.91362107098472,1,-33.19107800413937
7819,39,12,-108.28184885147208,6,-88.50324560744662
7820,17,12,-87.4712850103148,3,-36.095815994462484
7821,52,12,-128.2539228413562,6,-125.177939579655
7822,52,12,-128.2539228413562,6,-125.177939579655
7823,7,12,-83.41503688796908,1,-11.923979800667436
7824,18,12,-88.0627272398999,3,-37.96561375881964
7825,21,12,-90.03970135905276,3,-44.21475244382181
7826,22,12,-90.76623443917929,3,-46.51097281076241
7827,30,12,-97.79392861672859,3,-68.71466132418306
7828,68,12,-160.6528851776278,12,-160.6528851776278
7829,95,12,-234.86374178545628,20,-232.40560631336535
7830,3,12,-82.73882969802135,1,-7.808756080935194
7831,49,12,-123.13930036828388,6,-115.78718783779036
7832,9,12,-83.95595306941537,1,-15.214321990937147
7833,9,12,-83.95595306941537,1,-15.214321990937147
7834,34,12,-102.11783014653936,6,-77.18136743158533
7835,94,12,-231.6780614823333,20,-230.42240386096492
7836,76,12,-180.08474406613544,12,-180.08474406613544
7837,48,12,-121.50183715622016,6,-112.7805402942011
7838,49,12,-123.13930036828388,6,-115.78718783779036
7839,8,12,-83.66859579030925,1,-13.466492256876304
7840,24,12,-92.32059977591312,3,-51.42304101039932
7841,36,12,-104.48223209634578,6,-81.52441352950547
7842,9,12,-83.95595306941537,1,-15.214321990937147
7843,6,12,-83.19527859488348,1,-10.586867266464079
7844,8,12,-83.66859579030925,1,-13.466492256876304
7845,81,12,-193.3232515767758,12,-193.3232515767758
7846,73,12,-172.54538426876832,12,-172.54538426876832
7847,57,12,-137.45226948237894,12,-137.45226948237894
7848,1,12,-82.6035744145978,1,-6.9851980409108565
7849,36,12,-104.48223209634578,6,-81.52441352950547
7850,0,12,-82.58666666666669,1,-6.8822222222222225
7851,58,12,-139.39301515084207,12,-139.39301515084207
7852,41,12,-110.98357657528959,6,-93.46522121489485
7853,78,12,-185.27922201012348,12,-185.27922201012348
7854,54,12,-131.832176252549,6,-131.7473732422173
7855,91,12,-222.3226706914009,12,-222.3226706914009
7856,26,12,-94.01001581178649,3,-56.76113061721671
7857,34,12,-102.11783014653936,6,-77.18136743158533
7858,69,12,-162.96406455953235,12,-162.96406455953235
7859,7,12,-83.41503688796908,1,-11.923979800667436
7860,82,12,-196.07186924674602,12,-196.07186924674602
7861,15,12,-86.38973765322098,1,-30.008338880137654
7862,29,12,-96.79732089859871,3,-65.56666537455592
7863,80,12,-190.60826966535672,12,-190.60826966535672
7864,61,12,-145.41736476856974,12,-145.41736476856974
7865,50,12,-124.81047053779731,6,-118.85564190652914
7866,3,12,-82.73882969802135,1,-7.808756080935194
7867,49,12,-123.13930036828388,6,-115.78718783779036
7868,69,12,-162.96406455953235,12,-162.96406455953235
7869,90,12,-219.27143120512085,12,-219.27143120512085
7870,34,12,-102.11783014653936,6,-77.18136743158533
7871,97,12,-241.33591412399238,20,-236.43484574939123
7872,88,12,-213.26980172825859,12,-213.26980172825859
7873,53,12,-130.0262005218131,6,-128.43176816621013
7874,42,12,-112.38502871842148,6,-96.03901273050752
7875,34,12,-102.11783014653936,6,-77.18136743158533
7876,74,12,-175.02485362057575,12,-175.02485362057575
7877,66,12,-156.13152263937536,12,-156.13152263937536
7878,65,12,-153.92134393244743,12,-153.92134393244743
7879,64,12,-151.74483656681207,12,-151.74483656681207
7880,43,12,-113.8202034116098,6,-98.67466336494121
7881,11,12,-84.63205382862074,1,-19.32560286376086
7882,71,12,-167.68740842638795,12,-167.68740842638795
7883,35,12,-103.28316204691019,6,-79.32193460441326
7884,17,12,-87.4712850103148,3,-36.095815994462484
7885,72,12,-170.09956846271837,12,-170.09956846271837
7886,37,12,-105.71503806602566,6,-83.78879668536612
7887,32,12,-99.88838970893231,6,-73.08599843278336
7888,65,12,-153.92134393244743,12,-153.92134393244743
7889,4,12,-82.85717276709248,1,-8.529172688515441
7890,81,12,-193.3232515767758,12,-193.3232515767758
7891,92,12,-225.4075237139973,12,-225.4075237139973
7892,59,12,-141.367447738551,12,-141.367447738551
7893,95,12,-234.86374178545628,20,-232.40560631336535
7894,81,12,-193.3232515767758,12,-193.3232515767758
7895,36,12,-104.48223209634578,6,-81.52441352950547
7896,64,12,-151.74483656681207,12,-151.74483656681207
7897,83,12,-198.854120452488,12,-198.854120452488
7898,25,12,-93.14842757160632,3,-54.03884427687615
7899,29,12,-96.79732089859871,3,-65.56666537455592
7900,7,12,-83.41503688796908,1,-11.923979800667436
7901,90,12,-219.27143120512085,12,-219.27143120512085
7902,6,12,-83.19527859488348,1,-10.586867266464079
7903,31,12,-98.82428562999917,6,-71.1312116538696
7904,59,12,-141.367447738551,12,-141.367447738551
7905,67,12,-158.37537046268577,12,-158.37537046268577
7906,4,12,-82.85717276709248,1,-8.529172688515441
7907,1,12,-82.6035744145978,1,-6.9851980409108565
7908,76,12,-180.08474406613544,12,-180.08474406613544
7909,8,12,-83.66859579030925,1,-13.466492256876304
7910,63,12,-149.60200276748782,12,-149.60200276748782
7911,33,12,-100.9862386241835,6,-75.10271953333199
7912,33,12,-100.9862386241835,6,-75.10271953333199
7913,29,12,-96.79732089859871,3,-65.56666537455592
7914,29,12,-96.79732089859871,3,-65.56666537455592
7915,86,12,-207.4026530580665,12,-207.4026530580665
7916,63,12,-149.60200276748782,12,-149.60200276748782
7917,25,12,-93.14842757160632,3,-54.03884427687615
7918,93,12,-228.5259880514485,20,-228.46014739973276
7919,56,12,-135.54521295910172,12,-135.54521295910172
7920,67,12,-158.37537046268577,12,-158.37537046268577
7921,91,12,-222.3226706914009,12,-222.3226706914009
7922,40,12,-109.61584921025063,6,-90.95329633472858
7923,13,12,-85.44332130828904,1,-24.257161856809045
7924,90,12,-219.27143120512085,12,-219.27143120512085
7925,44,12,-115.28909842694712,6,-101.37216560238318
7926,24,12,-92.32059977591312,3,-51.42304101039932
7927,98,12,-244.6224017175923,20,-238.4808810119756
7928,48,12,-121.50183715622016,6,-112.7805402942011
7929,25,12,-93.14842757160632,3,-54.03884427687615
7930,60,12,-143.3755650196889,12,-143.3755650196889
7931,37,12,-105.71503806602566,6,-83.78879668536612
7932,31,12,-98.82428562999917,6,-71.1312116538696
7933,15,12,-86.38973765322098,1,-30.008338880137654
7934,86,12,-207.4026530580665,12,-207.4026530580665
7935,97,12,-241.33591412399238,20,-236.43484574939123
7936,11,12,-84.63205382862074,1,-19.32560286376086
7937,17,12,-87.4712850103148,3,-36.095815994462484
7938,28,12,-95.83446470521845,3,-62.525063432602536
7939,43,12,-113.8202034116098,6,-98.67466336494121
7940,20,12,-89.34693764525149,3,-42.025104283182344
7941,36,12,-104.48223209634578,6,-81.52441352950547
7942,8,12,-83.66859579030925,1,-13.466492256876304
7943,47,12,-119.89808312874094,6,-109.83570678670114
7944,5,12,-83.00932314367421,1,-9.455237327983067
7945,30,12,-97.79392861672859,3,-68.71466132418306
7946,60,12,-143.3755650196889,12,-143.3755650196889
7947,51,12,-126.51534543777501,6,-121.9858949902555
7948,47,12,-119.89808312874094,6,-109.83570678670114
7949,51,12,-126.51534543777501,6,-121.9858949902555
7950,2,12,-82.65429616947476,1,-7.294070267709967
7951,84,12,-201.67000297128635,12,-201.67000297128635
7952,88,12,-213.26980172825859,12,-213.26980172825859
7953,13,12,-85.44332130828904,1,-24.257161856809045
7954,62,12,-147.492844759646,12,-147.492844759646
7955,83,12,-198.854120452488,12,-198.854120452488
7956,33,12,-100.9862386241835,6,-75.10271953333199
7957,38,12,-106.98157772725399,6,-86.11507655130762
7958,92,12,-225.4075237139973,12,-225.4075237139973
7959,80,12,-190.60826966535672,12,-190.60826966535672
7960,19,12,-88.68794552856191,3,-39.9420506223111
7961,36,12,-104.48223209634578,6,-81.52441352950547
7962,15,12,-86.38973765322098,1,-30.008338880137654
7963,37,12,-105.71503806602566,6,-83.78879668536612
7964,10,12,-84.27710649292833,1,-17.167386388250772
7965,51,12,-126.51534543777501,6,-121.9858949902555
7966,19,12,-88.68794552856191,3,-39.9420506223111
7967,53,12,-130.0262005218131,6,-128.43176816621013
7968,41,12,-110.98357657528959,6,-93.46522121489485
7969,9,12,-83.95595306941537,1,-15.214321990937147
7970,77,12,-182.66516071256729,12,-182.66516071256729
7971,73,12,-172.54538426876832,12,-172.54538426876832
7972,29,12,-96.79732089859871,3,-65.56666537455592
7973,65,12,-153.92134393244743,12,-153.92134393244743
7974,55,12,-133.67184780709107,12,-133.67184780709107
7975,83,12,-198.854120452488,12,-198.854120452488
7976,96,12,-238.08302673965238,20,-234.40975389635224
7977,34,12,-102.11783014653936,6,-77.18136743158533
7978,58,12,-139.39301515084207,12,-139.39301515084207
7979,30,12,-97.79392861672859,3,-68.71466132418306
7980,53,12,-130.0262005218131,6,-128.43176816621013
7981,36,12,-104.48223209634578,6,-81.52441352950547
7982,26,12,-94.01001581178649,3,-56.76113061721671
7983,40,12,-109.61584921025063,6,-90.95329633472858
7984,0,12,-82.58666666666669,1,-6.8822222222222225
7985,17,12,-87.4712850103148,3,-36.095815994462484
7986,58,12,-139.39301515084207,12,-139.39301515084207
7987,95,12,-234.86374178545628,20,-232.40560631336535
7988,87,12,-210.3194161813455,12,-210.3194161813455
7989,32,12,-99.88838970893231,6,-73.08599843278336
7990,17,12,-87.4712850103148,3,-36.095815994462484
7991,71,12,-167.68740842638795,12,-167.68740842638795
7992,7,12,-83.41503688796908,1,-11.923979800667436
7993,53,12,-130.0262005218131,6,-128.43176816621013
7994,16,12,-86.91362107098472,1,-33.19107800413937
7995,30,12,-97.79392861672859,3,-68.71466132418306
7996,30,12,-97.79392861672859,3,-68.71466132418306
7997,34,12,-102.11783014653936,6,-77.18136743158533
7998,25,12,-93.14842757160632,3,-54.03884427687615
7999,82,12,-196.07186924674602,12,-196.07186924674602
8000,73,12,-172.54538426876832,12,-172.54538426876832
8001,82,12,-196.07186924674602,12,-196.07186924674602
8002,20,12,-89.34693764525149,3,-42.025104283182344
8003,57,12,-137.45226948237894,12,-137.45226948237894
8004,76,12,-180.08474406613544,12,-180.08474406613544
8005,15,12,-86.38973765322098,1,-30.008338880137654
8006,85,12,-204.51951458063076,12,-204.51951458063076
8007,42,12,-112.38502871842148,6,-96.03901273050752
8008,38,12,-106.98157772725399,6,-86.11507655130762
8009,21,12,-90.03970135905276,3,-44.21475244382181
8010,11,12,-84.63205382862074,1,-19.32560286376086
8011,69,12,-162.96406455953235,12,-162.96406455953235
8012,85,12,-204.51951458063076,12,-204.51951458063076
8013,86,12,-207.4026530580665,12,-207.4026530580665
8014,90,12,-219.27143120512085,12,-219.27143120512085
8015,17,12,-87.4712850103148,3,-36.095815994462484
8016,72,12,-170.09956846271837,12,-170.09956846271837
8017,17,12,-87.4712850103148,3,-36.095815994462484
8018,21,12,-90.03970135905276,3,-44.21475244382181
8019,51,12,-126.51534543777501,6,-121.9858949902555
8020,2,12,-82.65429616947476,1,-7.294070267709967
8021,58,12,-139.39301515084207,12,-139.39301515084207
8022,58,12,-139.39301515084207,12,-139.39301515084207
8023,48,12,-121.50183715622016,6,-112.7805402942011
8024,41,12,-110.98357657528959,6,-93.46522121489485
8025,29,12,-96.79732089859871,3,-65.56666537455592
8026,89,12,-216.25380747683084,12,-216.25380747683084
8027,83,12,-198.854120452488,12,-198.854120452488
8028,96,12,-238.08302673965238,20,-234.40975389635224
8029,76,12,-180.08474406613544,12,-180.08474406613544
8030,49,12,-123.13930036828388,6,-115.78718783779036
8031,47,12,-119.89808312874094,6,-109.83570678670114
8032,38,12,-106.98157772725399,6,-86.11507655130762
8033,44,12,-115.28909842694712,6,-101.37216560238318
8034,81,12,-193.3232515767758,12,-193.3232515767758
8035,29,12,-96.79732089859871,3,-65.56666537455592
8036,68,12,-160.6528851776278,12,-160.6528851776278
8037,22,12,-90.76623443917929,3,-46.51097281076241
8038,78,12,-185.27922201012348,12,-185.27922201012348
8039,36,12,-104.48223209634578,6,-81.52441352950547
8040,49,12,-123.13930036828388,6,-115.78718783779036
8041,80,12,-190.60826966535672,12,-190.60826966535672
8042,79,12,-187.92692573545764,12,-187.92692573545764
8043,31,12,-98.82428562999917,6,-71.1312116538696
8044,17,12,-87.4712850103148,3,-36.095815994462484
8045,64,12,-151.74483656681207,12,-151.74483656681207
8046,15,12,-86.38973765322098,1,-30.008338880137654
8047,66,12,-156.13152263937536,12,-156.13152263937536
8048,93,12,-228.5259880514485,20,-228.46014739973276
8049,45,12,-116.79171153665492,6,-104.13151192781399
8050,58,12,-139.39301515084207,12,-139.39301515084207
8051,34,12,-102.11783014653936,6,-77.18136743158533
8052,77,12,-182.66516071256729,12,-182.66516071256729
8053,50,12,-124.81047053779731,6,-118.85564190652914
8054,94,12,-231.6780614823333,20,-230.42240386096492
8055,67,12,-158.37537046268577,12,-158.37537046268577
8056,97,12,-241.33591412399238,20,-236.43484574939123
8057,54,12,-131.832176252549,6,-131.7473732422173
8058,99,12,-247.94248729970576,20,-240.54785882360903
8059,59,12,-141.367447738551,12,-141.367447738551
8060,19,12,-88.68794552856191,3,-39.9420506223111
8061,4,12,-82.85717276709248,1,-8.529172688515441
8062,75,12,-177.53797429426584,12,-177.53797429426584
8063,50,12,-124.81047053779731,6,-118.85564190652914
8064,37,12,-105.71503806602566,6,-83.78879668536612
8065,78,12,-185.27922201012348,12,-185.27922201012348
8066,47,12,-119.89808312874094,6,-109.83570678670114
8067,76,12,-180.08474406613544,12,-180.08474406613544
8068,42,12,-112.38502871842148,6,-96.03901273050752
8069,49,12,-123.13930036828388,6,-115.78718783779036
8070,28,12,-95.83446470521845,3,-62.525063432602536
8071,84,12,-201.67000297128635,12,-201.67000297128635
8072,96,12,-238.08302673965238,20,-234.40975389635224
8073,6,12,-83.19527859488348,1,-10.586867266464079
8074,78,12,-185.27922201012348,12,-185.27922201012348
8075,56,12,-135.54521295910172,12,-135.54521295910172
8076,56,12,-135.54521295910172,12,-135.54521295910172
8077,45,12,-116.79171153665492,6,-104.13151192781399
8078,2,12,-82.65429616947476,1,-7.294070267709967
8079,52,12,-128.2539228413562,6,-125.177939579655
8080,73,12,-172.54538426876832,12,-172.54538426876832
8081,27,12,-94.90536226632408,3,-59.5898777586643
8082,93,12,-228.5259880514485,20,-228.46014739973276
8083,34,12,-102.11783014653936,6,-77.18136743158533
8084,5,12,-83.00932314367421,1,-9.455237327983067
8085,56,12,-135.54521295910172,12,-135.54521295910172
8086,24,12,-92.32059977591312,3,-51.42304101039932
8087,42,12,-112.38502871842148,6,-96.03901273050752
8088,45,12,-116.79171153665492,6,-104.13151192781399
8089,74,12,-175.02485362057575,12,-175.02485362057575
8090,12,12,-85.02079284439587,1,-21.68888886194659
8091,4,12,-82.85717276709248,1,-8.529172688515441
8092,97,12,-241.33591412399238,20,-236.43484574939123
8093,36,12,-104.48223209634578,6,-81.52441352950547
8094,93,12,-228.5259880514485,20,-228.46014739973276
8095,38,12,-106.98157772725399,6,-86.11507655130762
8096,74,12,-175.02485362057575,12,-175.02485362057575
8097,42,12,-112.38502871842148,6,-96.03901273050752
8098,35,12,-103.28316204691019,6,-79.32193460441326
8099,98,12,-244.6224017175923,20,-238.4808810119756
8100,58,12,-139.39301515084207,12,-139.39301515084207
8101,76,12,-180.08474406613544,12,-180.08474406613544
8102,21,12,-90.03970135905276,3,-44.21475244382181
8103,70,12,-165.30890638391594,12,-165.30890638391594
8104,95,12,-234.86374178545628,20,-232.40560631336535
8105,12,12,-85.02079284439587,1,-21.68888886194659
8106,42,12,-112.38502871842148,6,-96.03901273050752
8107,66,12,-156.13152263937536,12,-156.13152263937536
8108,51,12,-126.51534543777501,6,-121.9858949902555
8109,23,12,-91.52653465497364,3,-48.91374309468091
8110,24,12,-92.32059977591312,3,-51.42304101039932
8111,74,12,-175.02485362057575,12,-175.02485362057575
8112,75,12,-177.53797429426584,12,-177.53797429426584
8113,54,12,-131.832176252549,6,-131.7473732422173
8114,53,12,-130.0262005218131,6,-128.43176816621013
8115,68,12,-160.6528851776278,12,-160.6528851776278
8116,98,12,-244.6224017175923,20,-238.4808810119756
8117,81,12,-193.3232515767758,12,-193.3232515767758
8118,68,12,-160.6528851776278,12,-160.6528851776278
8119,26,12,-94.01001581178649,3,-56.76113061721671
8120,40,12,-109.61584921025063,6,-90.95329633472858
8121,7,12,-83.41503688796908,1,-11.923979800667436
8122,2,12,-82.65429616947476,1,-7.294070267709967
8123,98,12,-244.6224017175923,20,-238.4808810119756
8124,97,12,-241.33591412399238,20,-236.43484574939123
8125,43,12,-113.8202034116098,6,-98.67466336494121
8126,84,12,-201.67000297128635,12,-201.67000297128635
8127,29,12,-96.79732089859871,3,-65.56666537455592
8128,66,12,-156.13152263937536,12,-156.13152263937536
8129,78,12,-185.27922201012348,12,-185.27922201012348
8130,74,12,-175.02485362057575,12,-175.02485362057575
8131,76,12,-180.08474406613544,12,-180.08474406613544
8132,90,12,-219.27143120512085,12,-219.27143120512085
8133,46,12,-118.32804051309115,6,-106.95269482704867
8134,39,12,-108.28184885147208,6,-88.50324560744662
8135,53,12,-130.0262005218131,6,-128.43176816621013
8136,14,12,-85.8996369884651,1,-27.0303393518663
8137,30,12,-97.79392861672859,3,-68.71466132418306
8138,67,12,-158.37537046268577,12,-158.37537046268577
8139,78,12,-185.27922201012348,12,-185.27922201012348
8140,21,12,-90.03970135905276,3,-44.21475244382181
8141,36,12,-104.48223209634578,6,-81.52441352950547
8142,69,12,-162.96406455953235,12,-162.96406455953235
8143,40,12,-109.61584921025063,6,-90.95329633472858
8144,16,12,-86.91362107098472,1,-33.19107800413937
8145,7,12,-83.41503688796908,1,-11.923979800667436
8146,84,12,-201.67000297128635,12,-201.67000297128635
8147,19,12,-88.68794552856191,3,-39.9420506223111
8148,2,12,-82.65429616947476,1,-7.294070267709967
8149,60,12,-143.3755650196889,12,-143.3755650196889
8150,32,12,-99.88838970893231,6,-73.08599843278336
8151,99,12,-247.94248729970576,20,-240.54785882360903
8152,18,12,-88.0627272398999,3,-37.96561375881964
8153,51,12,-126.51534543777501,6,-121.9858949902555
8154,47,12,-119.89808312874094,6,-109.83570678670114
8155,61,12,-145.41736476856974,12,-145.41736476856974
8156,17,12,-87.4712850103148,3,-36.095815994462484
8157,66,12,-156.13152263937536,12,-156.13152263937536
8158,54,12,-131.832176252549,6,-131.7473732422173
8159,9,12,-83.95595306941537,1,-15.214321990937147
8160,42,12,-112.38502871842148,6,-96.03901273050752
8161,70,12,-165.30890638391594,12,-165.30890638391594
8162,21,12,-90.03970135905276,3,-44.21475244382181
8163,49,12,-123.13930036828388,6,-115.78718783779036
8164,45,12,-116.79171153665492,6,-104.13151192781399
8165,7,12,-83.41503688796908,1,-11.923979800667436
8166,85,12,-204.51951458063076,12,-204.51951458063076
8167,73,12,-172.54538426876832,12,-172.54538426876832
8168,89,12,-216.25380747683084,12,-216.25380747683084
8169,18,12,-88.0627272398999,3,-37.96561375881964
8170,60,12,-143.3755650196889,12,-143.3755650196889
8171,71,12,-167.68740842638795,12,-167.68740842638795
8172,78,12,-185.27922201012348,12,-185.27922201012348
8173,4,12,-82.85717276709248,1,-8.529172688515441
8174,92,12,-225.4075237139973,12,-225.4075237139973
8175,83,12,-198.854120452488,12,-198.854120452488
8176,73,12,-172.54538426876832,12,-172.54538426876832
8177,91,12,-222.3226706914009,12,-222.3226706914009
8178,20,12,-89.34693764525149,3,-42.025104283182344
8179,66,12,-156.13152263937536,12,-156.13152263937536
8180,13,12,-85.44332130828904,1,-24.257161856809045
8181,61,12,-145.41736476856974,12,-145.41736476856974
8182,96,12,-238.08302673965238,20,-234.40975389635224
8183,15,12,-86.38973765322098,1,-30.008338880137654
8184,50,12,-124.81047053779731,6,-118.85564190652914
8185,53,12,-130.0262005218131,6,-128.43176816621013
8186,69,12,-162.96406455953235,12,-162.96406455953235
8187,76,12,-180.08474406613544,12,-180.08474406613544
8188,42,12,-112.38502871842148,6,-96.03901273050752
8189,37,12,-105.71503806602566,6,-83.78879668536612
8190,5,12,-83.00932314367421,1,-9.455237327983067
8191,52,12,-128.2539228413562,6,-125.177939579655
8192,60,12,-143.3755650196889,12,-143.3755650196889
8193,59,12,-141.367447738551,12,-141.367447738551
8194,30,12,-97.79392861672859,3,-68.71466132418306
8195,7,12,-83.41503688796908,1,-11.923979800667436
8196,84,12,-201.67000297128635,12,-201.67000297128635
8197,83,12,-198.854120452488,12,-198.854120452488
8198,34,12,-102.11783014653936,6,-77.18136743158533
8199,26,12,-94.01001581178649,3,-56.76113061721671
8200,39,12,-108.28184885147208,6,-88.50324560744662
8201,75,12,-177.53797429426584,12,-177.53797429426584
8202,82,12,-196.07186924674602,12,-196.07186924674602
8203,17,12,-87.4712850103148,3,-36.095815994462484
8204,64,12,-151.74483656681207,12,-151.74483656681207
8205,61,12,-145.41736476856974,12,-145.41736476856974
8206,54,12,-131.832176252549,6,-131.7473732422173
8207,4,12,-82.85717276709248,1,-8.529172688515441
8208,80,12,-190.60826966535672,12,-190.60826966535672
8209,56,12,-135.54521295910172,12,-135.54521295910172
8210,89,12,-216.25380747683084,12,-216.25380747683084
8211,97,12,-241.33591412399238,20,-236.43484574939123
8212,28,12,-95.83446470521845,3,-62.525063432602536
8213,98,12,-244.6224017175923,20,-238.4808810119756
8214,17,12,-87.4712850103148,3,-36.095815994462484
8215,7,12,-83.41503688796908,1,-11.923979800667436
8216,43,12,-113.8202034116098,6,-98.67466336494121
8217,64,12,-151.74483656681207,12,-151.74483656681207
8218,49,12,-123.13930036828388,6,-115.78718783779036
8219,72,12,-170.09956846271837,12,-170.09956846271837
8220,84,12,-201.67000297128635,12,-201.67000297128635
8221,1,12,-82.6035744145978,1,-6.9851980409108565
8222,27,12,-94.90536226632408,3,-59.5898777586643
8223,43,12,-113.8202034116098,6,-98.67466336494121
8224,58,12,-139.39301515084207,12,-139.39301515084207
8225,15,12,-86.38973765322098,1,-30.008338880137654
8226,52,12,-128.2539228413562,6,-125.177939579655
8227,9,12,-83.95595306941537,1,-15.214321990937147
8228,24,12,-92.32059977591312,3,-51.42304101039932
8229,72,12,-170.09956846271837,12,-170.09956846271837
8230,89,12,-216.25380747683084,12,-216.25380747683084
8231,99,12,-247.94248729970576,20,-240.54785882360903
8232,46,12,-118.32804051309115,6,-106.95269482704867
8233,91,12,-222.3226706914009,12,-222.3226706914009
8234,98,12,-244.6224017175923,20,-238.4808810119756
8235,45,12,-116.79171153665492,6,-104.13151192781399
8236,65,12,-153.92134393244743,12,-153.92134393244743
8237,54,12,-131.832176252549,6,-131.7473732422173
8238,72,12,-170.09956846271837,12,-170.09956846271837
8239,79,12,-187.92692573545764,12,-187.92692573545764
8240,24,12,-92.32059977591312,3,-51.42304101039932
8241,8,12,-83.66859579030925,1,-13.466492256876304
8242,17,12,-87.4712850103148,3,-36.095815994462484
8243,39,12,-108.28184885147208,6,-88.50324560744662
8244,84,12,-201.67000297128635,12,-201.67000297128635
8245,6,12,-83.19527859488348,1,-10.586867266464079
8246,46,12,-118.32804051309115,6,-106.95269482704867
8247,82,12,-196.07186924674602,12,-196.07186924674602
8248,26,12,-94.01001581178649,3,-56.76113061721671
8249,79,12,-187.92692573545764,12,-187.92692573545764
8250,7,12,-83.41503688796908,1,-11.923979800667436
8251,1,12,-82.6035744145978,1,-6.9851980409108565
8252,28,12,-95.83446470521845,3,-62.525063432602536
8253,16,12,-86.91362107098472,1,-33.19107800413937
8254,29,12,-96.79732089859871,3,-65.56666537455592
8255,76,12,-180.08474406613544,12,-180.08474406613544
8256,97,12,-241.33591412399238,20,-236.43484574939123
8257,1,12,-82.6035744145978,1,-6.9851980409108565
8258,29,12,-96.79732089859871,3,-65.56666537455592
8259,46,12,-118.32804051309115,6,-106.95269482704867
8260,94,12,-231.6780614823333,20,-230.42240386096492
8261,81,12,-193.3232515767758,12,-193.3232515767758
8262,5,12,-83.00932314367421,1,-9.455237327983067
8263,21,12,-90.03970135905276,3,-44.21475244382181
8264,5,12,-83.00932314367421,1,-9.455237327983067
8265,88,12,-213.26980172825859,12,-213.26980172825859
8266,15,12,-86.38973765322098,1,-30.008338880137654
8267,54,12,-131.832176252549,6,-131.7473732422173
8268,45,12,-116.79171153665492,6,-104.13151192781399
8269,87,12,-210.3194161813455,12,-210.3194161813455
8270,47,12,-119.89808312874094,6,-109.83570678670114
8271,85,12,-204.51951458063076,12,-204.51951458063076
8272,42,12,-112.38502871842148,6,-96.03901273050752
8273,22,12,-90.76623443917929,3,-46.51097281076241
8274,32,12,-99.88838970893231,6,-73.08599843278336
8275,73,12,-172.54538426876832,12,-172.54538426876832
8276,92,12,-225.4075237139973,12,-225.4075237139973
8277,59,12,-141.367447738551,12,-141.367447738551
8278,47,12,-119.89808312874094,6,-109.83570678670114
8279,28,12,-95.83446470521845,3,-62.525063432602536
8280,10,12,-84.27710649292833,1,-17.167386388250772
8281,21,12,-90.03970135905276,3,-44.21475244382181
8282,75,12,-177.53797429426584,12,-177.53797429426584
8283,19,12,-88.68794552856191,3,-39.9420506223111
8284,79,12,-187.92692573545764,12,-187.92692573545764
8285,9,12,-83.95595306941537,1,-15.214321990937147
8286,24,12,-92.32059977591312,3,-51.42304101039932
8287,49,12,-123.13930036828388,6,-115.78718783779036
8288,50,12,-124.81047053779731,6,-118.85564190652914
8289,52,12,-128.2539228413562,6,-125.177939579655
8290,83,12,-198.854120452488,12,-198.854120452488
8291,14,12,-85.8996369884651,1,-27.0303393518663
8292,31,12,-98.82428562999917,6,-71.1312116538696
8293,70,12,-165.30890638391594,12,-165.30890638391594
8294,29,12,-96.79732089859871,3,-65.56666537455592
8295,37,12,-105.71503806602566,6,-83.78879668536612
8296,45,12,-116.79171153665492,6,-104.13151192781399
8297,92,12,-225.4075237139973,12,-225.4075237139973
8298,80,12,-190.60826966535672,12,-190.60826966535672
8299,58,12,-139.39301515084207,12,-139.39301515084207
8300,5,12,-83.00932314367421,1,-9.455237327983067
8301,82,12,-196.07186924674602,12,-196.07186924674602
8302,49,12,-123.13930036828388,6,-115.78718783779036
8303,81,12,-193.3232515767758,12,-193.3232515767758
8304,33,12,-100.9862386241835,6,-75.10271953333199
8305,90,12,-219.27143120512085,12,-219.27143120512085
8306,87,12,-210.3194161813455,12,-210.3194161813455
8307,50,12,-124.81047053779731,6,-118.85564190652914
8308,16,12,-86.91362107098472,1,-33.19107800413937
8309,85,12,-204.51951458063076,12,-204.51951458063076
8310,45,12,-116.79171153665492,6,-104.13151192781399
8311,44,12,-115.28909842694712,6,-101.37216560238318
8312,21,12,-90.03970135905276,3,-44.21475244382181
8313,47,12,-119.89808312874094,6,-109.83570678670114
8314,26,12,-94.01001581178649,3,-56.76113061721671
8315,46,12,-118.32804051309115,6,-106.95269482704867
8316,90,12,-219.27143120512085,12,-219.27143120512085
8317,4,12,-82.85717276709248,1,-8.529172688515441
8318,38,12,-106.98157772725399,6,-86.11507655130762
8319,77,12,-182.66516071256729,12,-182.66516071256729
8320,73,12,-172.54538426876832,12,-172.54538426876832
8321,70,12,-165.30890638391594,12,-165.30890638391594
8322,35,12,-103.28316204691019,6,-79.32193460441326
8323,12,12,-85.02079284439587,1,-21.68888886194659
8324,5,12,-83.00932314367421,1,-9.455237327983067
8325,95,12,-234.86374178545628,20,-232.40560631336535
8326,56,12,-135.54521295910172,12,-135.54521295910172
8327,28,12,-95.83446470521845,3,-62.525063432602536
8328,82,12,-196.07186924674602,12,-196.07186924674602
8329,62,12,-147.492844759646,12,-147.492844759646
8330,89,12,-216.25380747683084,12,-216.25380747683084
8331,92,12,-225.4075237139973,12,-225.4075237139973
8332,99,12,-247.94248729970576,20,-240.54785882360903
8333,15,12,-86.38973765322098,1,-30.008338880137654
8334,95,12,-234.86374178545628,20,-232.40560631336535
8335,47,12,-119.89808312874094,6,-109.83570678670114
8336,35,12,-103.28316204691019,6,-79.32193460441326
8337,92,12,-225.4075237139973,12,-225.4075237139973
8338,95,12,-234.86374178545628,20,-232.40560631336535
8339,11,12,-84.63205382862074,1,-19.32560286376086
8340,25,12,-93.14842757160632,3,-54.03884427687615
8341,18,12,-88.0627272398999,3,-37.96561375881964
8342,96,12,-238.08302673965238,20,-234.40975389635224
8343,60,12,-143.3755650196889,12,-143.3755650196889
8344,99,12,-247.94248729970576,20,-240.54785882360903
8345,90,12,-219.27143120512085,12,-219.27143120512085
8346,51,12,-126.51534543777501,6,-121.9858949902555
8347,94,12,-231.6780614823333,20,-230.42240386096492
8348,68,12,-160.6528851776278,12,-160.6528851776278
8349,43,12,-113.8202034116098,6,-98.67466336494121
8350,14,12,-85.8996369884651,1,-27.0303393518663
8351,5,12,-83.00932314367421,1,-9.455237327983067
8352,96,12,-238.08302673965238,20,-234.40975389635224
8353,0,12,-82.58666666666669,1,-6.8822222222222225
8354,46,12,-118.32804051309115,6,-106.95269482704867
8355,4,12,-82.85717276709248,1,-8.529172688515441
8356,61,12,-145.41736476856974,12,-145.41736476856974
8357,21,12,-90.03970135905276,3,-44.21475244382181
8358,84,12,-201.67000297128635,12,-201.67000297128635
8359,50,12,-124.81047053779731,6,-118.85564190652914
8360,14,12,-85.8996369884651,1,-27.0303393518663
8361,55,12,-133.67184780709107,12,-133.67184780709107
8362,69,12,-162.96406455953235,12,-162.96406455953235
8363,12,12,-85.02079284439587,1,-21.68888886194659
8364,57,12,-137.45226948237894,12,-137.45226948237894
8365,3,12,-82.73882969802135,1,-7.808756080935194
8366,29,12,-96.79732089859871,3,-65.56666537455592
8367,33,12,-100.9862386241835,6,-75.10271953333199
8368,48,12,-121.50183715622016,6,-112.7805402942011
8369,37,12,-105.71503806602566,6,-83.78879668536612
8370,18,12,-88.0627272398999,3,-37.96561375881964
8371,73,12,-172.54538426876832,12,-172.54538426876832
8372,36,12,-104.48223209634578,6,-81.52441352950547
8373,67,12,-158.37537046268577,12,-158.37537046268577
8374,5,12,-83.00932314367421,1,-9.455237327983067
8375,60,12,-143.3755650196889,12,-143.3755650196889
8376,63,12,-149.60200276748782,12,-149.60200276748782
8377,72,12,-170.09956846271837,12,-170.09956846271837
8378,73,12,-172.54538426876832,12,-172.54538426876832
8379,17,12,-87.4712850103148,3,-36.095815994462484
8380,87,12,-210.3194161813455,12,-210.3194161813455
8381,67,12,-158.37537046268577,12,-158.37537046268577
8382,3,12,-82.73882969802135,1,-7.808756080935194
8383,69,12,-162.96406455953235,12,-162.96406455953235
8384,44,12,-115.28909842694712,6,-101.37216560238318
8385,75,12,-177.53797429426584,12,-177.53797429426584
8386,41,12,-110.98357657528959,6,-93.46522121489485
8387,62,12,-147.492844759646,12,-147.492844759646
8388,43,12,-113.8202034116098,6,-98.67466336494121
8389,79,12,-187.92692573545764,12,-187.92692573545764
8390,94,12,-231.6780614823333,20,-230.42240386096492
8391,0,12,-82.58666666666669,1,-6.8822222222222225
8392,16,12,-86.91362107098472,1,-33.19107800413937
8393,33,12,-100.9862386241835,6,-75.10271953333199
8394,45,12,-116.79171153665492,6,-104.13151192781399
8395,43,12,-113.8202034116098,6,-98.67466336494121
8396,71,12,-167.68740842638795,12,-167.68740842638795
8397,81,12,-193.3232515767758,12,-193.3232515767758
8398,37,12,-105.71503806602566,6,-83.78879668536612
8399,41,12,-110.98357657528959,6,-93.46522121489485
8400,38,12,-106.98157772725399,6,-86.11507655130762
8401,35,12,-103.28316204691019,6,-79.32193460441326
8402,49,12,-123.13930036828388,6,-115.78718783779036
8403,81,12,-193.3232515767758,12,-193.3232515767758
8404,15,12,-86.38973765322098,1,-30.008338880137654
8405,54,12,-131.832176252549,6,-131.7473732422173
8406,42,12,-112.38502871842148,6,-96.03901273050752
8407,89,12,-216.25380747683084,12,-216.25380747683084
8408,72,12,-170.09956846271837,12,-170.09956846271837
8409,45,12,-116.79171153665492,6,-104.13151192781399
8410,45,12,-116.79171153665492,6,-104.13151192781399
8411,15,12,-86.38973765322098,1,-30.008338880137654
8412,62,12,-147.492844759646,12,-147.492844759646
8413,52,12,-128.2539228413562,6,-125.177939579655
8414,35,12,-103.28316204691019,6,-79.32193460441326
8415,98,12,-244.6224017175923,20,-238.4808810119756
8416,56,12,-135.54521295910172,12,-135.54521295910172
8417,1,12,-82.6035744145978,1,-6.9851980409108565
8418,99,12,-247.94248729970576,20,-240.54785882360903
8419,55,12,-133.67184780709107,12,-133.67184780709107
8420,92,12,-225.4075237139973,12,-225.4075237139973
8421,27,12,-94.90536226632408,3,-59.5898777586643
8422,41,12,-110.98357657528959,6,-93.46522121489485
8423,2,12,-82.65429616947476,1,-7.294070267709967
8424,14,12,-85.8996369884651,1,-27.0303393518663
8425,24,12,-92.32059977591312,3,-51.42304101039932
8426,88,12,-213.26980172825859,12,-213.26980172825859
8427,19,12,-88.68794552856191,3,-39.9420506223111
8428,5,12,-83.00932314367421,1,-9.455237327983067
8429,99,12,-247.94248729970576,20,-240.54785882360903
8430,35,12,-103.28316204691019,6,-79.32193460441326
8431,33,12,-100.9862386241835,6,-75.10271953333199
8432,90,12,-219.27143120512085,12,-219.27143120512085
8433,76,12,-180.08474406613544,12,-180.08474406613544
8434,26,12,-94.01001581178649,3,-56.76113061721671
8435,15,12,-86.38973765322098,1,-30.008338880137654
8436,40,12,-109.61584921025063,6,-90.95329633472858
8437,15,12,-86.38973765322098,1,-30.008338880137654
8438,35,12,-103.28316204691019,6,-79.32193460441326
8439,85,12,-204.51951458063076,12,-204.51951458063076
8440,29,12,-96.79732089859871,3,-65.56666537455592
8441,22,12,-90.76623443917929,3,-46.51097281076241
8442,58,12,-139.39301515084207,12,-139.39301515084207
8443,45,12,-116.79171153665492,6,-104.13151192781399
8444,3,12,-82.73882969802135,1,-7.808756080935194
8445,89,12,-216.25380747683084,12,-216.25380747683084
8446,79,12,-187.92692573545764,12,-187.92692573545764
8447,89,12,-216.25380747683084,12,-216.25380747683084
8448,67,12,-158.37537046268577,12,-158.37537046268577
8449,58,12,-139.39301515084207,12,-139.39301515084207
8450,20,12,-89.34693764525149,3,-42.025104283182344
8451,57,12,-137.45226948237894,12,-137.45226948237894
8452,60,12,-143.3755650196889,12,-143.3755650196889
8453,23,12,-91.52653465497364,3,-48.91374309468091
8454,3,12,-82.73882969802135,1,-7.808756080935194
8455,87,12,-210.3194161813455,12,-210.3194161813455
8456,97,12,-241.33591412399238,20,-236.43484574939123
8457,67,12,-158.37537046268577,12,-158.37537046268577
8458,9,12,-83.95595306941537,1,-15.214321990937147
8459,30,12,-97.79392861672859,3,-68.71466132418306
8460,15,12,-86.38973765322098,1,-30.008338880137654
8461,0,12,-82.58666666666669,1,-6.8822222222222225
8462,79,12,-187.92692573545764,12,-187.92692573545764
8463,39,12,-108.28184885147208,6,-88.50324560744662
8464,26,12,-94.01001581178649,3,-56.76113061721671
8465,61,12,-145.41736476856974,12,-145.41736476856974
8466,88,12,-213.26980172825859,12,-213.26980172825859
8467,47,12,-119.89808312874094,6,-109.83570678670114
8468,61,12,-145.41736476856974,12,-145.41736476856974
8469,90,12,-219.27143120512085,12,-219.27143120512085
8470,2,12,-82.65429616947476,1,-7.294070267709967
8471,73,12,-172.54538426876832,12,-172.54538426876832
8472,34,12,-102.11783014653936,6,-77.18136743158533
8473,32,12,-99.88838970893231,6,-73.08599843278336
8474,76,12,-180.08474406613544,12,-180.08474406613544
8475,85,12,-204.51951458063076,12,-204.51951458063076
8476,66,12,-156.13152263937536,12,-156.13152263937536
8477,60,12,-143.3755650196889,12,-143.3755650196889
8478,29,12,-96.79732089859871,3,-65.56666537455592
8479,8,12,-83.66859579030925,1,-13.466492256876304
8480,84,12,-201.67000297128635,12,-201.67000297128635
8481,96,12,-238.08302673965238,20,-234.40975389635224
8482,57,12,-137.45226948237894,12,-137.45226948237894
8483,28,12,-95.83446470521845,3,-62.525063432602536
8484,35,12,-103.28316204691019,6,-79.32193460441326
8485,0,12,-82.58666666666669,1,-6.8822222222222225
8486,53,12,-130.0262005218131,6,-128.43176816621013
8487,74,12,-175.02485362057575,12,-175.02485362057575
8488,3,12,-82.73882969802135,1,-7.808756080935194
8489,65,12,-153.92134393244743,12,-153.92134393244743
8490,25,12,-93.14842757160632,3,-54.03884427687615
8491,12,12,-85.02079284439587,1,-21.68888886194659
8492,60,12,-143.3755650196889,12,-143.3755650196889
8493,74,12,-175.02485362057575,12,-175.02485362057575
8494,57,12,-137.45226948237894,12,-137.45226948237894
8495,22,12,-90.76623443917929,3,-46.51097281076241
8496,93,12,-228.5259880514485,20,-228.46014739973276
8497,74,12,-175.02485362057575,12,-175.02485362057575
8498,59,12,-141.367447738551,12,-141.367447738551
8499,56,12,-135.54521295910172,12,-135.54521295910172
8500,50,12,-124.81047053779731,6,-118.85564190652914
8501,67,12,-158.37537046268577,12,-158.37537046268577
8502,32,12,-99.88838970893231,6,-73.08599843278336
8503,36,12,-104.48223209634578,6,-81.52441352950547
8504,73,12,-172.54538426876832,12,-172.54538426876832
8505,97,12,-241.33591412399238,20,-236.43484574939123
8506,35,12,-103.28316204691019,6,-79.32193460441326
8507,5,12,-83.00932314367421,1,-9.455237327983067
8508,94,12,-231.6780614823333,20,-230.42240386096492
8509,43,12,-113.8202034116098,6,-98.67466336494121
8510,97,12,-241.33591412399238,20,-236.43484574939123
8511,69,12,-162.96406455953235,12,-162.96406455953235
8512,28,12,-95.83446470521845,3,-62.525063432602536
8513,9,12,-83.95595306941537,1,-15.214321990937147
8514,61,12,-145.41736476856974,12,-145.41736476856974
8515,94,12,-231.6780614823333,20,-230.42240386096492
8516,95,12,-234.86374178545628,20,-232.40560631336535
8517,57,12,-137.45226948237894,12,-137.45226948237894
8518,65,12,-153.92134393244743,12,-153.92134393244743
8519,18,12,-88.0627272398999,3,-37.96561375881964
8520,55,12,-133.67184780709107,12,-133.67184780709107
8521,67,12,-158.37537046268577,12,-158.37537046268577
8522,5,12,-83.00932314367421,1,-9.455237327983067
8523,81,12,-193.3232515767758,12,-193.3232515767758
8524,38,12,-106.98157772725399,6,-86.11507655130762
8525,27,12,-94.90536226632408,3,-59.5898777586643
8526,7,12,-83.41503688796908,1,-11.923979800667436
8527,59,12,-141.367447738551,12,-141.367447738551
8528,95,12,-234.86374178545628,20,-232.40560631336535
8529,96,12,-238.08302673965238,20,-234.40975389635224
8530,97,12,-241.33591412399238,20,-236.43484574939123
8531,90,12,-219.27143120512085,12,-219.27143120512085
8532,48,12,-121.50183715622016,6,-112.7805402942011
8533,30,12,-97.79392861672859,3,-68.71466132418306
8534,88,12,-213.26980172825859,12,-213.26980172825859
8535,44,12,-115.28909842694712,6,-101.37216560238318
8536,58,12,-139.39301515084207,12,-139.39301515084207
8537,53,12,-130.0262005218131,6,-128.43176816621013
8538,81,12,-193.3232515767758,12,-193.3232515767758
8539,81,12,-193.3232515767758,12,-193.3232515767758
8540,44,12,-115.28909842694712,6,-101.37216560238318
8541,33,12,-100.9862386241835,6,-75.10271953333199
8542,56,12,-135.54521295910172,12,-135.54521295910172
8543,5,12,-83.00932314367421,1,-9.455237327983067
8544,46,12,-118.32804051309115,6,-106.95269482704867
8545,6,12,-83.19527859488348,1,-10.586867266464079
8546,92,12,-225.4075237139973,12,-225.4075237139973
8547,20,12,-89.34693764525149,3,-42.025104283182344
8548,1,12,-82.6035744145978,1,-6.9851980409108565
8549,81,12,-193.3232515767758,12,-193.3232515767758
8550,71,12,-167.68740842638795,12,-167.68740842638795
8551,36,12,-104.48223209634578,6,-81.52441352950547
8552,21,12,-90.03970135905276,3,-44.21475244382181
8553,41,12,-110.98357657528959,6,-93.46522121489485
8554,41,12,-110.98357657528959,6,-93.46522121489485
8555,20,12,-89.34693764525149,3,-42.025104283182344
8556,62,12,-147.492844759646,12,-147.492844759646
8557,74,12,-175.02485362057575,12,-175.02485362057575
8558,7,12,-83.41503688796908,1,-11.923979800667436
8559,55,12,-133.67184780709107,12,-133.67184780709107
8560,61,12,-145.41736476856974,12,-145.41736476856974
8561,72,12,-170.09956846271837,12,-170.09956846271837
8562,85,12,-204.51951458063076,12,-204.51951458063076
8563,54,12,-131.832176252549,6,-131.7473732422173
8564,55,12,-133.67184780709107,12,-133.67184780709107
8565,22,12,-90.76623443917929,3,-46.51097281076241
8566,15,12,-86.38973765322098,1,-30.008338880137654
8567,89,12,-216.25380747683084,12,-216.25380747683084
8568,42,12,-112.38502871842148,6,-96.03901273050752
8569,33,12,-100.9862386241835,6,-75.10271953333199
8570,99,12,-247.94248729970576,20,-240.54785882360903
8571,38,12,-106.98157772725399,6,-86.11507655130762
8572,30,12,-97.79392861672859,3,-68.71466132418306
8573,41,12,-110.98357657528959,6,-93.46522121489485
8574,77,12,-182.66516071256729,12,-182.66516071256729
8575,86,12,-207.4026530580665,12,-207.4026530580665
8576,35,12,-103.28316204691019,6,-79.32193460441326
8577,73,12,-172.54538426876832,12,-172.54538426876832
8578,91,12,-222.3226706914009,12,-222.3226706914009
8579,30,12,-97.79392861672859,3,-68.71466132418306
8580,12,12,-85.02079284439587,1,-21.68888886194659
8581,62,12,-147.492844759646,12,-147.492844759646
8582,14,12,-85.8996369884651,1,-27.0303393518663
8583,98,12,-244.6224017175923,20,-238.4808810119756
8584,98,12,-244.6224017175923,20,-238.4808810119756
8585,76,12,-180.08474406613544,12,-180.08474406613544
8586,97,12,-241.33591412399238,20,-236.43484574939123
8587,75,12,-177.53797429426584,12,-177.53797429426584
8588,59,12,-141.367447738551,12,-141.367447738551
8589,91,12,-222.3226706914009,12,-222.3226706914009
8590,54,12,-131.832176252549,6,-131.7473732422173
8591,86,12,-207.4026530580665,12,-207.4026530580665
8592,53,12,-130.0262005218131,6,-128.43176816621013
8593,55,12,-133.67184780709107,12,-133.67184780709107
8594,66,12,-156.13152263937536,12,-156.13152263937536
8595,90,12,-219.27143120512085,12,-219.27143120512085
8596,66,12,-156.13152263937536,12,-156.13152263937536
8597,64,12,-151.74483656681207,12,-151.74483656681207
8598,79,12,-187.92692573545764,12,-187.92692573545764
8599,58,12,-139.39301515084207,12,-139.39301515084207
8600,20,12,-89.34693764525149,3,-42.025104283182344
8601,43,12,-113.8202034116098,6,-98.67466336494121
8602,89,12,-216.25380747683084,12,-216.25380747683084
8603,15,12,-86.38973765322098,1,-30.008338880137654
8604,24,12,-92.32059977591312,3,-51.42304101039932
8605,60,12,-143.3755650196889,12,-143.3755650196889
8606,3,12,-82.73882969802135,1,-7.808756080935194
8607,8,12,-83.66859579030925,1,-13.466492256876304
8608,20,12,-89.34693764525149,3,-42.025104283182344
8609,67,12,-158.37537046268577,12,-158.37537046268577
8610,47,12,-119.89808312874094,6,-109.83570678670114
8611,46,12,-118.32804051309115,6,-106.95269482704867
8612,62,12,-147.492844759646,12,-147.492844759646
8613,19,12,-88.68794552856191,3,-39.9420506223111
8614,96,12,-238.08302673965238,20,-234.40975389635224
8615,45,12,-116.79171153665492,6,-104.13151192781399
8616,59,12,-141.367447738551,12,-141.367447738551
8617,60,12,-143.3755650196889,12,-143.3755650196889
8618,58,12,-139.39301515084207,12,-139.39301515084207
8619,6,12,-83.19527859488348,1,-10.586867266464079
8620,80,12,-190.60826966535672,12,-190.60826966535672
8621,63,12,-149.60200276748782,12,-149.60200276748782
8622,71,12,-167.68740842638795,12,-167.68740842638795
8623,87,12,-210.3194161813455,12,-210.3194161813455
8624,20,12,-89.34693764525149,3,-42.025104283182344
8625,66,12,-156.13152263937536,12,-156.13152263937536
8626,57,12,-137.45226948237894,12,-137.45226948237894
8627,95,12,-234.86374178545628,20,-232.40560631336535
8628,26,12,-94.01001581178649,3,-56.76113061721671
8629,46,12,-118.32804051309115,6,-106.95269482704867
8630,70,12,-165.30890638391594,12,-165.30890638391594
8631,77,12,-182.66516071256729,12,-182.66516071256729
8632,48,12,-121.50183715622016,6,-112.7805402942011
8633,59,12,-141.367447738551,12,-141.367447738551
8634,58,12,-139.39301515084207,12,-139.39301515084207
8635,50,12,-124.81047053779731,6,-118.85564190652914
8636,94,12,-231.6780614823333,20,-230.42240386096492
8637,56,12,-135.54521295910172,12,-135.54521295910172
8638,45,12,-116.79171153665492,6,-104.13151192781399
8639,48,12,-121.50183715622016,6,-112.7805402942011
8640,97,12,-241.33591412399238,20,-236.43484574939123
8641,23,12,-91.52653465497364,3,-48.91374309468091
8642,68,12,-160.6528851776278,12,-160.6528851776278
8643,72,12,-170.09956846271837,12,-170.09956846271837
8644,16,12,-86.91362107098472,1,-33.19107800413937
8645,1,12,-82.6035744145978,1,-6.9851980409108565
8646,51,12,-126.51534543777501,6,-121.9858949902555
8647,45,12,-116.79171153665492,6,-104.13151192781399
8648,80,12,-190.60826966535672,12,-190.60826966535672
8649,38,12,-106.98157772725399,6,-86.11507655130762
8650,4,12,-82.85717276709248,1,-8.529172688515441
8651,26,12,-94.01001581178649,3,-56.76113061721671
8652,75,12,-177.53797429426584,12,-177.53797429426584
8653,5,12,-83.00932314367421,1,-9.455237327983067
8654,38,12,-106.98157772725399,6,-86.11507655130762
8655,30,12,-97.79392861672859,3,-68.71466132418306
8656,24,12,-92.32059977591312,3,-51.42304101039932
8657,75,12,-177.53797429426584,12,-177.53797429426584
8658,45,12,-116.79171153665492,6,-104.13151192781399
8659,17,12,-87.4712850103148,3,-36.095815994462484
8660,69,12,-162.96406455953235,12,-162.96406455953235
8661,55,12,-133.67184780709107,12,-133.67184780709107
8662,62,12,-147.492844759646,12,-147.492844759646
8663,90,12,-219.27143120512085,12,-219.27143120512085
8664,25,12,-93.14842757160632,3,-54.03884427687615
8665,13,12,-85.44332130828904,1,-24.257161856809045
8666,20,12,-89.34693764525149,3,-42.025104283182344
8667,4,12,-82.85717276709248,1,-8.529172688515441
8668,79,12,-187.92692573545764,12,-187.92692573545764
8669,35,12,-103.28316204691019,6,-79.32193460441326
8670,58,12,-139.39301515084207,12,-139.39301515084207
8671,61,12,-145.41736476856974,12,-145.41736476856974
8672,40,12,-109.61584921025063,6,-90.95329633472858
8673,2,12,-82.65429616947476,1,-7.294070267709967
8674,71,12,-167.68740842638795,12,-167.68740842638795
8675,74,12,-175.02485362057575,12,-175.02485362057575
8676,91,12,-222.3226706914009,12,-222.3226706914009
8677,13,12,-85.44332130828904,1,-24.257161856809045
8678,12,12,-85.02079284439587,1,-21.68888886194659
8679,99,12,-247.94248729970576,20,-240.54785882360903
8680,75,12,-177.53797429426584,12,-177.53797429426584
8681,64,12,-151.74483656681207,12,-151.74483656681207
8682,36,12,-104.48223209634578,6,-81.52441352950547
8683,30,12,-97.79392861672859,3,-68.71466132418306
8684,6,12,-83.19527859488348,1,-10.586867266464079
8685,95,12,-234.86374178545628,20,-232.40560631336535
8686,1,12,-82.6035744145978,1,-6.9851980409108565
8687,17,12,-87.4712850103148,3,-36.095815994462484
8688,41,12,-110.98357657528959,6,-93.46522121489485
8689,98,12,-244.6224017175923,20,-238.4808810119756
8690,1,12,-82.6035744145978,1,-6.9851980409108565
8691,38,12,-106.98157772725399,6,-86.11507655130762
8692,80,12,-190.60826966535672,12,-190.60826966535672
8693,12,12,-85.02079284439587,1,-21.68888886194659
8694,64,12,-151.74483656681207,12,-151.74483656681207
8695,52,12,-128.2539228413562,6,-125.177939579655
8696,86,12,-207.4026530580665,12,-207.4026530580665
8697,32,12,-99.88838970893231,6,-73.08599843278336
8698,80,12,-190.60826966535672,12,-190.60826966535672
8699,27,12,-94.90536226632408,3,-59.5898777586643
8700,34,12,-102.11783014653936,6,-77.18136743158533
8701,24,12,-92.32059977591312,3,-51.42304101039932
8702,98,12,-244.6224017175923,20,-238.4808810119756
8703,2,12,-82.65429616947476,1,-7.294070267709967
8704,30,12,-97.79392861672859,3,-68.71466132418306
8705,30,12,-97.79392861672859,3,-68.71466132418306
8706,69,12,-162.96406455953235,12,-162.96406455953235
8707,63,12,-149.60200276748782,12,-149.60200276748782
8708,88,12,-213.26980172825859,12,-213.26980172825859
8709,6,12,-83.19527859488348,1,-10.586867266464079
8710,77,12,-182.66516071256729,12,-182.66516071256729
8711,17,12,-87.4712850103148,3,-36.095815994462484
8712,37,12,-105.71503806602566,6,-83.78879668536612
8713,82,12,-196.07186924674602,12,-196.07186924674602
8714,19,12,-88.68794552856191,3,-39.9420506223111
8715,66,12,-156.13152263937536,12,-156.13152263937536
8716,56,12,-135.54521295910172,12,-135.54521295910172
8717,23,12,-91.52653465497364,3,-48.91374309468091
8718,17,12,-87.4712850103148,3,-36.095815994462484
8719,96,12,-238.08302673965238,20,-234.40975389635224
8720,60,12,-143.3755650196889,12,-143.3755650196889
8721,33,12,-100.9862386241835,6,-75.10271953333199
8722,51,12,-126.51534543777501,6,-121.9858949902555
8723,18,12,-88.0627272398999,3,-37.96561375881964
8724,42,12,-112.38502871842148,6,-96.03901273050752
8725,97,12,-241.33591412399238,20,-236.43484574939123
8726,72,12,-170.09956846271837,12,-170.09956846271837
8727,41,12,-110.98357657528959,6,-93.46522121489485
8728,76,12,-180.08474406613544,12,-180.08474406613544
8729,1,12,-82.6035744145978,1,-6.9851980409108565
8730,93,12,-228.5259880514485,20,-228.46014739973276
8731,57,12,-137.45226948237894,12,-137.45226948237894
8732,76,12,-180.08474406613544,12,-180.08474406613544
8733,64,12,-151.74483656681207,12,-151.74483656681207
8734,60,12,-143.3755650196889,12,-143.3755650196889
8735,33,12,-100.9862386241835,6,-75.10271953333199
8736,90,12,-219.27143120512085,12,-219.27143120512085
8737,43,12,-113.8202034116098,6,-98.67466336494121
8738,39,12,-108.28184885147208,6,-88.50324560744662
8739,56,12,-135.54521295910172,12,-135.54521295910172
8740,94,12,-231.6780614823333,20,-230.42240386096492
8741,23,12,-91.52653465497364,3,-48.91374309468091
8742,22,12,-90.76623443917929,3,-46.51097281076241
8743,76,12,-180.08474406613544,12,-180.08474406613544
8744,66,12,-156.13152263937536,12,-156.13152263937536
8745,89,12,-216.25380747683084,12,-216.25380747683084
8746,58,12,-139.39301515084207,12,-139.39301515084207
8747,16,12,-86.91362107098472,1,-33.19107800413937
8748,97,12,-241.33591412399238,20,-236.43484574939123
8749,84,12,-201.67000297128635,12,-201.67000297128635
8750,51,12,-126.51534543777501,6,-121.9858949902555
8751,59,12,-141.367447738551,12,-141.367447738551
8752,78,12,-185.27922201012348,12,-185.27922201012348
8753,5,12,-83.00932314367421,1,-9.455237327983067
8754,95,12,-234.86374178545628,20,-232.40560631336535
8755,47,12,-119.89808312874094,6,-109.83570678670114
8756,16,12,-86.91362107098472,1,-33.19107800413937
8757,0,12,-82.58666666666669,1,-6.8822222222222225
8758,47,12,-119.89808312874094,6,-109.83570678670114
8759,22,12,-90.76623443917929,3,-46.51097281076241
8760,82,12,-196.07186924674602,12,-196.07186924674602
8761,99,12,-247.94248729970576,20,-240.54785882360903
8762,28,12,-95.83446470521845,3,-62.525063432602536
8763,75,12,-177.53797429426584,12,-177.53797429426584
8764,38,12,-106.98157772725399,6,-86.11507655130762
8765,73,12,-172.54538426876832,12,-172.54538426876832
8766,1,12,-82.6035744145978,1,-6.9851980409108565
8767,15,12,-86.38973765322098,1,-30.008338880137654
8768,99,12,-247.94248729970576,20,-240.54785882360903
8769,20,12,-89.34693764525149,3,-42.025104283182344
8770,90,12,-219.27143120512085,12,-219.27143120512085
8771,44,12,-115.28909842694712,6,-101.37216560238318
8772,12,12,-85.02079284439587,1,-21.68888886194659
8773,42,12,-112.38502871842148,6,-96.03901273050752
8774,79,12,-187.92692573545764,12,-187.92692573545764
8775,52,12,-128.2539228413562,6,-125.177939579655
8776,69,12,-162.96406455953235,12,-162.96406455953235
8777,85,12,-204.51951458063076,12,-204.51951458063076
8778,28,12,-95.83446470521845,3,-62.525063432602536
8779,38,12,-106.98157772725399,6,-86.11507655130762
8780,7,12,-83.41503688796908,1,-11.923979800667436
8781,19,12,-88.68794552856191,3,-39.9420506223111
8782,6,12,-83.19527859488348,1,-10.586867266464079
8783,76,12,-180.08474406613544,12,-180.08474406613544
8784,9,12,-83.95595306941537,1,-15.214321990937147
8785,26,12,-94.01001581178649,3,-56.76113061721671
8786,20,12,-89.34693764525149,3,-42.025104283182344
8787,36,12,-104.48223209634578,6,-81.52441352950547
8788,31,12,-98.82428562999917,6,-71.1312116538696
8789,41,12,-110.98357657528959,6,-93.46522121489485
8790,84,12,-201.67000297128635,12,-201.67000297128635
8791,16,12,-86.91362107098472,1,-33.19107800413937
8792,32,12,-99.88838970893231,6,-73.08599843278336
8793,91,12,-222.3226706914009,12,-222.3226706914009
8794,76,12,-180.08474406613544,12,-180.08474406613544
8795,31,12,-98.82428562999917,6,-71.1312116538696
8796,47,12,-119.89808312874094,6,-109.83570678670114
8797,36,12,-104.48223209634578,6,-81.52441352950547
8798,23,12,-91.52653465497364,3,-48.91374309468091
8799,18,12,-88.0627272398999,3,-37.96561375881964
8800,26,12,-94.01001581178649,3,-56.76113061721671
8801,51,12,-126.51534543777501,6,-121.9858949902555
8802,48,12,-121.50183715622016,6,-112.7805402942011
8803,77,12,-182.66516071256729,12,-182.66516071256729
8804,30,12,-97.79392861672859,3,-68.71466132418306
8805,79,12,-187.92692573545764,12,-187.92692573545764
8806,66,12,-156.13152263937536,12,-156.13152263937536
8807,75,12,-177.53797429426584,12,-177.53797429426584
8808,4,12,-82.85717276709248,1,-8.529172688515441
8809,71,12,-167.68740842638795,12,-167.68740842638795
8810,81,12,-193.3232515767758,12,-193.3232515767758
8811,83,12,-198.854120452488,12,-198.854120452488
8812,64,12,-151.74483656681207,12,-151.74483656681207
8813,28,12,-95.83446470521845,3,-62.525063432602536
8814,55,12,-133.67184780709107,12,-133.67184780709107
8815,62,12,-147.492844759646,12,-147.492844759646
8816,58,12,-139.39301515084207,12,-139.39301515084207
8817,79,12,-187.92692573545764,12,-187.92692573545764
8818,98,12,-244.6224017175923,20,-238.4808810119756
8819,70,12,-165.30890638391594,12,-165.30890638391594
8820,45,12,-116.79171153665492,6,-104.13151192781399
8821,35,12,-103.28316204691019,6,-79.32193460441326
8822,53,12,-130.0262005218131,6,-128.43176816621013
8823,8,12,-83.66859579030925,1,-13.466492256876304
8824,77,12,-182.66516071256729,12,-182.66516071256729
8825,15,12,-86.38973765322098,1,-30.008338880137654
8826,79,12,-187.92692573545764,12,-187.92692573545764
8827,91,12,-222.3226706914009,12,-222.3226706914009
8828,19,12,-88.68794552856191,3,-39.9420506223111
8829,64,12,-151.74483656681207,12,-151.74483656681207
8830,74,12,-175.02485362057575,12,-175.02485362057575
8831,10,12,-84.27710649292833,1,-17.167386388250772
8832,53,12,-130.0262005218131,6,-128.43176816621013
8833,96,12,-238.08302673965238,20,-234.40975389635224
8834,4,12,-82.85717276709248,1,-8.529172688515441
8835,67,12,-158.37537046268577,12,-158.37537046268577
8836,40,12,-109.61584921025063,6,-90.95329633472858
8837,9,12,-83.95595306941537,1,-15.214321990937147
8838,55,12,-133.67184780709107,12,-133.67184780709107
8839,0,12,-82.58666666666669,1,-6.8822222222222225
8840,35,12,-103.28316204691019,6,-79.32193460441326
8841,28,12,-95.83446470521845,3,-62.525063432602536
8842,94,12,-231.6780614823333,20,-230.42240386096492
8843,57,12,-137.45226948237894,12,-137.45226948237894
8844,81,12,-193.3232515767758,12,-193.3232515767758
8845,69,12,-162.96406455953235,12,-162.96406455953235
8846,97,12,-241.33591412399238,20,-236.43484574939123
8847,45,12,-116.79171153665492,6,-104.13151192781399
8848,5,12,-83.00932314367421,1,-9.455237327983067
8849,24,12,-92.32059977591312,3,-51.42304101039932
8850,85,12,-204.51951458063076,12,-204.51951458063076
8851,13,12,-85.44332130828904,1,-24.257161856809045
8852,23,12,-91.52653465497364,3,-48.91374309468091
8853,34,12,-102.11783014653936,6,-77.18136743158533
8854,93,12,-228.5259880514485,20,-228.46014739973276
8855,75,12,-177.53797429426584,12,-177.53797429426584
8856,75,12,-177.53797429426584,12,-177.53797429426584
8857,85,12,-204.51951458063076,12,-204.51951458063076
8858,91,12,-222.3226706914009,12,-222.3226706914009
8859,58,12,-139.39301515084207,12,-139.39301515084207
8860,45,12,-116.79171153665492,6,-104.13151192781399
8861,66,12,-156.13152263937536,12,-156.13152263937536
8862,41,12,-110.98357657528959,6,-93.46522121489485
8863,7,12,-83.41503688796908,1,-11.923979800667436
8864,15,12,-86.38973765322098,1,-30.008338880137654
8865,0,12,-82.58666666666669,1,-6.8822222222222225
8866,94,12,-231.6780614823333,20,-230.42240386096492
8867,47,12,-119.89808312874094,6,-109.83570678670114
8868,42,12,-112.38502871842148,6,-96.03901273050752
8869,76,12,-180.08474406613544,12,-180.08474406613544
8870,80,12,-190.60826966535672,12,-190.60826966535672
8871,29,12,-96.79732089859871,3,-65.56666537455592
8872,87,12,-210.3194161813455,12,-210.3194161813455
8873,71,12,-167.68740842638795,12,-167.68740842638795
8874,68,12,-160.6528851776278,12,-160.6528851776278
8875,31,12,-98.82428562999917,6,-71.1312116538696
8876,32,12,-99.88838970893231,6,-73.08599843278336
8877,3,12,-82.73882969802135,1,-7.808756080935194
8878,14,12,-85.8996369884651,1,-27.0303393518663
8879,66,12,-156.13152263937536,12,-156.13152263937536
8880,16,12,-86.91362107098472,1,-33.19107800413937
8881,31,12,-98.82428562999917,6,-71.1312116538696
8882,23,12,-91.52653465497364,3,-48.91374309468091
8883,89,12,-216.25380747683084,12,-216.25380747683084
8884,27,12,-94.90536226632408,3,-59.5898777586643
8885,93,12,-228.5259880514485,20,-228.46014739973276
8886,23,12,-91.52653465497364,3,-48.91374309468091
8887,76,12,-180.08474406613544,12,-180.08474406613544
8888,40,12,-109.61584921025063,6,-90.95329633472858
8889,50,12,-124.81047053779731,6,-118.85564190652914
8890,12,12,-85.02079284439587,1,-21.68888886194659
8891,57,12,-137.45226948237894,12,-137.45226948237894
8892,35,12,-103.28316204691019,6,-79.32193460441326
8893,64,12,-151.74483656681207,12,-151.74483656681207
8894,94,12,-231.6780614823333,20,-230.42240386096492
8895,17,12,-87.4712850103148,3,-36.095815994462484
8896,55,12,-133.67184780709107,12,-133.67184780709107
8897,28,12,-95.83446470521845,3,-62.525063432602536
8898,48,12,-121.50183715622016,6,-112.7805402942011
8899,73,12,-172.54538426876832,12,-172.54538426876832
8900,2,12,-82.65429616947476,1,-7.294070267709967
8901,35,12,-103.28316204691019,6,-79.32193460441326
8902,10,12,-84.27710649292833,1,-17.167386388250772
8903,28,12,-95.83446470521845,3,-62.525063432602536
8904,41,12,-110.98357657528959,6,-93.46522121489485
8905,2,12,-82.65429616947476,1,-7.294070267709967
8906,72,12,-170.09956846271837,12,-170.09956846271837
8907,80,12,-190.60826966535672,12,-190.60826966535672
8908,26,12,-94.01001581178649,3,-56.76113061721671
8909,82,12,-196.07186924674602,12,-196.07186924674602
8910,20,12,-89.34693764525149,3,-42.025104283182344
8911,59,12,-141.367447738551,12,-141.367447738551
8912,77,12,-182.66516071256729,12,-182.66516071256729
8913,13,12,-85.44332130828904,1,-24.257161856809045
8914,14,12,-85.8996369884651,1,-27.0303393518663
8915,96,12,-238.08302673965238,20,-234.40975389635224
8916,53,12,-130.0262005218131,6,-128.43176816621013
8917,11,12,-84.63205382862074,1,-19.32560286376086
8918,48,12,-121.50183715622016,6,-112.7805402942011
8919,58,12,-139.39301515084207,12,-139.39301515084207
8920,8,12,-83.66859579030925,1,-13.466492256876304
8921,40,12,-109.61584921025063,6,-90.95329633472858
8922,48,12,-121.50183715622016,6,-112.7805402942011
8923,34,12,-102.11783014653936,6,-77.18136743158533
8924,37,12,-105.71503806602566,6,-83.78879668536612
8925,99,12,-247.94248729970576,20,-240.54785882360903
8926,40,12,-109.61584921025063,6,-90.95329633472858
8927,10,12,-84.27710649292833,1,-17.167386388250772
8928,47,12,-119.89808312874094,6,-109.83570678670114
8929,23,12,-91.52653465497364,3,-48.91374309468091
8930,56,12,-135.54521295910172,12,-135.54521295910172
8931,38,12,-106.98157772725399,6,-86.11507655130762
8932,4,12,-82.85717276709248,1,-8.529172688515441
8933,52,12,-128.2539228413562,6,-125.177939579655
8934,62,12,-147.492844759646,12,-147.492844759646
8935,47,12,-119.89808312874094,6,-109.83570678670114
8936,26,12,-94.01001581178649,3,-56.76113061721671
8937,71,12,-167.68740842638795,12,-167.68740842638795
8938,90,12,-219.27143120512085,12,-219.27143120512085
8939,25,12,-93.14842757160632,3,-54.03884427687615
8940,41,12,-110.98357657528959,6,-93.46522121489485
8941,20,12,-89.34693764525149,3,-42.025104283182344
8942,31,12,-98.82428562999917,6,-71.1312116538696
8943,54,12,-131.832176252549,6,-131.7473732422173
8944,2,12,-82.65429616947476,1,-7.294070267709967
8945,62,12,-147.492844759646,12,-147.492844759646
8946,55,12,-133.67184780709107,12,-133.67184780709107
8947,4,12,-82.85717276709248,1,-8.529172688515441
8948,94,12,-231.6780614823333,20,-230.42240386096492
8949,28,12,-95.83446470521845,3,-62.525063432602536
8950,13,12,-85.44332130828904,1,-24.257161856809045
8951,25,12,-93.14842757160632,3,-54.03884427687615
8952,93,12,-228.5259880514485,20,-228.46014739973276
8953,82,12,-196.07186924674602,12,-196.07186924674602
8954,22,12,-90.76623443917929,3,-46.51097281076241
8955,4,12,-82.85717276709248,1,-8.529172688515441
8956,50,12,-124.81047053779731,6,-118.85564190652914
8957,96,12,-238.08302673965238,20,-234.40975389635224
8958,39,12,-108.28184885147208,6,-88.50324560744662
8959,17,12,-87.4712850103148,3,-36.095815994462484
8960,66,12,-156.13152263937536,12,-156.13152263937536
8961,92,12,-225.4075237139973,12,-225.4075237139973
8962,56,12,-135.54521295910172,12,-135.54521295910172
8963,27,12,-94.90536226632408,3,-59.5898777586643
8964,78,12,-185.27922201012348,12,-185.27922201012348
8965,84,12,-201.67000297128635,12,-201.67000297128635
8966,32,12,-99.88838970893231,6,-73.08599843278336
8967,24,12,-92.32059977591312,3,-51.42304101039932
8968,75,12,-177.53797429426584,12,-177.53797429426584
8969,78,12,-185.27922201012348,12,-185.27922201012348
8970,14,12,-85.8996369884651,1,-27.0303393518663
8971,36,12,-104.48223209634578,6,-81.52441352950547
8972,8,12,-83.66859579030925,1,-13.466492256876304
8973,45,12,-116.79171153665492,6,-104.13151192781399
8974,89,12,-216.25380747683084,12,-216.25380747683084
8975,49,12,-123.13930036828388,6,-115.78718783779036
8976,87,12,-210.3194161813455,12,-210.3194161813455
8977,40,12,-109.61584921025063,6,-90.95329633472858
8978,9,12,-83.95595306941537,1,-15.214321990937147
8979,51,12,-126.51534543777501,6,-121.9858949902555
8980,45,12,-116.79171153665492,6,-104.13151192781399
8981,89,12,-216.25380747683084,12,-216.25380747683084
8982,62,12,-147.492844759646,12,-147.492844759646
8983,10,12,-84.27710649292833,1,-17.167386388250772
8984,79,12,-187.92692573545764,12,-187.92692573545764
8985,39,12,-108.28184885147208,6,-88.50324560744662
8986,38,12,-106.98157772725399,6,-86.11507655130762
8987,4,12,-82.85717276709248,1,-8.529172688515441
8988,33,12,-100.9862386241835,6,-75.10271953333199
8989,74,12,-175.02485362057575,12,-175.02485362057575
8990,53,12,-130.0262005218131,6,-128.43176816621013
8991,34,12,-102.11783014653936,6,-77.18136743158533
8992,66,12,-156.13152263937536,12,-156.13152263937536
8993,47,12,-119.89808312874094,6,-109.83570678670114
8994,61,12,-145.41736476856974,12,-145.41736476856974
8995,68,12,-160.6528851776278,12,-160.6528851776278
8996,34,12,-102.11783014653936,6,-77.18136743158533
8997,34,12,-102.11783014653936,6,-77.18136743158533
8998,18,12,-88.0627272398999,3,-37.96561375881964
8999,5,12,-83.00932314367421,1,-9.455237327983067
9000,27,12,-94.90536226632408,3,-59.5898777586643
9001,19,12,-88.68794552856191,3,-39.9420506223111
9002,80,12,-190.60826966535672,12,-190.60826966535672
9003,99,12,-247.94248729970576,20,-240.54785882360903
9004,41,12,-110.98357657528959,6,-93.46522121489485
9005,38,12,-106.98157772725399,6,-86.11507655130762
9006,92,12,-225.4075237139973,12,-225.4075237139973
9007,11,12,-84.63205382862074,1,-19.32560286376086
9008,57,12,-137.45226948237894,12,-137.45226948237894
9009,64,12,-151.74483656681207,12,-151.74483656681207
9010,18,12,-88.0627272398999,3,-37.96561375881964
9011,37,12,-105.71503806602566,6,-83.78879668536612
9012,38,12,-106.98157772725399,6,-86.11507655130762
9013,14,12,-85.8996369884651,1,-27.0303393518663
9014,75,12,-177.53797429426584,12,-177.53797429426584
9015,37,12,-105.71503806602566,6,-83.78879668536612
9016,10,12,-84.27710649292833,1,-17.167386388250772
9017,87,12,-210.3194161813455,12,-210.3194161813455
9018,7,12,-83.41503688796908,1,-11.923979800667436
9019,87,12,-210.3194161813455,12,-210.3194161813455
9020,88,12,-213.26980172825859,12,-213.26980172825859
9021,17,12,-87.4712850103148,3,-36.095815994462484
9022,16,12,-86.91362107098472,1,-33.19107800413937
9023,28,12,-95.83446470521845,3,-62.525063432602536
9024,55,12,-133.67184780709107,12,-133.67184780709107
9025,21,12,-90.03970135905276,3,-44.21475244382181
9026,82,12,-196.07186924674602,12,-196.07186924674602
9027,11,12,-84.63205382862074,1,-19.32560286376086
9028,88,12,-213.26980172825859,12,-213.26980172825859
9029,89,12,-216.25380747683084,12,-216.25380747683084
9030,90,12,-219.27143120512085,12,-219.27143120512085
9031,15,12,-86.38973765322098,1,-30.008338880137654
9032,37,12,-105.71503806602566,6,-83.78879668536612
9033,97,12,-241.33591412399238,20,-236.43484574939123
9034,21,12,-90.03970135905276,3,-44.21475244382181
9035,77,12,-182.66516071256729,12,-182.66516071256729
9036,94,12,-231.6780614823333,20,-230.42240386096492
9037,84,12,-201.67000297128635,12,-201.67000297128635
9038,94,12,-231.6780614823333,20,-230.42240386096492
9039,27,12,-94.90536226632408,3,-59.5898777586643
9040,98,12,-244.6224017175923,20,-238.4808810119756
9041,93,12,-228.5259880514485,20,-228.46014739973276
9042,2,12,-82.65429616947476,1,-7.294070267709967
9043,11,12,-84.63205382862074,1,-19.32560286376086
9044,91,12,-222.3226706914009,12,-222.3226706914009
9045,34,12,-102.11783014653936,6,-77.18136743158533
9046,65,12,-153.92134393244743,12,-153.92134393244743
9047,73,12,-172.54538426876832,12,-172.54538426876832
9048,86,12,-207.4026530580665,12,-207.4026530580665
9049,23,12,-91.52653465497364,3,-48.91374309468091
9050,88,12,-213.26980172825859,12,-213.26980172825859
9051,67,12,-158.37537046268577,12,-158.37537046268577
9052,61,12,-145.41736476856974,12,-145.41736476856974
9053,97,12,-241.33591412399238,20,-236.43484574939123
9054,88,12,-213.26980172825859,12,-213.26980172825859
9055,27,12,-94.90536226632408,3,-59.5898777586643
9056,76,12,-180.08474406613544,12,-180.08474406613544
9057,90,12,-219.27143120512085,12,-219.27143120512085
9058,31,12,-98.82428562999917,6,-71.1312116538696
9059,38,12,-106.98157772725399,6,-86.11507655130762
9060,59,12,-141.367447738551,12,-141.367447738551
9061,28,12,-95.83446470521845,3,-62.525063432602536
9062,36,12,-104.48223209634578,6,-81.52441352950547
9063,83,12,-198.854120452488,12,-198.854120452488
9064,69,12,-162.96406455953235,12,-162.96406455953235
9065,47,12,-119.89808312874094,6,-109.83570678670114
9066,7,12,-83.41503688796908,1,-11.923979800667436
9067,15,12,-86.38973765322098,1,-30.008338880137654
9068,34,12,-102.11783014653936,6,-77.18136743158533
9069,13,12,-85.44332130828904,1,-24.257161856809045
9070,88,12,-213.26980172825859,12,-213.26980172825859
9071,53,12,-130.0262005218131,6,-128.43176816621013
9072,43,12,-113.8202034116098,6,-98.67466336494121
9073,83,12,-198.854120452488,12,-198.854120452488
9074,57,12,-137.45226948237894,12,-137.45226948237894
9075,48,12,-121.50183715622016,6,-112.7805402942011
9076,11,12,-84.63205382862074,1,-19.32560286376086
9077,98,12,-244.6224017175923,20,-238.4808810119756
9078,88,12,-213.26980172825859,12,-213.26980172825859
9079,21,12,-90.03970135905276,3,-44.21475244382181
9080,86,12,-207.4026530580665,12,-207.4026530580665
9081,56,12,-135.54521295910172,12,-135.54521295910172
9082,97,12,-241.33591412399238,20,-236.43484574939123
9083,39,12,-108.28184885147208,6,-88.50324560744662
9084,43,12,-113.8202034116098,6,-98.67466336494121
9085,96,12,-238.08302673965238,20,-234.40975389635224
9086,18,12,-88.0627272398999,3,-37.96561375881964
9087,16,12,-86.91362107098472,1,-33.19107800413937
9088,5,12,-83.00932314367421,1,-9.455237327983067
9089,31,12,-98.82428562999917,6,-71.1312116538696
9090,20,12,-89.34693764525149,3,-42.025104283182344
9091,27,12,-94.90536226632408,3,-59.5898777586643
9092,85,12,-204.51951458063076,12,-204.51951458063076
9093,70,12,-165.30890638391594,12,-165.30890638391594
9094,23,12,-91.52653465497364,3,-48.91374309468091
9095,55,12,-133.67184780709107,12,-133.67184780709107
9096,31,12,-98.82428562999917,6,-71.1312116538696
9097,52,12,-128.2539228413562,6,-125.177939579655
9098,8,12,-83.66859579030925,1,-13.466492256876304
9099,56,12,-135.54521295910172,12,-135.54521295910172
9100,42,12,-112.38502871842148,6,-96.03901273050752
9101,99,12,-247.94248729970576,20,-240.54785882360903
9102,91,12,-222.3226706914009,12,-222.3226706914009
9103,99,12,-247.94248729970576,20,-240.54785882360903
9104,1,12,-82.6035744145978,1,-6.9851980409108565
9105,38,12,-106.98157772725399,6,-86.11507655130762
9106,98,12,-244.6224017175923,20,-238.4808810119756
9107,92,12,-225.4075237139973,12,-225.4075237139973
9108,22,12,-90.76623443917929,3,-46.51097281076241
9109,9,12,-83.95595306941537,1,-15.214321990937147
9110,31,12,-98.82428562999917,6,-71.1312116538696
9111,89,12,-216.25380747683084,12,-216.25380747683084
9112,2,12,-82.65429616947476,1,-7.294070267709967
9113,5,12,-83.00932314367421,1,-9.455237327983067
9114,95,12,-234.86374178545628,20,-232.40560631336535
9115,29,12,-96.79732089859871,3,-65.56666537455592
9116,88,12,-213.26980172825859,12,-213.26980172825859
9117,48,12,-121.50183715622016,6,-112.7805402942011
9118,94,12,-231.6780614823333,20,-230.42240386096492
9119,84,12,-201.67000297128635,12,-201.67000297128635
9120,77,12,-182.66516071256729,12,-182.66516071256729
9121,56,12,-135.54521295910172,12,-135.54521295910172
9122,98,12,-244.6224017175923,20,-238.4808810119756
9123,25,12,-93.14842757160632,3,-54.03884427687615
9124,44,12,-115.28909842694712,6,-101.37216560238318
9125,5,12,-83.00932314367421,1,-9.455237327983067
9126,96,12,-238.08302673965238,20,-234.40975389635224
9127,4,12,-82.85717276709248,1,-8.529172688515441
9128,35,12,-103.28316204691019,6,-79.32193460441326
9129,87,12,-210.3194161813455,12,-210.3194161813455
9130,2,12,-82.65429616947476,1,-7.294070267709967
9131,82,12,-196.07186924674602,12,-196.07186924674602
9132,10,12,-84.27710649292833,1,-17.167386388250772
9133,48,12,-121.50183715622016,6,-112.7805402942011
9134,48,12,-121.50183715622016,6,-112.7805402942011
9135,27,12,-94.90536226632408,3,-59.5898777586643
9136,28,12,-95.83446470521845,3,-62.525063432602536
9137,86,12,-207.4026530580665,12,-207.4026530580665
9138,97,12,-241.33591412399238,20,-236.43484574939123
9139,9,12,-83.95595306941537,1,-15.214321990937147
9140,20,12,-89.34693764525149,3,-42.025104283182344
9141,27,12,-94.90536226632408,3,-59.5898777586643
9142,99,12,-247.94248729970576,20,-240.54785882360903
9143,5,12,-83.00932314367421,1,-9.455237327983067
9144,91,12,-222.3226706914009,12,-222.3226706914009
9145,54,12,-131.832176252549,6,-131.7473732422173
9146,74,12,-175.02485362057575,12,-175.02485362057575
9147,37,12,-105.71503806602566,6,-83.78879668536612
9148,33,12,-100.9862386241835,6,-75.10271953333199
9149,23,12,-91.52653465497364,3,-48.91374309468091
9150,99,12,-247.94248729970576,20,-240.54785882360903
9151,49,12,-123.13930036828388,6,-115.78718783779036
9152,62,12,-147.492844759646,12,-147.492844759646
9153,72,12,-170.09956846271837,12,-170.09956846271837
9154,11,12,-84.63205382862074,1,-19.32560286376086
9155,77,12,-182.66516071256729,12,-182.66516071256729
9156,13,12,-85.44332130828904,1,-24.257161856809045
9157,21,12,-90.03970135905276,3,-44.21475244382181
9158,95,12,-234.86374178545628,20,-232.40560631336535
9159,16,12,-86.91362107098472,1,-33.19107800413937
9160,52,12,-128.2539228413562,6,-125.177939579655
9161,67,12,-158.37537046268577,12,-158.37537046268577
9162,45,12,-116.79171153665492,6,-104.13151192781399
9163,88,12,-213.26980172825859,12,-213.26980172825859
9164,37,12,-105.71503806602566,6,-83.78879668536612
9165,85,12,-204.51951458063076,12,-204.51951458063076
9166,85,12,-204.51951458063076,12,-204.51951458063076
9167,11,12,-84.63205382862074,1,-19.32560286376086
9168,42,12,-112.38502871842148,6,-96.03901273050752
9169,47,12,-119.89808312874094,6,-109.83570678670114
9170,48,12,-121.50183715622016,6,-112.7805402942011
9171,13,12,-85.44332130828904,1,-24.257161856809045
9172,32,12,-99.88838970893231,6,-73.08599843278336
9173,71,12,-167.68740842638795,12,-167.68740842638795
9174,75,12,-177.53797429426584,12,-177.53797429426584
9175,66,12,-156.13152263937536,12,-156.13152263937536
9176,46,12,-118.32804051309115,6,-106.95269482704867
9177,74,12,-175.02485362057575,12,-175.02485362057575
9178,49,12,-123.13930036828388,6,-115.78718783779036
9179,87,12,-210.3194161813455,12,-210.3194161813455
9180,95,12,-234.86374178545628,20,-232.40560631336535
9181,38,12,-106.98157772725399,6,-86.11507655130762
9182,32,12,-99.88838970893231,6,-73.08599843278336
9183,47,12,-119.89808312874094,6,-109.83570678670114
9184,94,12,-231.6780614823333,20,-230.42240386096492
9185,64,12,-151.74483656681207,12,-151.74483656681207
9186,53,12,-130.0262005218131,6,-128.43176816621013
9187,76,12,-180.08474406613544,12,-180.08474406613544
9188,21,12,-90.03970135905276,3,-44.21475244382181
9189,11,12,-84.63205382862074,1,-19.32560286376086
9190,28,12,-95.83446470521845,3,-62.525063432602536
9191,74,12,-175.02485362057575,12,-175.02485362057575
9192,23,12,-91.52653465497364,3,-48.91374309468091
9193,13,12,-85.44332130828904,1,-24.257161856809045
9194,0,12,-82.58666666666669,1,-6.8822222222222225
9195,13,12,-85.44332130828904,1,-24.257161856809045
9196,16,12,-86.91362107098472,1,-33.19107800413937
9197,28,12,-95.83446470521845,3,-62.525063432602536
9198,21,12,-90.03970135905276,3,-44.21475244382181
9199,76,12,-180.08474406613544,12,-180.08474406613544
9200,37,12,-105.71503806602566,6,-83.78879668536612
9201,81,12,-193.3232515767758,12,-193.3232515767758
9202,33,12,-100.9862386241835,6,-75.10271953333199
9203,46,12,-118.32804051309115,6,-106.95269482704867
9204,69,12,-162.96406455953235,12,-162.96406455953235
9205,73,12,-172.54538426876832,12,-172.54538426876832
9206,87,12,-210.3194161813455,12,-210.3194161813455
9207,84,12,-201.67000297128635,12,-201.67000297128635
9208,91,12,-222.3226706914009,12,-222.3226706914009
9209,93,12,-228.5259880514485,20,-228.46014739973276
9210,87,12,-210.3194161813455,12,-210.3194161813455
9211,28,12,-95.83446470521845,3,-62.525063432602536
9212,34,12,-102.11783014653936,6,-77.18136743158533
9213,0,12,-82.58666666666669,1,-6.8822222222222225
9214,19,12,-88.68794552856191,3,-39.9420506223111
9215,40,12,-109.61584921025063,6,-90.95329633472858
9216,27,12,-94.90536226632408,3,-59.5898777586643
9217,43,12,-113.8202034116098,6,-98.67466336494121
9218,98,12,-244.6224017175923,20,-238.4808810119756
9219,45,12,-116.79171153665492,6,-104.13151192781399
9220,78,12,-185.27922201012348,12,-185.27922201012348
9221,26,12,-94.01001581178649,3,-56.76113061721671
9222,16,12,-86.91362107098472,1,-33.19107800413937
9223,26,12,-94.01001581178649,3,-56.76113061721671
9224,3,12,-82.73882969802135,1,-7.808756080935194
9225,32,12,-99.88838970893231,6,-73.08599843278336
9226,71,12,-167.68740842638795,12,-167.68740842638795
9227,35,12,-103.28316204691019,6,-79.32193460441326
9228,55,12,-133.67184780709107,12,-133.67184780709107
9229,97,12,-241.33591412399238,20,-236.43484574939123
9230,87,12,-210.3194161813455,12,-210.3194161813455
9231,48,12,-121.50183715622016,6,-112.7805402942011
9232,99,12,-247.94248729970576,20,-240.54785882360903
9233,67,12,-158.37537046268577,12,-158.37537046268577
9234,38,12,-106.98157772725399,6,-86.11507655130762
9235,64,12,-151.74483656681207,12,-151.74483656681207
9236,49,12,-123.13930036828388,6,-115.78718783779036
9237,55,12,-133.67184780709107,12,-133.67184780709107
9238,40,12,-109.61584921025063,6,-90.95329633472858
9239,71,12,-167.68740842638795,12,-167.68740842638795
9240,26,12,-94.01001581178649,3,-56.76113061721671
9241,18,12,-88.0627272398999,3,-37.96561375881964
9242,12,12,-85.02079284439587,1,-21.68888886194659
9243,6,12,-83.19527859488348,1,-10.586867266464079
9244,97,12,-241.33591412399238,20,-236.43484574939123
9245,8,12,-83.66859579030925,1,-13.466492256876304
9246,36,12,-104.48223209634578,6,-81.52441352950547
9247,89,12,-216.25380747683084,12,-216.25380747683084
9248,5,12,-83.00932314367421,1,-9.455237327983067
9249,91,12,-222.3226706914009,12,-222.3226706914009
9250,24,12,-92.32059977591312,3,-51.42304101039932
9251,82,12,-196.07186924674602,12,-196.07186924674602
9252,57,12,-137.45226948237894,12,-137.45226948237894
9253,31,12,-98.82428562999917,6,-71.1312116538696
9254,97,12,-241.33591412399238,20,-236.43484574939123
9255,51,12,-126.51534543777501,6,-121.9858949902555
9256,97,12,-241.33591412399238,20,-236.43484574939123
9257,26,12,-94.01001581178649,3,-56.76113061721671
9258,95,12,-234.86374178545628,20,-232.40560631336535
9259,14,12,-85.8996369884651,1,-27.0303393518663
9260,12,12,-85.02079284439587,1,-21.68888886194659
9261,35,12,-103.28316204691019,6,-79.32193460441326
9262,24,12,-92.32059977591312,3,-51.42304101039932
9263,72,12,-170.09956846271837,12,-170.09956846271837
9264,9,12,-83.95595306941537,1,-15.214321990937147
9265,52,12,-128.2539228413562,6,-125.177939579655
9266,75,12,-177.53797429426584,12,-177.53797429426584
9267,76,12,-180.08474406613544,12,-180.08474406613544
9268,17,12,-87.4712850103148,3,-36.095815994462484
9269,99,12,-247.94248729970576,20,-240.54785882360903
9270,96,12,-238.08302673965238,20,-234.40975389635224
9271,0,12,-82.58666666666669,1,-6.8822222222222225
9272,11,12,-84.63205382862074,1,-19.32560286376086
9273,83,12,-198.854120452488,12,-198.854120452488
9274,59,12,-141.367447738551,12,-141.367447738551
9275,88,12,-213.26980172825859,12,-213.26980172825859
9276,11,12,-84.63205382862074,1,-19.32560286376086
9277,92,12,-225.4075237139973,12,-225.4075237139973
9278,81,12,-193.3232515767758,12,-193.3232515767758
9279,4,12,-82.85717276709248,1,-8.529172688515441
9280,57,12,-137.45226948237894,12,-137.45226948237894
9281,22,12,-90.76623443917929,3,-46.51097281076241
9282,86,12,-207.4026530580665,12,-207.4026530580665
9283,54,12,-131.832176252549,6,-131.7473732422173
9284,1,12,-82.6035744145978,1,-6.9851980409108565
9285,1,12,-82.6035744145978,1,-6.9851980409108565
9286,8,12,-83.66859579030925,1,-13.466492256876304
9287,23,12,-91.52653465497364,3,-48.91374309468091
9288,80,12,-190.60826966535672,12,-190.60826966535672
9289,86,12,-207.4026530580665,12,-207.4026530580665
9290,75,12,-177.53797429426584,12,-177.53797429426584
9291,63,12,-149.60200276748782,12,-149.60200276748782
9292,92,12,-225.4075237139973,12,-225.4075237139973
9293,35,12,-103.28316204691019,6,-79.32193460441326
9294,76,12,-180.08474406613544,12,-180.08474406613544
9295,67,12,-158.37537046268577,12,-158.37537046268577
9296,76,12,-180.08474406613544,12,-180.08474406613544
9297,56,12,-135.54521295910172,12,-135.54521295910172
9298,2,12,-82.65429616947476,1,-7.294070267709967
9299,11,12,-84.63205382862074,1,-19.32560286376086
9300,72,12,-170.09956846271837,12,-170.09956846271837
9301,65,12,-153.92134393244743,12,-153.92134393244743
9302,19,12,-88.68794552856191,3,-39.9420506223111
9303,30,12,-97.79392861672859,3,-68.71466132418306
9304,83,12,-198.854120452488,12,-198.854120452488
9305,19,12,-88.68794552856191,3,-39.9420506223111
9306,99,12,-247.94248729970576,20,-240.54785882360903
9307,71,12,-167.68740842638795,12,-167.68740842638795
9308,10,12,-84.27710649292833,1,-17.167386388250772
9309,28,12,-95.83446470521845,3,-62.525063432602536
9310,35,12,-103.28316204691019,6,-79.32193460441326
9311,50,12,-124.81047053779731,6,-118.85564190652914
9312,49,12,-123.13930036828388,6,-115.78718783779036
9313,50,12,-124.81047053779731,6,-118.85564190652914
9314,3,12,-82.73882969802135,1,-7.808756080935194
9315,73,12,-172.54538426876832,12,-172.54538426876832
9316,82,12,-196.07186924674602,12,-196.07186924674602
9317,54,12,-131.832176252549,6,-131.7473732422173
9318,69,12,-162.96406455953235,12,-162.96406455953235
9319,26,12,-94.01001581178649,3,-56.76113061721671
9320,61,12,-145.41736476856974,12,-145.41736476856974
9321,55,12,-133.67184780709107,12,-133.67184780709107
9322,79,12,-187.92692573545764,12,-187.92692573545764
9323,22,12,-90.76623443917929,3,-46.51097281076241
9324,13,12,-85.44332130828904,1,-24.257161856809045
9325,81,12,-193.3232515767758,12,-193.3232515767758
9326,43,12,-113.8202034116098,6,-98.67466336494121
9327,57,12,-137.45226948237894,12,-137.45226948237894
9328,34,12,-102.11783014653936,6,-77.18136743158533
9329,14,12,-85.8996369884651,1,-27.0303393518663
9330,10,12,-84.27710649292833,1,-17.167386388250772
9331,67,12,-158.37537046268577,12,-158.37537046268577
9332,72,12,-170.09956846271837,12,-170.09956846271837
9333,91,12,-222.3226706914009,12,-222.3226706914009
9334,65,12,-153.92134393244743,12,-153.92134393244743
9335,50,12,-124.81047053779731,6,-118.85564190652914
9336,18,12,-88.0627272398999,3,-37.96561375881964
9337,55,12,-133.67184780709107,12,-133.67184780709107
9338,72,12,-170.09956846271837,12,-170.09956846271837
9339,0,12,-82.58666666666669,1,-6.8822222222222225
9340,76,12,-180.08474406613544,12,-180.08474406613544
9341,41,12,-110.98357657528959,6,-93.46522121489485
9342,75,12,-177.53797429426584,12,-177.53797429426584
9343,10,12,-84.27710649292833,1,-17.167386388250772
9344,44,12,-115.28909842694712,6,-101.37216560238318
9345,6,12,-83.19527859488348,1,-10.586867266464079
9346,86,12,-207.4026530580665,12,-207.4026530580665
9347,71,12,-167.68740842638795,12,-167.68740842638795
9348,12,12,-85.02079284439587,1,-21.68888886194659
9349,84,12,-201.67000297128635,12,-201.67000297128635
9350,41,12,-110.98357657528959,6,-93.46522121489485
9351,93,12,-228.5259880514485,20,-228.46014739973276
9352,3,12,-82.73882969802135,1,-7.808756080935194
9353,7,12,-83.41503688796908,1,-11.923979800667436
9354,77,12,-182.66516071256729,12,-182.66516071256729
9355,57,12,-137.45226948237894,12,-137.45226948237894
9356,18,12,-88.0627272398999,3,-37.96561375881964
9357,60,12,-143.3755650196889,12,-143.3755650196889
9358,88,12,-213.26980172825859,12,-213.26980172825859
9359,97,12,-241.33591412399238,20,-236.43484574939123
9360,98,12,-244.6224017175923,20,-238.4808810119756
9361,85,12,-204.51951458063076,12,-204.51951458063076
9362,35,12,-103.28316204691019,6,-79.32193460441326
9363,92,12,-225.4075237139973,12,-225.4075237139973
9364,27,12,-94.90536226632408,3,-59.5898777586643
9365,94,12,-231.6780614823333,20,-230.42240386096492
9366,91,12,-222.3226706914009,12,-222.3226706914009
9367,65,12,-153.92134393244743,12,-153.92134393244743
9368,8,12,-83.66859579030925,1,-13.466492256876304
9369,89,12,-216.25380747683084,12,-216.25380747683084
9370,29,12,-96.79732089859871,3,-65.56666537455592
9371,15,12,-86.38973765322098,1,-30.008338880137654
9372,3,12,-82.73882969802135,1,-7.808756080935194
9373,51,12,-126.51534543777501,6,-121.9858949902555
9374,23,12,-91.52653465497364,3,-48.91374309468091
9375,95,12,-234.86374178545628,20,-232.40560631336535
9376,21,12,-90.03970135905276,3,-44.21475244382181
9377,85,12,-204.51951458063076,12,-204.51951458063076
9378,66,12,-156.13152263937536,12,-156.13152263937536
9379,95,12,-234.86374178545628,20,-232.40560631336535
9380,72,12,-170.09956846271837,12,-170.09956846271837
9381,69,12,-162.96406455953235,12,-162.96406455953235
9382,57,12,-137.45226948237894,12,-137.45226948237894
9383,51,12,-126.51534543777501,6,-121.9858949902555
9384,12,12,-85.02079284439587,1,-21.68888886194659
9385,10,12,-84.27710649292833,1,-17.167386388250772
9386,57,12,-137.45226948237894,12,-137.45226948237894
9387,59,12,-141.367447738551,12,-141.367447738551
9388,50,12,-124.81047053779731,6,-118.85564190652914
9389,75,12,-177.53797429426584,12,-177.53797429426584
9390,42,12,-112.38502871842148,6,-96.03901273050752
9391,29,12,-96.79732089859871,3,-65.56666537455592
9392,53,12,-130.0262005218131,6,-128.43176816621013
9393,40,12,-109.61584921025063,6,-90.95329633472858
9394,44,12,-115.28909842694712,6,-101.37216560238318
9395,73,12,-172.54538426876832,12,-172.54538426876832
9396,41,12,-110.98357657528959,6,-93.46522121489485
9397,88,12,-213.26980172825859,12,-213.26980172825859
9398,43,12,-113.8202034116098,6,-98.67466336494121
9399,39,12,-108.28184885147208,6,-88.50324560744662
9400,97,12,-241.33591412399238,20,-236.43484574939123
9401,73,12,-172.54538426876832,12,-172.54538426876832
9402,6,12,-83.19527859488348,1,-10.586867266464079
9403,88,12,-213.26980172825859,12,-213.26980172825859
9404,23,12,-91.52653465497364,3,-48.91374309468091
9405,40,12,-109.61584921025063,6,-90.95329633472858
9406,5,12,-83.00932314367421,1,-9.455237327983067
9407,14,12,-85.8996369884651,1,-27.0303393518663
9408,87,12,-210.3194161813455,12,-210.3194161813455
9409,16,12,-86.91362107098472,1,-33.19107800413937
9410,40,12,-109.61584921025063,6,-90.95329633472858
9411,26,12,-94.01001581178649,3,-56.76113061721671
9412,14,12,-85.8996369884651,1,-27.0303393518663
9413,75,12,-177.53797429426584,12,-177.53797429426584
9414,58,12,-139.39301515084207,12,-139.39301515084207
9415,79,12,-187.92692573545764,12,-187.92692573545764
9416,15,12,-86.38973765322098,1,-30.008338880137654
9417,60,12,-143.3755650196889,12,-143.3755650196889
9418,19,12,-88.68794552856191,3,-39.9420506223111
9419,82,12,-196.07186924674602,12,-196.07186924674602
9420,62,12,-147.492844759646,12,-147.492844759646
9421,63,12,-149.60200276748782,12,-149.60200276748782
9422,79,12,-187.92692573545764,12,-187.92692573545764
9423,5,12,-83.00932314367421,1,-9.455237327983067
9424,71,12,-167.68740842638795,12,-167.68740842638795
9425,71,12,-167.68740842638795,12,-167.68740842638795
9426,22,12,-90.76623443917929,3,-46.51097281076241
9427,48,12,-121.50183715622016,6,-112.7805402942011
9428,83,12,-198.854120452488,12,-198.854120452488
9429,14,12,-85.8996369884651,1,-27.0303393518663
9430,2,12,-82.65429616947476,1,-7.294070267709967
9431,79,12,-187.92692573545764,12,-187.92692573545764
9432,20,12,-89.34693764525149,3,-42.025104283182344
9433,10,12,-84.27710649292833,1,-17.167386388250772
9434,85,12,-204.51951458063076,12,-204.51951458063076
9435,41,12,-110.98357657528959,6,-93.46522121489485
9436,49,12,-123.13930036828388,6,-115.78718783779036
9437,57,12,-137.45226948237894,12,-137.45226948237894
9438,49,12,-123.13930036828388,6,-115.78718783779036
9439,29,12,-96.79732089859871,3,-65.56666537455592
9440,68,12,-160.6528851776278,12,-160.6528851776278
9441,36,12,-104.48223209634578,6,-81.52441352950547
9442,74,12,-175.02485362057575,12,-175.02485362057575
9443,64,12,-151.74483656681207,12,-151.74483656681207
9444,18,12,-88.0627272398999,3,-37.96561375881964
9445,44,12,-115.28909842694712,6,-101.37216560238318
9446,3,12,-82.73882969802135,1,-7.808756080935194
9447,48,12,-121.50183715622016,6,-112.7805402942011
9448,88,12,-213.26980172825859,12,-213.26980172825859
9449,28,12,-95.83446470521845,3,-62.525063432602536
9450,34,12,-102.11783014653936,6,-77.18136743158533
9451,72,12,-170.09956846271837,12,-170.09956846271837
9452,56,12,-135.54521295910172,12,-135.54521295910172
9453,37,12,-105.71503806602566,6,-83.78879668536612
9454,95,12,-234.86374178545628,20,-232.40560631336535
9455,12,12,-85.02079284439587,1,-21.68888886194659
9456,43,12,-113.8202034116098,6,-98.67466336494121
9457,38,12,-106.98157772725399,6,-86.11507655130762
9458,48,12,-121.50183715622016,6,-112.7805402942011
9459,90,12,-219.27143120512085,12,-219.27143120512085
9460,4,12,-82.85717276709248,1,-8.529172688515441
9461,38,12,-106.98157772725399,6,-86.11507655130762
9462,79,12,-187.92692573545764,12,-187.92692573545764
9463,27,12,-94.90536226632408,3,-59.5898777586643
9464,10,12,-84.27710649292833,1,-17.167386388250772
9465,7,12,-83.41503688796908,1,-11.923979800667436
9466,54,12,-131.832176252549,6,-131.7473732422173
9467,88,12,-213.26980172825859,12,-213.26980172825859
9468,33,12,-100.9862386241835,6,-75.10271953333199
9469,96,12,-238.08302673965238,20,-234.40975389635224
9470,57,12,-137.45226948237894,12,-137.45226948237894
9471,62,12,-147.492844759646,12,-147.492844759646
9472,88,12,-213.26980172825859,12,-213.26980172825859
9473,84,12,-201.67000297128635,12,-201.67000297128635
9474,94,12,-231.6780614823333,20,-230.42240386096492
9475,4,12,-82.85717276709248,1,-8.529172688515441
9476,53,12,-130.0262005218131,6,-128.43176816621013
9477,12,12,-85.02079284439587,1,-21.68888886194659
9478,30,12,-97.79392861672859,3,-68.71466132418306
9479,46,12,-118.32804051309115,6,-106.95269482704867
9480,20,12,-89.34693764525149,3,-42.025104283182344
9481,97,12,-241.33591412399238,20,-236.43484574939123
9482,58,12,-139.39301515084207,12,-139.39301515084207
9483,51,12,-126.51534543777501,6,-121.9858949902555
9484,5,12,-83.00932314367421,1,-9.455237327983067
9485,60,12,-143.3755650196889,12,-143.3755650196889
9486,83,12,-198.854120452488,12,-198.854120452488
9487,7,12,-83.41503688796908,1,-11.923979800667436
9488,46,12,-118.32804051309115,6,-106.95269482704867
9489,88,12,-213.26980172825859,12,-213.26980172825859
9490,9,12,-83.95595306941537,1,-15.214321990937147
9491,49,12,-123.13930036828388,6,-115.78718783779036
9492,17,12,-87.4712850103148,3,-36.095815994462484
9493,98,12,-244.6224017175923,20,-238.4808810119756
9494,14,12,-85.8996369884651,1,-27.0303393518663
9495,66,12,-156.13152263937536,12,-156.13152263937536
9496,9,12,-83.95595306941537,1,-15.214321990937147
9497,58,12,-139.39301515084207,12,-139.39301515084207
9498,27,12,-94.90536226632408,3,-59.5898777586643
9499,75,12,-177.53797429426584,12,-177.53797429426584
9500,59,12,-141.367447738551,12,-141.367447738551
9501,47,12,-119.89808312874094,6,-109.83570678670114
9502,47,12,-119.89808312874094,6,-109.83570678670114
9503,86,12,-207.4026530580665,12,-207.4026530580665
9504,32,12,-99.88838970893231,6,-73.08599843278336
9505,53,12,-130.0262005218131,6,-128.43176816621013
9506,4,12,-82.85717276709248,1,-8.529172688515441
9507,29,12,-96.79732089859871,3,-65.56666537455592
9508,37,12,-105.71503806602566,6,-83.78879668536612
9509,42,12,-112.38502871842148,6,-96.03901273050752
9510,98,12,-244.6224017175923,20,-238.4808810119756
9511,21,12,-90.03970135905276,3,-44.21475244382181
9512,22,12,-90.76623443917929,3,-46.51097281076241
9513,54,12,-131.832176252549,6,-131.7473732422173
9514,62,12,-147.492844759646,12,-147.492844759646
9515,17,12,-87.4712850103148,3,-36.095815994462484
9516,3,12,-82.73882969802135,1,-7.808756080935194
9517,18,12,-88.0627272398999,3,-37.96561375881964
9518,69,12,-162.96406455953235,12,-162.96406455953235
9519,41,12,-110.98357657528959,6,-93.46522121489485
9520,34,12,-102.11783014653936,6,-77.18136743158533
9521,9,12,-83.95595306941537,1,-15.214321990937147
9522,92,12,-225.4075237139973,12,-225.4075237139973
9523,32,12,-99.88838970893231,6,-73.08599843278336
9524,29,12,-96.79732089859871,3,-65.56666537455592
9525,96,12,-238.08302673965238,20,-234.40975389635224
9526,95,12,-234.86374178545628,20,-232.40560631336535
9527,74,12,-175.02485362057575,12,-175.02485362057575
9528,9,12,-83.95595306941537,1,-15.214321990937147
9529,21,12,-90.03970135905276,3,-44.21475244382181
9530,61,12,-145.41736476856974,12,-145.41736476856974
9531,58,12,-139.39301515084207,12,-139.39301515084207
9532,55,12,-133.67184780709107,12,-133.67184780709107
9533,99,12,-247.94248729970576,20,-240.54785882360903
9534,92,12,-225.4075237139973,12,-225.4075237139973
9535,9,12,-83.95595306941537,1,-15.214321990937147
9536,48,12,-121.50183715622016,6,-112.7805402942011
9537,42,12,-112.38502871842148,6,-96.03901273050752
9538,92,12,-225.4075237139973,12,-225.4075237139973
9539,69,12,-162.96406455953235,12,-162.96406455953235
9540,68,12,-160.6528851776278,12,-160.6528851776278
9541,17,12,-87.4712850103148,3,-36.095815994462484
9542,48,12,-121.50183715622016,6,-112.7805402942011
9543,64,12,-151.74483656681207,12,-151.74483656681207
9544,52,12,-128.2539228413562,6,-125.177939579655
9545,4,12,-82.85717276709248,1,-8.529172688515441
9546,48,12,-121.50183715622016,6,-112.7805402942011
9547,8,12,-83.66859579030925,1,-13.466492256876304
9548,49,12,-123.13930036828388,6,-115.78718783779036
9549,88,12,-213.26980172825859,12,-213.26980172825859
9550,28,12,-95.83446470521845,3,-62.525063432602536
9551,57,12,-137.45226948237894,12,-137.45226948237894
9552,44,12,-115.28909842694712,6,-101.37216560238318
9553,91,12,-222.3226706914009,12,-222.3226706914009
9554,38,12,-106.98157772725399,6,-86.11507655130762
9555,68,12,-160.6528851776278,12,-160.6528851776278
9556,90,12,-219.27143120512085,12,-219.27143120512085
9557,24,12,-92.32059977591312,3,-51.42304101039932
9558,75,12,-177.53797429426584,12,-177.53797429426584
9559,44,12,-115.28909842694712,6,-101.37216560238318
9560,25,12,-93.14842757160632,3,-54.03884427687615
9561,54,12,-131.832176252549,6,-131.7473732422173
9562,52,12,-128.2539228413562,6,-125.177939579655
9563,87,12,-210.3194161813455,12,-210.3194161813455
9564,91,12,-222.3226706914009,12,-222.3226706914009
9565,48,12,-121.50183715622016,6,-112.7805402942011
9566,63,12,-149.60200276748782,12,-149.60200276748782
9567,20,12,-89.34693764525149,3,-42.025104283182344
9568,19,12,-88.68794552856191,3,-39.9420506223111
9569,60,12,-143.3755650196889,12,-143.3755650196889
9570,11,12,-84.63205382862074,1,-19.32560286376086
9571,90,12,-219.27143120512085,12,-219.27143120512085
9572,41,12,-110.98357657528959,6,-93.46522121489485
9573,41,12,-110.98357657528959,6,-93.46522121489485
9574,6,12,-83.19527859488348,1,-10.586867266464079
9575,97,12,-241.33591412399238,20,-236.43484574939123
9576,13,12,-85.44332130828904,1,-24.257161856809045
9577,2,12,-82.65429616947476,1,-7.294070267709967
9578,45,12,-116.79171153665492,6,-104.13151192781399
9579,72,12,-170.09956846271837,12,-170.09956846271837
9580,29,12,-96.79732089859871,3,-65.56666537455592
9581,85,12,-204.51951458063076,12,-204.51951458063076
9582,95,12,-234.86374178545628,20,-232.40560631336535
9583,54,12,-131.832176252549,6,-131.7473732422173
9584,55,12,-133.67184780709107,12,-133.67184780709107
9585,72,12,-170.09956846271837,12,-170.09956846271837
9586,50,12,-124.81047053779731,6,-118.85564190652914
9587,47,12,-119.89808312874094,6,-109.83570678670114
9588,56,12,-135.54521295910172,12,-135.54521295910172
9589,84,12,-201.67000297128635,12,-201.67000297128635
9590,24,12,-92.32059977591312,3,-51.42304101039932
9591,92,12,-225.4075237139973,12,-225.4075237139973
9592,46,12,-118.32804051309115,6,-106.95269482704867
9593,14,12,-85.8996369884651,1,-27.0303393518663
9594,21,12,-90.03970135905276,3,-44.21475244382181
9595,89,12,-216.25380747683084,12,-216.25380747683084
9596,84,12,-201.67000297128635,12,-201.67000297128635
9597,55,12,-133.67184780709107,12,-133.67184780709107
9598,96,12,-238.08302673965238,20,-234.40975389635224
9599,84,12,-201.67000297128635,12,-201.67000297128635
9600,33,12,-100.9862386241835,6,-75.10271953333199
9601,12,12,-85.02079284439587,1,-21.68888886194659
9602,97,12,-241.33591412399238,20,-236.43484574939123
9603,71,12,-167.68740842638795,12,-167.68740842638795
9604,9,12,-83.95595306941537,1,-15.214321990937147
9605,88,12,-213.26980172825859,12,-213.26980172825859
9606,14,12,-85.8996369884651,1,-27.0303393518663
9607,87,12,-210.3194161813455,12,-210.3194161813455
9608,5,12,-83.00932314367421,1,-9.455237327983067
9609,46,12,-118.32804051309115,6,-106.95269482704867
9610,4,12,-82.85717276709248,1,-8.529172688515441
9611,12,12,-85.02079284439587,1,-21.68888886194659
9612,88,12,-213.26980172825859,12,-213.26980172825859
9613,81,12,-193.3232515767758,12,-193.3232515767758
9614,78,12,-185.27922201012348,12,-185.27922201012348
9615,55,12,-133.67184780709107,12,-133.67184780709107
9616,78,12,-185.27922201012348,12,-185.27922201012348
9617,81,12,-193.3232515767758,12,-193.3232515767758
9618,94,12,-231.6780614823333,20,-230.42240386096492
9619,9,12,-83.95595306941537,1,-15.214321990937147
9620,37,12,-105.71503806602566,6,-83.78879668536612
9621,1,12,-82.6035744145978,1,-6.9851980409108565
9622,51,12,-126.51534543777501,6,-121.9858949902555
9623,64,12,-151.74483656681207,12,-151.74483656681207
9624,26,12,-94.01001581178649,3,-56.76113061721671
9625,11,12,-84.63205382862074,1,-19.32560286376086
9626,39,12,-108.28184885147208,6,-88.50324560744662
9627,41,12,-110.98357657528959,6,-93.46522121489485
9628,84,12,-201.67000297128635,12,-201.67000297128635
9629,25,12,-93.14842757160632,3,-54.03884427687615
9630,33,12,-100.9862386241835,6,-75.10271953333199
9631,51,12,-126.51534543777501,6,-121.9858949902555
9632,21,12,-90.03970135905276,3,-44.21475244382181
9633,54,12,-131.832176252549,6,-131.7473732422173
9634,79,12,-187.92692573545764,12,-187.92692573545764
9635,97,12,-241.33591412399238,20,-236.43484574939123
9636,0,12,-82.58666666666669,1,-6.8822222222222225
9637,11,12,-84.63205382862074,1,-19.32560286376086
9638,92,12,-225.4075237139973,12,-225.4075237139973
9639,33,12,-100.9862386241835,6,-75.10271953333199
9640,10,12,-84.27710649292833,1,-17.167386388250772
9641,13,12,-85.44332130828904,1,-24.257161856809045
9642,85,12,-204.51951458063076,12,-204.51951458063076
9643,10,12,-84.27710649292833,1,-17.167386388250772
9644,39,12,-108.28184885147208,6,-88.50324560744662
9645,32,12,-99.88838970893231,6,-73.08599843278336
9646,68,12,-160.6528851776278,12,-160.6528851776278
9647,35,12,-103.28316204691019,6,-79.32193460441326
9648,72,12,-170.09956846271837,12,-170.09956846271837
9649,87,12,-210.3194161813455,12,-210.3194161813455
9650,87,12,-210.3194161813455,12,-210.3194161813455
9651,77,12,-182.66516071256729,12,-182.66516071256729
9652,82,12,-196.07186924674602,12,-196.07186924674602
9653,63,12,-149.60200276748782,12,-149.60200276748782
9654,46,12,-118.32804051309115,6,-106.95269482704867
9655,98,12,-244.6224017175923,20,-238.4808810119756
9656,82,12,-196.07186924674602,12,-196.07186924674602
9657,20,12,-89.34693764525149,3,-42.025104283182344
9658,26,12,-94.01001581178649,3,-56.76113061721671
9659,28,12,-95.83446470521845,3,-62.525063432602536
9660,12,12,-85.02079284439587,1,-21.68888886194659
9661,17,12,-87.4712850103148,3,-36.095815994462484
9662,2,12,-82.65429616947476,1,-7.294070267709967
9663,36,12,-104.48223209634578,6,-81.52441352950547
9664,74,12,-175.02485362057575,12,-175.02485362057575
9665,34,12,-102.11783014653936,6,-77.18136743158533
9666,39,12,-108.28184885147208,6,-88.50324560744662
9667,10,12,-84.27710649292833,1,-17.167386388250772
9668,51,12,-126.51534543777501,6,-121.9858949902555
9669,2,12,-82.65429616947476,1,-7.294070267709967
9670,65,12,-153.92134393244743,12,-153.92134393244743
9671,23,12,-91.52653465497364,3,-48.91374309468091
9672,0,12,-82.58666666666669,1,-6.8822222222222225
9673,74,12,-175.02485362057575,12,-175.02485362057575
9674,68,12,-160.6528851776278,12,-160.6528851776278
9675,20,12,-89.34693764525149,3,-42.025104283182344
9676,57,12,-137.45226948237894,12,-137.45226948237894
9677,5,12,-83.00932314367421,1,-9.455237327983067
9678,3,12,-82.73882969802135,1,-7.808756080935194
9679,13,12,-85.44332130828904,1,-24.257161856809045
9680,94,12,-231.6780614823333,20,-230.42240386096492
9681,43,12,-113.8202034116098,6,-98.67466336494121
9682,2,12,-82.65429616947476,1,-7.294070267709967
9683,33,12,-100.9862386241835,6,-75.10271953333199
9684,27,12,-94.90536226632408,3,-59.5898777586643
9685,5,12,-83.00932314367421,1,-9.455237327983067
9686,51,12,-126.51534543777501,6,-121.9858949902555
9687,77,12,-182.66516071256729,12,-182.66516071256729
9688,37,12,-105.71503806602566,6,-83.78879668536612
9689,23,12,-91.52653465497364,3,-48.91374309468091
9690,15,12,-86.38973765322098,1,-30.008338880137654
9691,74,12,-175.02485362057575,12,-175.02485362057575
9692,92,12,-225.4075237139973,12,-225.4075237139973
9693,35,12,-103.28316204691019,6,-79.32193460441326
9694,24,12,-92.32059977591312,3,-51.42304101039932
9695,94,12,-231.6780614823333,20,-230.42240386096492
9696,61,12,-145.41736476856974,12,-145.41736476856974
9697,53,12,-130.0262005218131,6,-128.43176816621013
9698,87,12,-210.3194161813455,12,-210.3194161813455
9699,8,12,-83.66859579030925,1,-13.466492256876304
9700,29,12,-96.79732089859871,3,-65.56666537455592
9701,94,12,-231.6780614823333,20,-230.42240386096492
9702,99,12,-247.94248729970576,20,-240.54785882360903
9703,74,12,-175.02485362057575,12,-175.02485362057575
9704,25,12,-93.14842757160632,3,-54.03884427687615
9705,5,12,-83.00932314367421,1,-9.455237327983067
9706,5,12,-83.00932314367421,1,-9.455237327983067
9707,30,12,-97.79392861672859,3,-68.71466132418306
9708,3,12,-82.73882969802135,1,-7.808756080935194
9709,11,12,-84.63205382862074,1,-19.32560286376086
9710,57,12,-137.45226948237894,12,-137.45226948237894
9711,27,12,-94.90536226632408,3,-59.5898777586643
9712,0,12,-82.58666666666669,1,-6.8822222222222225
9713,91,12,-222.3226706914009,12,-222.3226706914009
9714,11,12,-84.63205382862074,1,-19.32560286376086
9715,36,12,-104.48223209634578,6,-81.52441352950547
9716,66,12,-156.13152263937536,12,-156.13152263937536
9717,21,12,-90.03970135905276,3,-44.21475244382181
9718,73,12,-172.54538426876832,12,-172.54538426876832
9719,94,12,-231.6780614823333,20,-230.42240386096492
9720,58,12,-139.39301515084207,12,-139.39301515084207
9721,27,12,-94.90536226632408,3,-59.5898777586643
9722,18,12,-88.0627272398999,3,-37.96561375881964
9723,49,12,-123.13930036828388,6,-115.78718783779036
9724,57,12,-137.45226948237894,12,-137.45226948237894
9725,88,12,-213.26980172825859,12,-213.26980172825859
9726,40,12,-109.61584921025063,6,-90.95329633472858
9727,51,12,-126.51534543777501,6,-121.9858949902555
9728,22,12,-90.76623443917929,3,-46.51097281076241
9729,29,12,-96.79732089859871,3,-65.56666537455592
9730,53,12,-130.0262005218131,6,-128.43176816621013
9731,40,12,-109.61584921025063,6,-90.95329633472858
9732,45,12,-116.79171153665492,6,-104.13151192781399
9733,50,12,-124.81047053779731,6,-118.85564190652914
9734,53,12,-130.0262005218131,6,-128.43176816621013
9735,80,12,-190.60826966535672,12,-190.60826966535672
9736,11,12,-84.63205382862074,1,-19.32560286376086
9737,32,12,-99.88838970893231,6,-73.08599843278336
9738,57,12,-137.45226948237894,12,-137.45226948237894
9739,27,12,-94.90536226632408,3,-59.5898777586643
9740,12,12,-85.02079284439587,1,-21.68888886194659
9741,78,12,-185.27922201012348,12,-185.27922201012348
9742,50,12,-124.81047053779731,6,-118.85564190652914
9743,60,12,-143.3755650196889,12,-143.3755650196889
9744,77,12,-182.66516071256729,12,-182.66516071256729
9745,62,12,-147.492844759646,12,-147.492844759646
9746,52,12,-128.2539228413562,6,-125.177939579655
9747,65,12,-153.92134393244743,12,-153.92134393244743
9748,60,12,-143.3755650196889,12,-143.3755650196889
9749,31,12,-98.82428562999917,6,-71.1312116538696
9750,49,12,-123.13930036828388,6,-115.78718783779036
9751,73,12,-172.54538426876832,12,-172.54538426876832
9752,14,12,-85.8996369884651,1,-27.0303393518663
9753,79,12,-187.92692573545764,12,-187.92692573545764
9754,11,12,-84.63205382862074,1,-19.32560286376086
9755,68,12,-160.6528851776278,12,-160.6528851776278
9756,33,12,-100.9862386241835,6,-75.10271953333199
9757,56,12,-135.54521295910172,12,-135.54521295910172
9758,41,12,-110.98357657528959,6,-93.46522121489485
9759,27,12,-94.90536226632408,3,-59.5898777586643
9760,50,12,-124.81047053779731,6,-118.85564190652914
9761,95,12,-234.86374178545628,20,-232.40560631336535
9762,17,12,-87.4712850103148,3,-36.095815994462484
9763,15,12,-86.38973765322098,1,-30.008338880137654
9764,38,12,-106.98157772725399,6,-86.11507655130762
9765,2,12,-82.65429616947476,1,-7.294070267709967
9766,85,12,-204.51951458063076,12,-204.51951458063076
9767,35,12,-103.28316204691019,6,-79.32193460441326
9768,17,12,-87.4712850103148,3,-36.095815994462484
9769,39,12,-108.28184885147208,6,-88.50324560744662
9770,94,12,-231.6780614823333,20,-230.42240386096492
9771,63,12,-149.60200276748782,12,-149.60200276748782
9772,49,12,-123.13930036828388,6,-115.78718783779036
9773,9,12,-83.95595306941537,1,-15.214321990937147
9774,25,12,-93.14842757160632,3,-54.03884427687615
9775,29,12,-96.79732089859871,3,-65.56666537455592
9776,66,12,-156.13152263937536,12,-156.13152263937536
9777,0,12,-82.58666666666669,1,-6.8822222222222225
9778,49,12,-123.13930036828388,6,-115.78718783779036
9779,89,12,-216.25380747683084,12,-216.25380747683084
9780,5,12,-83.00932314367421,1,-9.455237327983067
9781,84,12,-201.67000297128635,12,-201.67000297128635
9782,13,12,-85.44332130828904,1,-24.257161856809045
9783,37,12,-105.71503806602566,6,-83.78879668536612
9784,84,12,-201.67000297128635,12,-201.67000297128635
9785,30,12,-97.79392861672859,3,-68.71466132418306
9786,60,12,-143.3755650196889,12,-143.3755650196889
9787,57,12,-137.45226948237894,12,-137.45226948237894
9788,2,12,-82.65429616947476,1,-7.294070267709967
9789,37,12,-105.71503806602566,6,-83.78879668536612
9790,52,12,-128.2539228413562,6,-125.177939579655
9791,22,12,-90.76623443917929,3,-46.51097281076241
9792,93,12,-228.5259880514485,20,-228.46014739973276
9793,84,12,-201.67000297128635,12,-201.67000297128635
9794,65,12,-153.92134393244743,12,-153.92134393244743
9795,41,12,-110.98357657528959,6,-93.46522121489485
9796,86,12,-207.4026530580665,12,-207.4026530580665
9797,54,12,-131.832176252549,6,-131.7473732422173
9798,71,12,-167.68740842638795,12,-167.68740842638795
9799,38,12,-106.98157772725399,6,-86.11507655130762
9800,16,12,-86.91362107098472,1,-33.19107800413937
9801,52,12,-128.2539228413562,6,-125.177939579655
9802,92,12,-225.4075237139973,12,-225.4075237139973
9803,51,12,-126.51534543777501,6,-121.9858949902555
9804,87,12,-210.3194161813455,12,-210.3194161813455
9805,28,12,-95.83446470521845,3,-62.525063432602536
9806,46,12,-118.32804051309115,6,-106.95269482704867
9807,9,12,-83.95595306941537,1,-15.214321990937147
9808,41,12,-110.98357657528959,6,-93.46522121489485
9809,27,12,-94.90536226632408,3,-59.5898777586643
9810,15,12,-86.38973765322098,1,-30.008338880137654
9811,26,12,-94.01001581178649,3,-56.76113061721671
9812,79,12,-187.92692573545764,12,-187.92692573545764
9813,14,12,-85.8996369884651,1,-27.0303393518663
9814,16,12,-86.91362107098472,1,-33.19107800413937
9815,29,12,-96.79732089859871,3,-65.56666537455592
9816,61,12,-145.41736476856974,12,-145.41736476856974
9817,82,12,-196.07186924674602,12,-196.07186924674602
9818,6,12,-83.19527859488348,1,-10.586867266464079
9819,55,12,-133.67184780709107,12,-133.67184780709107
9820,65,12,-153.92134393244743,12,-153.92134393244743
9821,81,12,-193.3232515767758,12,-193.3232515767758
9822,0,12,-82.58666666666669,1,-6.8822222222222225
9823,30,12,-97.79392861672859,3,-68.71466132418306
9824,49,12,-123.13930036828388,6,-115.78718783779036
9825,62,12,-147.492844759646,12,-147.492844759646
9826,1,12,-82.6035744145978,1,-6.9851980409108565
9827,75,12,-177.53797429426584,12,-177.53797429426584
9828,31,12,-98.82428562999917,6,-71.1312116538696
9829,32,12,-99.88838970893231,6,-73.08599843278336
9830,74,12,-175.02485362057575,12,-175.02485362057575
9831,3,12,-82.73882969802135,1,-7.808756080935194
9832,61,12,-145.41736476856974,12,-145.41736476856974
9833,88,12,-213.26980172825859,12,-213.26980172825859
9834,12,12,-85.02079284439587,1,-21.68888886194659
9835,26,12,-94.01001581178649,3,-56.76113061721671
9836,4,12,-82.85717276709248,1,-8.529172688515441
9837,41,12,-110.98357657528959,6,-93.46522121489485
9838,49,12,-123.13930036828388,6,-115.78718783779036
9839,78,12,-185.27922201012348,12,-185.27922201012348
9840,20,12,-89.34693764525149,3,-42.025104283182344
9841,59,12,-141.367447738551,12,-141.367447738551
9842,42,12,-112.38502871842148,6,-96.03901273050752
9843,14,12,-85.8996369884651,1,-27.0303393518663
9844,54,12,-131.832176252549,6,-131.7473732422173
9845,4,12,-82.85717276709248,1,-8.529172688515441
9846,59,12,-141.367447738551,12,-141.367447738551
9847,50,12,-124.81047053779731,6,-118.85564190652914
9848,87,12,-210.3194161813455,12,-210.3194161813455
9849,10,12,-84.27710649292833,1,-17.167386388250772
9850,11,12,-84.63205382862074,1,-19.32560286376086
9851,85,12,-204.51951458063076,12,-204.51951458063076
9852,57,12,-137.45226948237894,12,-137.45226948237894
9853,66,12,-156.13152263937536,12,-156.13152263937536
9854,62,12,-147.492844759646,12,-147.492844759646
9855,11,12,-84.63205382862074,1,-19.32560286376086
9856,73,12,-172.54538426876832,12,-172.54538426876832
9857,54,12,-131.832176252549,6,-131.7473732422173
9858,53,12,-130.0262005218131,6,-128.43176816621013
9859,56,12,-135.54521295910172,12,-135.54521295910172
9860,30,12,-97.79392861672859,3,-68.71466132418306
9861,58,12,-139.39301515084207,12,-139.39301515084207
9862,40,12,-109.61584921025063,6,-90.95329633472858
9863,55,12,-133.67184780709107,12,-133.67184780709107
9864,95,12,-234.86374178545628,20,-232.40560631336535
9865,88,12,-213.26980172825859,12,-213.26980172825859
9866,8,12,-83.66859579030925,1,-13.466492256876304
9867,80,12,-190.60826966535672,12,-190.60826966535672
9868,81,12,-193.3232515767758,12,-193.3232515767758
9869,93,12,-228.5259880514485,20,-228.46014739973276
9870,93,12,-228.5259880514485,20,-228.46014739973276
9871,15,12,-86.38973765322098,1,-30.008338880137654
9872,57,12,-137.45226948237894,12,-137.45226948237894
9873,7,12,-83.41503688796908,1,-11.923979800667436
9874,24,12,-92.32059977591312,3,-51.42304101039932
9875,74,12,-175.02485362057575,12,-175.02485362057575
9876,53,12,-130.0262005218131,6,-128.43176816621013
9877,50,12,-124.81047053779731,6,-118.85564190652914
9878,72,12,-170.09956846271837,12,-170.09956846271837
9879,40,12,-109.61584921025063,6,-90.95329633472858
9880,74,12,-175.02485362057575,12,-175.02485362057575
9881,39,12,-108.28184885147208,6,-88.50324560744662
9882,99,12,-247.94248729970576,20,-240.54785882360903
9883,22,12,-90.76623443917929,3,-46.51097281076241
9884,44,12,-115.28909842694712,6,-101.37216560238318
9885,48,12,-121.50183715622016,6,-112.7805402942011
9886,53,12,-130.0262005218131,6,-128.43176816621013
9887,0,12,-82.58666666666669,1,-6.8822222222222225
9888,81,12,-193.3232515767758,12,-193.3232515767758
9889,72,12,-170.09956846271837,12,-170.09956846271837
9890,22,12,-90.76623443917929,3,-46.51097281076241
9891,75,12,-177.53797429426584,12,-177.53797429426584
9892,93,12,-228.5259880514485,20,-228.46014739973276
9893,52,12,-128.2539228413562,6,-125.177939579655
9894,32,12,-99.88838970893231,6,-73.08599843278336
9895,46,12,-118.32804051309115,6,-106.95269482704867
9896,19,12,-88.68794552856191,3,-39.9420506223111
9897,38,12,-106.98157772725399,6,-86.11507655130762
9898,96,12,-238.08302673965238,20,-234.40975389635224
9899,47,12,-119.89808312874094,6,-109.83570678670114
9900,47,12,-119.89808312874094,6,-109.83570678670114
9901,73,12,-172.54538426876832,12,-172.54538426876832
9902,48,12,-121.50183715622016,6,-112.7805402942011
9903,28,12,-95.83446470521845,3,-62.525063432602536
9904,82,12,-196.07186924674602,12,-196.07186924674602
9905,21,12,-90.03970135905276,3,-44.21475244382181
9906,30,12,-97.79392861672859,3,-68.71466132418306
9907,97,12,-241.33591412399238,20,-236.43484574939123
9908,32,12,-99.88838970893231,6,-73.08599843278336
9909,71,12,-167.68740842638795,12,-167.68740842638795
9910,99,12,-247.94248729970576,20,-240.54785882360903
9911,24,12,-92.32059977591312,3,-51.42304101039932
9912,65,12,-153.92134393244743,12,-153.92134393244743
9913,82,12,-196.07186924674602,12,-196.07186924674602
9914,54,12,-131.832176252549,6,-131.7473732422173
9915,61,12,-145.41736476856974,12,-145.41736476856974
9916,0,12,-82.58666666666669,1,-6.8822222222222225
9917,53,12,-130.0262005218131,6,-128.43176816621013
9918,84,12,-201.67000297128635,12,-201.67000297128635
9919,64,12,-151.74483656681207,12,-151.74483656681207
9920,53,12,-130.0262005218131,6,-128.43176816621013
9921,8,12,-83.66859579030925,1,-13.466492256876304
9922,78,12,-185.27922201012348,12,-185.27922201012348
9923,38,12,-106.98157772725399,6,-86.11507655130762
9924,82,12,-196.07186924674602,12,-196.07186924674602
9925,2,12,-82.65429616947476,1,-7.294070267709967
9926,3,12,-82.73882969802135,1,-7.808756080935194
9927,54,12,-131.832176252549,6,-131.7473732422173
9928,18,12,-88.0627272398999,3,-37.96561375881964
9929,46,12,-118.32804051309115,6,-106.95269482704867
9930,7,12,-83.41503688796908,1,-11.923979800667436
9931,6,12,-83.19527859488348,1,-10.586867266464079
9932,0,12,-82.58666666666669,1,-6.8822222222222225
9933,72,12,-170.09956846271837,12,-170.09956846271837
9934,28,12,-95.83446470521845,3,-62.525063432602536
9935,16,12,-86.91362107098472,1,-33.19107800413937
9936,43,12,-113.8202034116098,6,-98.67466336494121
9937,95,12,-234.86374178545628,20,-232.40560631336535
9938,56,12,-135.54521295910172,12,-135.54521295910172
9939,91,12,-222.3226706914009,12,-222.3226706914009
9940,73,12,-172.54538426876832,12,-172.54538426876832
9941,36,12,-104.48223209634578,6,-81.52441352950547
9942,39,12,-108.28184885147208,6,-88.50324560744662
9943,7,12,-83.41503688796908,1,-11.923979800667436
9944,32,12,-99.88838970893231,6,-73.08599843278336
9945,14,12,-85.8996369884651,1,-27.0303393518663
9946,14,12,-85.8996369884651,1,-27.0303393518663
9947,99,12,-247.94248729970576,20,-240.54785882360903
9948,95,12,-234.86374178545628,20,-232.40560631336535
9949,12,12,-85.02079284439587,1,-21.68888886194659
9950,10,12,-84.27710649292833,1,-17.167386388250772
9951,36,12,-104.48223209634578,6,-81.52441352950547
9952,78,12,-185.27922201012348,12,-185.27922201012348
9953,5,12,-83.00932314367421,1,-9.455237327983067
9954,15,12,-86.38973765322098,1,-30.008338880137654
9955,77,12,-182.66516071256729,12,-182.66516071256729
9956,84,12,-201.67000297128635,12,-201.67000297128635
9957,16,12,-86.91362107098472,1,-33.19107800413937
9958,80,12,-190.60826966535672,12,-190.60826966535672
9959,49,12,-123.13930036828388,6,-115.78718783779036
9960,91,12,-222.3226706914009,12,-222.3226706914009
9961,26,12,-94.01001581178649,3,-56.76113061721671
9962,20,12,-89.34693764525149,3,-42.025104283182344
9963,41,12,-110.98357657528959,6,-93.46522121489485
9964,42,12,-112.38502871842148,6,-96.03901273050752
9965,46,12,-118.32804051309115,6,-106.95269482704867
9966,30,12,-97.79392861672859,3,-68.71466132418306
9967,33,12,-100.9862386241835,6,-75.10271953333199
9968,58,12,-139.39301515084207,12,-139.39301515084207
9969,51,12,-126.51534543777501,6,-121.9858949902555
9970,72,12,-170.09956846271837,12,-170.09956846271837
9971,8,12,-83.66859579030925,1,-13.466492256876304
9972,27,12,-94.90536226632408,3,-59.5898777586643
9973,93,12,-228.5259880514485,20,-228.46014739973276
9974,67,12,-158.37537046268577,12,-158.37537046268577
9975,37,12,-105.71503806602566,6,-83.78879668536612
9976,56,12,-135.54521295910172,12,-135.54521295910172
9977,76,12,-180.08474406613544,12,-180.08474406613544
9978,2,12,-82.65429616947476,1,-7.294070267709967
9979,76,12,-180.08474406613544,12,-180.08474406613544
9980,28,12,-95.83446470521845,3,-62.525063432602536
9981,79,12,-187.92692573545764,12,-187.92692573545764
9982,8,12,-83.66859579030925,1,-13.466492256876304
9983,30,12,-97.79392861672859,3,-68.71466132418306
9984,90,12,-219.27143120512085,12,-219.27143120512085
9985,30,12,-97.79392861672859,3,-68.71466132418306
9986,48,12,-121.50183715622016,6,-112.7805402942011
9987,40,12,-109.61584921025063,6,-90.95329633472858
9988,0,12,-82.58666666666669,1,-6.8822222222222225
9989,16,12,-86.91362107098472,1,-33.19107800413937
9990,16,12,-86.91362107098472,1,-33.19107800413937
9991,85,12,-204.51951458063076,12,-204.51951458063076
9992,69,12,-162.96406455953235,12,-162.96406455953235
9993,14,12,-85.8996369884651,1,-27.0303393518663
9994,75,12,-177.53797429426584,12,-177.53797429426584
9995,7,12,-83.41503688796908,1,-11.923979800667436
9996,29,12,-96.79732089859871,3,-65.56666537455592
9997,39,12,-108.28184885147208,6,-88.50324560744662
9998,72,12,-170.09956846271837,12,-170.09956846271837
9999,48,12,-121.50183715622016,6,-112.7805402942011
results trunacted - 10000/1000000,results trunacted - 10000/1000000,results trunacted - 10000/1000000,results trunacted - 10000/1000000,results trunacted - 10000/1000000,results trunacted - 10000/1000000
